"age","female","metro","member","location","pilot","ID","last","cash","sat","fr1","fr2","ltmem","mamt1","mamt2","rind"
41,1,1,4,1,1,10001,51.3899993896484,0,5,1,1,1,203.885955810547,346.119995117188,0.148928374052048
52,1,1,4,1,1,10002,40.2599983215332,1,3,1,1,1,139.341918945312,259.209991455078,0.200628027319908
49,1,1,1,1,1,10003,44.8400001525879,1,1,2,2,0,216.370040893555,243.220001220703,0.0143819181248546
45,1,1,3,1,1,10005,108.603439331055,0,2,1,3,1,473.566162109375,464.290008544922,0.126455187797546
44,0,1,3,1,1,10007,47.8400001525879,0,2,2,1,1,199.293762207031,299.570007324219,0.0242912359535694
54,1,1,3,1,1,10008,51.9203872680664,1,2,2,2,1,412.312652587891,382.730010986328,0.0401590019464493
NA,1,1,2,1,1,10015,102.319999694824,0,1,3,3,0,401.007537841797,489.079986572266,0.0303501505404711
44,1,1,4,1,1,10019,41.9700012207031,0,3,1,1,1,158.81462097168,198.130004882812,0.157199114561081
46,1,1,2,1,1,10022,50.9599990844727,0,1,2,2,0,228.001190185547,282.470001220703,0.0181107763200998
43,0,1,3,1,1,10023,100.540000915527,0,3,1,1,1,396.892364501953,434.25,0.120989188551903
44,1,1,1,1,1,10024,84.4800033569336,0,1,3,3,0,420.693420410156,399.640014648438,0.0113522093743086
46,1,1,3,1,1,10025,61.1689186096191,0,1,1,1,1,632.642883300781,665.440002441406,0.12994684278965
47,1,1,3,1,1,10026,41.5900001525879,0,3,1,1,1,163.423141479492,193.100006103516,0.133864060044289
44,1,1,3,1,1,10027,49.4500007629395,0,1,3,3,1,218.141540527344,265.309997558594,0.0242007970809937
56,1,1,1,1,1,10028,85.87841796875,0,1,2,3,0,714.27294921875,627.039978027344,0.0233837105333805
39,1,1,2,1,1,10030,83.4000015258789,0,1,3,3,0,382.988800048828,385.980010986328,0.0147735681384802
44,0,1,3,1,1,10031,206.991516113281,0,1,3,3,1,737.959777832031,747.869995117188,0.0242912359535694
49,1,1,1,1,1,10032,139.616104125977,0,1,1,1,0,555.181701660156,571.119995117188,0.0851575210690498
42,1,1,4,1,1,10033,91.9899978637695,0,2,3,3,1,358.252380371094,474.720001220703,0.0324058644473553
38,0,1,3,1,1,10034,102.900001525879,0,5,3,3,1,420.295623779297,418.730010986328,0.0213183611631393
50,1,1,2,1,1,10035,50.7799987792969,1,1,2,2,0,227.225967407227,241.690002441406,0.0221572518348694
60,1,1,2,1,1,10037,82.8899993896484,1,1,3,3,0,290.885894775391,439.850006103516,0.0458831638097763
43,1,1,1,1,1,10039,84.2099990844727,0,1,3,3,0,408.255065917969,438.25,0.0109612951055169
44,1,1,2,1,1,10042,89.5357208251953,0,1,3,3,0,502.304351806641,492.179992675781,0.016747523099184
56,1,1,1,1,1,10043,NA,NA,NA,NA,NA,0,0,0,NA
47,1,1,4,1,1,10044,60.6100006103516,0,2,3,2,1,233.296676635742,293.75,0.0382344610989094
47,0,1,1,1,1,10046,90.2600021362305,0,1,3,3,0,411.829132080078,435.119995117188,0.0129808392375708
45,0,1,2,1,1,10047,53.5718536376953,0,1,2,3,0,495.601623535156,508.279998779297,0.0174502655863762
40,1,1,4,1,1,10048,63.3032569885254,0,3,1,2,1,810.539855957031,792.010009765625,0.147002473473549
48,1,1,1,1,1,10050,34.123233795166,1,1,1,2,0,735.382141113281,663.890014648438,0.0818314552307129
43,0,1,1,1,1,10051,100.26000213623,0,1,1,3,0,466.234680175781,522.890014648438,0.0701596885919571
52,1,1,4,1,1,10052,93.0899963378906,0,2,2,2,1,312.167724609375,374.940002441406,0.0489727929234505
32,1,1,1,1,1,10054,86.3000030517578,0,1,3,3,0,423.314575195312,419.609985351562,0.00994497258216143
47,1,1,2,1,1,10055,49.2099990844727,0,1,1,1,0,212.014907836914,259.100006103516,0.10372956097126
62,1,1,4,1,1,10056,43.1800003051758,1,5,2,3,1,121.084091186523,174.029998779297,0.097380556166172
44,0,1,1,1,1,10058,100.708206176758,0,1,2,3,0,1115.64074707031,1006.79998779297,0.0113995503634214
53,1,1,4,1,1,10059,41.0400009155273,1,5,1,1,1,145.354446411133,277.630004882812,0.208668306469917
51,1,1,2,1,1,10060,80.0100021362305,0,1,2,1,0,336.923492431641,531.650024414062,0.0235107559710741
56,1,1,1,1,1,10061,78,0,1,1,NA,0,63.4358329772949,0,0.120421066880226
57,1,1,4,1,1,10063,22.1000003814697,1,5,1,NA,1,13.3022480010986,0,0.247913494706154
53,1,1,1,1,1,10065,28.2700004577637,1,2,2,2,0,135.649658203125,178.229995727539,0.0186080075800419
40,1,1,2,1,1,10069,155.660232543945,0,2,2,3,0,584.382080078125,536.809997558594,0.0150246862322092
50,1,1,3,1,1,10071,30.8999996185303,0,1,1,NA,1,23.9017391204834,0,0.148401319980621
NA,NA,1,3,1,1,10072,105.121215820312,0,3,1,1,1,765.344482421875,637.080017089844,0.144536748528481
53,1,1,3,1,1,10074,42.9099998474121,1,1,1,1,1,158.800308227539,196,0.16769252717495
45,1,1,2,1,1,10075,97.2200012207031,0,1,3,3,0,437.459045410156,438.570007324219,0.0173819325864315
51,1,1,3,1,1,10076,77.4599990844727,0,3,1,2,1,289.899841308594,343.940002441406,0.15426367521286
45,1,1,2,1,1,10077,63.4799995422363,0,3,3,3,0,293.304016113281,244.660003662109,0.0173819325864315
52,1,1,2,1,1,10079,101.370002746582,0,1,2,2,0,408.832397460938,405.850006103516,0.0250304825603962
53,1,1,2,1,1,10080,NA,NA,NA,NA,NA,0,0,0,NA
46,1,1,1,1,1,10081,44.7999992370605,0,2,1,1,0,223.262878417969,281.470001220703,0.0761880278587341
48,1,1,3,1,1,10082,35.7400016784668,1,1,1,2,1,148.294143676758,243.830001831055,0.138228967785835
49,1,1,1,1,1,10083,52.1688385009766,0,1,3,3,0,955.110900878906,900.609985351562,0.0143819181248546
47,1,1,4,1,1,10084,63.7200012207031,0,3,1,2,1,232.855514526367,270.670013427734,0.169526964426041
49,1,1,4,1,1,10086,56.0499992370605,0,3,1,2,1,191.529174804688,287.489990234375,0.180260613560677
49,1,1,4,1,1,10087,73.9599990844727,0,4,2,2,1,266.007293701172,291.549987792969,0.0418251156806946
59,1,1,4,1,1,10088,40.0999984741211,1,4,1,1,1,120.306221008301,161.679992675781,0.272229731082916
50,1,1,1,1,1,10089,58.6199989318848,0,1,3,3,0,280.860778808594,296.799987792969,0.0152560928836465
56,1,1,3,1,1,10090,60.4199981689453,1,3,1,1,1,202.252838134766,234.740005493164,0.192604705691338
52,1,1,4,1,1,10092,NA,NA,NA,NA,NA,1,0,0,NA
NA,NA,1,3,1,1,10093,104.610000610352,0,3,2,3,1,396.634918212891,393.820007324219,0.0303501505404711
42,1,1,4,1,1,10096,53.0400009155273,0,3,1,1,1,206.637222290039,258.160003662109,0.151261359453201
54,1,1,3,1,1,10097,33,1,1,1,1,1,118.740615844727,165.119995117188,0.175325334072113
50,1,1,3,1,1,10098,47.5800018310547,1,1,3,3,1,189.892395019531,310.450012207031,0.0315255858004093
46,1,1,2,1,1,10099,42.5200004577637,0,1,1,1,0,196.043716430664,197.970001220703,0.100463390350342
60,1,1,1,1,1,10103,84.0699996948242,0,1,1,NA,0,133.364303588867,0,0.153175085783005
NA,NA,1,3,1,1,10104,95.2600021362305,0,1,3,3,1,364.637145996094,397.190002441406,0.0303501505404711
63,0,1,4,1,1,10106,36.560001373291,1,3,1,NA,1,89.9113464355469,0,0.331952631473541
57,1,1,2,1,1,10108,62.2700004577637,0,2,1,NA,0,65.7864532470703,0,0.162160560488701
42,1,1,1,1,1,10113,134.215103149414,0,1,2,2,0,1018.01831054688,972.440002441406,0.0106288930401206
44,1,1,2,1,1,10114,57.7900009155273,0,1,3,3,0,267.876617431641,286.559997558594,0.016747523099184
40,1,1,1,1,1,10119,70.5599975585938,0,1,2,2,0,358.205535888672,436.049987792969,0.0101242139935493
46,1,1,1,1,1,10120,74.8493499755859,0,1,2,3,0,897.574279785156,825.289978027344,0.0123294442892075
60,1,1,1,1,1,10121,87.0199966430664,0,1,2,3,0,335.116729736328,342.940002441406,0.0329997949302197
38,0,1,4,1,1,10122,31.0200004577637,0,1,1,1,1,118.496429443359,162.960006713867,0.144694700837135
42,1,1,2,1,1,10124,26.6200008392334,0,1,1,1,0,128.005294799805,266.720001220703,0.0908424407243729
57,1,1,1,1,1,10125,NA,NA,NA,NA,NA,0,0,0,NA
48,1,1,4,1,1,10126,35.0900001525879,1,3,3,2,1,138.232955932617,266.660003662109,0.0399253256618977
55,1,1,1,1,1,10127,39.8897743225098,1,1,3,3,0,488.49072265625,465.170013427734,0.0216021966189146
43,1,1,1,1,1,10128,65.6074447631836,0,1,3,3,0,864.213439941406,870.710021972656,0.0109612951055169
59,1,1,1,1,1,10133,141.171234130859,0,1,3,3,0,920.675842285156,815.080017089844,0.0301619172096252
49,0,1,1,1,1,10134,61.5299987792969,0,1,3,3,0,288.467987060547,272.670013427734,0.0144399981945753
48,1,1,1,1,1,10135,80.5299987792969,0,1,3,3,0,379.069000244141,432.809997558594,0.0136091280728579
51,1,1,4,1,1,10136,NA,NA,NA,NA,NA,1,0,0,NA
46,0,1,3,1,1,10137,109.209999084473,0,4,1,2,1,419.377410888672,399.329986572266,0.130282923579216
60,1,1,3,1,1,10138,NA,NA,NA,NA,NA,1,0,0,NA
43,1,1,2,1,1,10140,108.79655456543,0,1,1,1,0,520.894714355469,475.359985351562,0.0927653014659882
57,0,1,4,1,1,10141,50.8600006103516,1,3,1,1,1,144.851867675781,242.350006103516,0.248416051268578
51,0,1,4,1,1,10145,41.1100006103516,1,4,1,1,1,135.624176025391,273.950012207031,0.193668693304062
45,1,1,4,1,1,10146,68.3899993896484,0,3,2,3,1,267.389923095703,249.509994506836,0.0354161076247692
39,1,1,3,1,1,10148,107.910003662109,0,3,2,3,1,471.416748046875,462.989990234375,0.0214935410767794
47,0,1,1,1,1,10150,104.930000305176,0,1,3,3,0,488.821685791016,516.969970703125,0.0129808392375708
60,1,1,3,1,1,10152,44.689998626709,1,2,1,NA,1,26.7665710449219,0,0.236266508698463
36,1,1,3,1,1,10153,147.134063720703,0,1,2,3,1,828.818908691406,785.599975585938,0.0209834855049849
48,1,1,3,1,1,10154,42.5800018310547,1,3,1,1,1,165.266342163086,170.460006713867,0.138228967785835
45,1,1,3,1,1,10156,NA,NA,NA,NA,NA,1,0,0,NA
48,1,1,4,1,1,10157,41.4000015258789,1,2,1,1,1,153.434295654297,222.190002441406,0.174626991152763
43,1,1,2,1,1,10158,46.4900016784668,0,1,1,1,0,205.8916015625,242.869995117188,0.0927653014659882
50,1,1,4,1,1,10159,102.650001525879,0,3,1,1,1,345.958221435547,348.130004882812,0.186453565955162
52,0,1,3,1,1,10160,NA,NA,NA,NA,NA,1,0,0,NA
67,1,1,2,1,1,10161,70.5299987792969,0,1,1,NA,0,36.7874526977539,0,0.293208509683609
45,1,1,3,1,1,10163,28.1800003051758,1,1,1,1,1,117.190277099609,118.389999389648,0.126455187797546
47,1,1,1,1,1,10165,73.1600036621094,0,1,1,NA,0,67.2128448486328,0,0.0788489952683449
43,1,1,4,1,1,10166,35.6599998474121,0,3,2,NA,1,31.1852073669434,0,0.0332612656056881
48,0,1,2,1,1,10167,122.32373046875,0,2,3,3,0,616.761535644531,572.099975585938,0.0199630595743656
61,1,1,3,1,1,10168,60.6500015258789,0,2,1,NA,1,34.9839401245117,0,0.249296605587006
47,1,1,4,1,1,10172,40.2799987792969,1,5,3,3,1,165.316177368164,221.259994506836,0.0382344610989094
51,1,1,4,1,1,10174,48.060001373291,1,1,2,3,1,175.868225097656,156.289993286133,0.0463271252810955
42,1,1,2,1,1,10175,106.339996337891,0,1,2,2,0,477.738800048828,458.070007324219,0.0157341063022614
54,1,1,2,1,1,10176,NA,NA,NA,NA,NA,0,0,0,NA
47,1,1,1,1,1,10177,49.1985702514648,0,1,3,3,0,786.799438476562,756.289978027344,0.0129278525710106
52,1,1,1,1,1,10178,48.5364608764648,1,1,1,1,0,562.541564941406,529.130004882812,0.0974532663822174
42,0,1,1,1,1,10179,47.2400016784668,0,1,1,1,0,227.869384765625,274.350006103516,0.0686037242412567
50,1,1,1,1,1,10180,97.1456146240234,0,1,2,2,0,648.003540039062,559.640014648438,0.0152560928836465
48,1,1,4,1,1,10181,153.914581298828,0,1,3,3,1,449.124389648438,480.049987792969,0.0399253256618977
44,1,1,1,1,1,10182,24.3099994659424,1,2,2,2,0,138.725006103516,207.979995727539,0.0113522093743086
43,1,1,1,1,1,10183,81.5400009155273,0,1,1,2,0,406.371032714844,429.230010986328,0.0699463859200478
44,1,1,1,1,1,10184,NA,NA,NA,NA,NA,0,0,0,NA
51,1,1,4,1,1,10185,55.689998626709,0,2,1,1,1,196.845794677734,250.940002441406,0.193233087658882
52,1,1,1,1,1,10186,57.2556686401367,0,1,3,3,0,877.995666503906,830.030029296875,0.017355402931571
64,1,1,2,1,1,10189,NA,NA,NA,NA,NA,0,0,0,NA
35,0,1,2,1,1,10191,41.1199989318848,0,1,2,3,0,186.893524169922,246.339996337891,0.0144613608717918
35,0,1,2,1,1,10193,114.325317382812,0,1,1,1,0,510.642730712891,538.97998046875,0.0854961574077606
46,0,1,3,1,1,10194,38.7099990844727,0,1,2,NA,1,32.8857803344727,0,0.02615518681705
45,1,1,1,1,1,10195,145.5693359375,0,1,1,3,0,685.527954101562,598.830017089844,0.0738287270069122
42,1,1,3,1,1,10199,34.0800018310547,0,1,1,2,1,146.400512695312,207.25,0.11834279447794
48,1,1,4,1,1,10204,106.370002746582,0,1,1,2,1,372.347137451172,356.359985351562,0.174626991152763
45,1,1,2,1,1,10206,67.118034362793,0,1,1,1,0,730.544555664062,702.190002441406,0.0975597128272057
45,1,1,3,1,1,10208,97.4323883056641,0,3,2,2,1,803.114318847656,703.5,0.025066651403904
56,0,1,1,1,1,10209,91.6600036621094,0,1,3,3,0,371.185943603516,399.769989013672,0.02347157523036
57,1,1,4,1,1,10211,102.480003356934,0,3,3,3,1,310.293975830078,321.769989013672,0.0672504752874374
40,1,1,1,1,1,10214,87.7600021362305,0,1,2,2,0,443.400482177734,439.920013427734,0.0101242139935493
34,1,1,4,1,1,10215,22.0900001525879,0,3,1,1,1,92.003662109375,311.040008544922,0.143573269248009
51,0,1,2,1,1,10217,136.174789428711,0,2,2,2,0,795.356872558594,726.400024414062,0.0235990229994059
45,1,1,3,1,1,10218,46.5400009155273,0,2,2,2,1,203.2705078125,222.770004272461,0.025066651403904
58,0,1,2,1,1,10219,30.8899993896484,1,2,1,NA,0,22.0638790130615,0,0.171725422143936
55,1,1,3,1,1,10220,99.3899993896484,0,2,3,3,1,351.224609375,420.470001220703,0.0429729633033276
47,0,1,3,1,1,10221,63.5400009155273,0,2,1,2,1,248.471649169922,311.760009765625,0.134207084774971
44,1,1,4,1,1,10224,152.94841003418,0,5,1,1,1,1085.89111328125,1015.33001708984,0.157199114561081
49,1,1,3,1,1,10225,32.4099998474121,0,4,1,NA,1,25.3007774353027,0,0.143065959215164
52,0,1,4,1,1,10227,92.3899993896484,0,3,2,2,1,299.388244628906,397.410003662109,0.0491340383887291
46,0,1,1,1,1,10229,45.8400001525879,0,1,3,3,0,216.649536132812,281.790008544922,0.0123803000897169
50,1,1,2,1,1,10230,67.1100006103516,0,2,1,NA,0,56.186840057373,0,0.11592873185873
53,1,1,3,1,1,10231,49.6599998474121,1,2,2,2,1,195.73600769043,248.009994506836,0.0376330204308033
46,1,1,1,1,1,10234,95.5400009155273,0,1,2,3,0,464.787048339844,500.730010986328,0.0123294442892075
45,1,1,3,1,1,10235,41.8400001525879,0,2,2,3,1,180.235122680664,246.169998168945,0.025066651403904
41,1,1,4,1,1,10236,43.7200012207031,0,4,2,2,1,181.211532592773,281.480010986328,0.0316871404647827
51,1,1,3,1,1,10240,30.0599994659424,0,2,1,NA,1,23.2478351593018,0,0.15426367521286
49,1,1,3,1,1,10241,48.7400016784668,0,3,3,3,1,204.680999755859,204.529998779297,0.0299070440232754
55,0,1,1,1,1,10244,15.8000001907349,1,1,1,NA,0,13.4201412200928,0,0.114174045622349
43,1,1,1,1,1,10246,165.387420654297,0,1,1,2,0,813.234375,773.510009765625,0.0699463859200478
47,1,1,2,1,1,10248,50,0,1,2,2,0,224.405120849609,261.190002441406,0.0189423989504576
43,0,1,4,1,1,10249,54.9700012207031,0,3,1,1,1,199.440582275391,229.600006103516,0.15439061820507
39,1,1,1,1,1,10251,50.8800010681152,0,2,1,2,0,254.299331665039,252.149993896484,0.0651568323373795
47,0,1,3,1,1,10252,87.0100021362305,0,2,1,1,1,326.404907226562,367.649993896484,0.134207084774971
56,1,1,2,1,1,10254,88.1500015258789,0,1,1,1,0,322.516937255859,368.760009765625,0.153719335794449
45,1,1,4,1,1,10255,42.5299987792969,0,5,2,2,1,169.798004150391,213.119995117188,0.0354161076247692
NA,1,1,1,1,1,10259,121.313720703125,0,1,2,2,0,957.75830078125,869.150024414062,0.0303501505404711
53,0,1,1,1,1,10260,119.207290649414,0,2,2,2,0,1111.68151855469,981.590026855469,0.0186804290860891
51,1,1,4,1,1,10261,104.599998474121,0,5,1,2,1,350.421600341797,363.149993896484,0.193233087658882
55,1,1,1,1,1,10262,67.0999984741211,0,1,1,NA,0,82.0825958251953,0,0.113867744803429
55,1,1,2,1,1,10263,112.375045776367,0,1,2,3,0,605.046813964844,537.140014648438,0.03077975474298
51,1,1,2,1,1,10265,91.1707916259766,0,1,2,1,0,498.447021484375,492.989990234375,0.0235107559710741
50,1,1,1,1,1,10266,45.7000007629395,1,1,3,3,0,223.490432739258,295.170013427734,0.0152560928836465
47,1,1,2,1,1,10267,953.739990234375,0,3,3,3,0,407.714935302734,463.079986572266,0.0189423989504576
52,0,1,2,1,1,10268,106.628494262695,0,1,1,2,0,558.374938964844,584.179992675781,0.126656502485275
48,0,1,3,1,1,10270,60.8899993896484,0,2,1,1,1,236.25129699707,343.059997558594,0.138579607009888
50,1,1,1,1,1,10271,66.7300033569336,0,2,2,3,0,309.714202880859,338.739990234375,0.0152560928836465
38,1,1,2,1,1,10274,41.7799987792969,0,1,1,1,0,198.523986816406,269.070007324219,0.0860328748822212
48,1,1,3,1,1,10275,79.0713424682617,0,2,1,2,1,1257.39526367188,1139.43005371094,0.138228967785835
43,1,1,3,1,1,10276,146.539642333984,0,4,2,3,1,548.288391113281,518.390014648438,0.0234523471444845
45,0,1,3,1,1,10278,422.079986572266,0,3,2,1,1,165.698654174805,224.789993286133,0.0251597817987204
46,1,1,3,1,1,10279,55.3400001525879,0,1,1,1,1,219.401824951172,293.779998779297,0.12994684278965
51,1,1,3,1,1,10280,95.4705047607422,0,1,1,1,1,452.530670166016,493.929992675781,0.15426367521286
54,1,1,2,1,1,10281,57.9000015258789,1,1,3,3,0,232.208465576172,286.75,0.0286433231085539
49,1,1,2,1,1,10283,83.75,0,1,2,2,0,356.973937988281,385.640014648438,0.020953880622983
52,1,1,3,1,1,10285,400.529998779297,0,2,2,1,1,153.879791259766,238.309997558594,0.0353679284453392
37,1,1,2,1,1,10287,80.6999969482422,0,1,1,2,0,367.267272949219,437.790008544922,0.0855100005865097
55,1,1,3,1,1,10288,100.089996337891,0,1,2,3,1,352.550476074219,377.329986572266,0.0429729633033276
45,1,1,4,1,1,10290,100.558059692383,0,3,1,1,1,1266.67993164062,1065.63000488281,0.160834074020386
48,1,1,4,1,1,10291,NA,NA,NA,NA,NA,1,0,0,NA
51,1,1,1,1,1,10293,111.564720153809,0,1,1,1,0,951.120910644531,829.849975585938,0.0929403752088547
46,1,1,1,1,1,10294,30.7999992370605,1,1,3,3,0,161.526290893555,184.729995727539,0.0123294442892075
44,1,1,3,1,1,10295,8.47999954223633,1,5,2,3,1,51.9896278381348,89.9199981689453,0.0242007970809937
42,1,1,3,1,1,10297,59,0,1,3,3,1,261.951446533203,249.75,0.0228134952485561
47,1,1,1,1,1,10298,670.400024414062,0,1,1,1,0,303.934600830078,307.399993896484,0.0788489952683449
57,1,1,4,1,1,10299,78.1699981689453,0,4,2,2,1,249.411315917969,256.940002441406,0.0672504752874374
56,1,1,4,1,1,10301,119.687126159668,0,3,2,3,1,685.625732421875,622.989990234375,0.0628129839897156
51,1,1,3,1,1,10303,124.382247924805,0,1,2,2,1,723.714599609375,742.700012207031,0.033339399844408
46,1,1,4,1,1,10304,79.5699996948242,0,4,1,NA,1,58.0630264282227,0,0.164936676621437
46,1,1,4,1,1,10305,48.0099983215332,0,3,3,3,1,186.351913452148,239.389999389648,0.0367362052202225
43,1,1,1,1,1,10306,98.1242828369141,0,4,1,2,0,950.487548828125,793.650024414062,0.0699463859200478
52,1,1,3,1,1,10309,91.0999984741211,0,1,3,3,1,339.994415283203,357.799987792969,0.0353679284453392
50,0,1,2,1,1,10310,34.3199996948242,0,1,1,NA,0,26.684778213501,0,0.116238966584206
NA,NA,1,2,1,1,10314,42.1500015258789,0,1,1,1,0,160.951461791992,284.5,0.144536748528481
48,0,1,1,1,1,10315,97.9100036621094,0,1,3,3,0,454.091857910156,564.099975585938,0.0136645175516605
35,1,1,2,1,1,10316,45.8300018310547,0,1,2,2,0,221.529327392578,304.510009765625,0.0144031969830394
53,1,1,2,1,1,10317,38.4700012207031,1,4,1,2,0,170.988967895508,235.080001831055,0.132297292351723
55,1,1,3,1,1,10318,101.559997558594,0,3,2,2,1,371.075012207031,383.799987792969,0.0429729633033276
53,0,1,4,1,1,10319,53.6100006103516,1,2,1,1,1,167.626434326172,191.259994506836,0.209124460816383
46,1,1,2,1,1,10320,93.8332824707031,0,1,3,2,0,506.061096191406,456.149993896484,0.0181107763200998
52,1,1,1,1,1,10323,83.9100036621094,0,1,1,1,0,363.132995605469,407.850006103516,0.0974532663822174
NA,NA,1,3,1,1,10324,34.8400001525879,0,2,1,1,1,143.667388916016,200.539993286133,0.144536748528481
47,0,1,4,1,1,10327,89.129997253418,0,3,2,2,1,319.083435058594,336.700012207031,0.038366511464119
55,0,1,2,1,1,10330,NA,NA,NA,NA,NA,0,0,0,NA
49,1,1,4,1,1,10332,92.5500030517578,0,5,1,NA,1,109.158630371094,0,0.180260613560677
40,1,1,4,1,1,10333,41.9500007629395,0,1,2,2,1,177.819641113281,172.970001220703,0.0310982502996922
37,1,1,2,1,1,10334,45.7900009155273,0,2,3,3,0,224.306457519531,348.850006103516,0.0144646111875772
46,1,1,1,1,1,10335,91.3099975585938,0,1,1,1,0,433.411773681641,383.649993896484,0.0761880278587341
44,1,1,2,1,1,10336,44.8400001525879,0,3,1,1,0,199.284957885742,205.880004882812,0.0949993953108788
NA,0,1,3,1,1,10337,27.6700000762939,0,1,2,2,1,114.567909240723,273.670013427734,0.0303501505404711
57,1,1,4,1,1,10339,21.2299995422363,1,3,2,2,1,82.536376953125,248.149993896484,0.0672504752874374
46,0,1,3,1,1,10342,47.0999984741211,0,2,1,1,1,181.620513916016,239.210006713867,0.130282923579216
46,1,1,2,1,1,10344,96.4800033569336,0,2,1,1,0,416.327117919922,431.779998779297,0.100463390350342
47,1,1,3,1,1,10345,173.374664306641,0,2,2,3,1,817.986999511719,754.880004882812,0.0271882247179747
58,1,1,3,1,1,10348,NA,NA,NA,NA,NA,1,0,0,NA
49,1,1,4,1,1,10349,36.8499984741211,1,2,2,1,1,145.893814086914,246.130004882812,0.0418251156806946
NA,0,1,1,1,1,10350,NA,NA,NA,NA,NA,0,0,0,NA
57,1,1,4,1,1,10352,NA,NA,NA,NA,NA,1,0,0,NA
48,1,1,4,1,1,10353,93.3619232177734,0,3,2,2,1,616.951049804688,568.090026855469,0.0399253256618977
53,1,1,2,1,1,10354,64.0100021362305,0,1,1,1,0,253.96696472168,337.739990234375,0.132297292351723
46,1,1,4,1,1,10355,35.310001373291,1,2,1,1,1,130.130630493164,182.520004272461,0.164936676621437
46,1,1,3,1,1,10356,66.5030288696289,0,1,3,3,1,773.087890625,767.960021972656,0.026058966293931
44,1,1,4,1,1,10357,82.137077331543,0,1,2,2,1,735.435729980469,699.469970703125,0.0342614911496639
49,1,1,3,1,1,10358,110.144508361816,0,4,1,2,1,571.95703125,545.340026855469,0.143065959215164
37,1,1,4,1,1,10359,43.5200004577637,0,5,2,3,1,175.233856201172,268.670013427734,0.0300606470555067
47,0,1,3,1,1,10360,40.5699996948242,0,5,2,2,1,160.850982666016,235.820007324219,0.0272879134863615
45,1,1,3,1,1,10361,80.3000030517578,0,1,3,2,1,334.041778564453,328.059997558594,0.025066651403904
52,1,1,2,1,1,10362,113.960891723633,0,1,3,3,0,518.320983886719,490.450012207031,0.0250304825603962
57,1,1,2,1,1,10366,NA,NA,NA,NA,NA,0,0,0,NA
45,1,1,1,1,1,10368,164.265319824219,0,4,1,2,0,559.557861328125,544.299987792969,0.0738287270069122
55,1,1,4,1,1,10369,48.5019454956055,1,3,3,3,1,618.68017578125,597.840026855469,0.0588021613657475
49,0,1,4,1,1,10370,47.3400001525879,0,3,1,1,1,155.264541625977,250.130004882812,0.180677890777588
56,1,1,4,1,1,10372,88.7328948974609,0,4,1,1,1,388.158355712891,397.420013427734,0.236975729465485
49,1,1,3,1,1,10373,NA,NA,NA,NA,NA,1,0,0,NA
46,1,1,1,1,1,10379,55.9643135070801,0,1,2,3,0,680.387023925781,602.429992675781,0.0123294442892075
45,1,1,2,1,1,10380,90.1100006103516,0,3,1,2,0,408.307830810547,359.200012207031,0.0975597128272057
48,1,1,1,1,1,10381,173.629516601562,0,1,1,2,0,538.095397949219,450.529998779297,0.0818314552307129
55,1,1,3,1,1,10383,56.2700004577637,1,1,1,2,1,194.812423706055,190.570007324219,0.183617144823074
43,1,1,1,1,1,10384,70.3199996948242,0,1,3,2,0,348.010559082031,435.059997558594,0.0109612951055169
57,1,1,4,1,1,10385,57.3800010681152,1,4,3,3,1,181.455505371094,207.279998779297,0.0672504752874374
48,1,1,1,1,1,10386,40.7099990844727,1,1,1,1,0,186.314331054688,181.690002441406,0.0818314552307129
37,1,1,2,1,1,10387,44.5099983215332,0,1,1,2,0,211.206420898438,274.149993896484,0.0855100005865097
42,1,1,3,1,1,10388,806.010009765625,0,2,3,3,1,332.530853271484,403.5,0.0228134952485561
58,1,1,1,1,1,10389,42.5200004577637,1,1,1,1,0,168.421600341797,278.989990234375,0.135398343205452
46,1,1,4,1,1,10391,137.245346069336,0,3,1,1,1,540.643615722656,561.22998046875,0.164936676621437
45,0,1,3,1,1,10394,63.7599983215332,0,2,2,3,1,254.685958862305,278.179992675781,0.0251597817987204
41,1,1,1,1,1,10395,55.9000625610352,0,1,3,3,0,589.764404296875,580.25,0.0103509724140167
51,1,1,4,1,1,10398,31.1700000762939,1,3,2,2,1,124.362998962402,146.910003662109,0.0463271252810955
56,1,1,1,1,1,10399,97.4199981689453,0,4,1,3,0,396.72998046875,432.619995117188,0.120421066880226
49,1,1,2,1,1,10401,105.949996948242,0,1,3,2,0,447.609588623047,445.950012207031,0.020953880622983
49,1,1,3,1,1,10402,106.967407226562,0,3,1,1,1,668.984252929688,593.309997558594,0.143065959215164
50,0,1,4,1,1,10404,92.0400009155273,0,1,1,3,1,306.255645751953,322.739990234375,0.186879724264145
41,1,1,1,1,1,10406,91.1800003051758,0,1,3,3,0,451.42236328125,445.619995117188,0.0103509724140167
46,0,1,2,1,1,10407,286.12109375,0,1,1,1,0,965.984985351562,893.580017089844,0.10074320435524
45,0,1,1,1,1,10409,68.8000030517578,0,1,2,3,0,338.218658447266,391.170013427734,0.0118553740903735
46,0,1,4,1,1,10413,43.5699996948242,0,3,1,1,1,150.450759887695,218.320007324219,0.165330946445465
40,0,1,2,1,1,10415,99.0759353637695,0,1,1,1,0,737.11962890625,617.47998046875,0.0881340354681015
44,0,1,2,1,1,10416,40.4799995422363,0,1,3,3,0,183.500015258789,219.460006713867,0.0168137196451426
47,1,1,4,1,1,10417,47.8699989318848,0,3,1,3,1,176.185287475586,258.480010986328,0.169526964426041
50,1,1,1,1,1,10418,75.5500030517578,0,1,1,2,0,337.391937255859,424.320007324219,0.0888515189290047
43,0,1,1,1,1,10419,98.9300003051758,0,1,2,3,0,468.6435546875,482.890014648438,0.0110072176903486
46,1,1,4,1,1,10420,57.8400001525879,0,5,3,3,1,225.462219238281,310.609985351562,0.0367362052202225
45,1,1,1,1,1,10421,42.1699981689453,0,1,1,1,0,201.588836669922,277.140014648438,0.0738287270069122
53,1,1,1,1,1,10422,60.5,0,1,2,1,0,273.549102783203,256.989990234375,0.0186080075800419
53,1,1,3,1,1,10423,86.4300003051758,0,1,2,3,1,323.504058837891,372.309997558594,0.0376330204308033
43,1,1,2,1,1,10425,448.130004882812,0,1,2,3,0,203.51594543457,253.139999389648,0.0162003077566624
57,0,1,1,1,1,10426,53.1300010681152,1,1,2,2,0,215.756195068359,337.660003662109,0.0254798699170351
50,1,1,3,1,1,10427,45.8699989318848,1,1,3,3,1,184.868057250977,292.040008544922,0.0315255858004093
54,1,1,2,1,1,10428,37.3699989318848,0,2,1,NA,0,30.3367576599121,0,0.138827696442604
48,0,1,2,1,1,10429,171.553466796875,0,3,3,3,0,871.738159179688,787.22998046875,0.0199630595743656
58,1,1,1,1,1,10430,52.1800003051758,1,1,3,3,0,214.759094238281,289.179992675781,0.027635121718049
NA,1,1,4,1,1,10433,99.4100036621094,0,1,2,2,1,389.096984863281,370.570007324219,0.0303501505404711
63,1,1,3,1,1,10434,43.7900009155273,1,1,1,NA,1,24.17502784729,0,0.278135746717453
44,1,1,4,1,1,10435,81.5699996948242,0,3,2,3,1,309.738983154297,335.549987792969,0.0342614911496639
52,0,1,1,1,1,10437,45.3499984741211,1,1,2,2,0,196.075439453125,226.699996948242,0.0174236465245485
47,1,1,1,1,1,10438,82.1900024414062,0,1,3,3,0,389.254455566406,398.579986572266,0.0129278525710106
45,1,1,2,1,1,10440,54.5099983215332,0,1,1,1,0,246.213790893555,252.880004882812,0.0975597128272057
48,1,1,3,1,1,10441,667.609985351562,0,1,1,1,1,252.538070678711,332.399993896484,0.138228967785835
38,1,1,4,1,1,10442,55.5099983215332,0,4,1,2,1,213.493057250977,265.359985351562,0.144333705306053
53,0,1,3,1,1,10443,89.7900009155273,0,1,3,3,1,328.313293457031,333.070007324219,0.037763386964798
55,1,1,2,1,1,10446,90.6408615112305,0,3,1,1,0,544.943298339844,531.820007324219,0.145955368876457
49,1,1,3,1,1,10449,41.1100006103516,0,3,1,NA,1,31.3209037780762,0,0.143065959215164
49,0,1,4,1,1,10451,44.4700012207031,1,3,1,2,1,144.547424316406,187.259994506836,0.180677890777588
51,0,1,1,1,1,10452,76.129997253418,0,4,1,1,0,333.464691162109,344.160003662109,0.0932046547532082
56,1,1,2,1,1,10453,41.5299987792969,1,1,3,3,0,168.173202514648,263.859985351562,0.0331694222986698
46,1,1,4,1,1,10455,41.1399993896484,0,2,1,1,1,158.945068359375,198.970001220703,0.164936676621437
37,0,1,3,1,1,10456,64.2699966430664,0,2,2,2,1,273.960205078125,276.010009765625,0.0211483743041754
36,0,1,4,1,1,10461,56.189998626709,0,3,2,3,1,220.31965637207,360.290008544922,0.0300549510866404
42,0,1,1,1,1,10463,84.879997253418,0,1,2,2,0,418.002960205078,373.929992675781,0.010673594661057
54,1,1,3,1,1,10465,42.6100006103516,0,2,2,NA,1,32.2363128662109,0,0.0401590019464493
52,1,1,3,1,1,10466,48.5542984008789,1,2,2,2,1,739.390991210938,676.190002441406,0.0353679284453392
45,1,1,1,1,1,10467,101.879997253418,0,1,2,2,0,482.722229003906,484.260009765625,0.0118063986301422
51,0,1,4,1,1,10470,NA,NA,NA,NA,NA,1,0,0,NA
43,1,1,1,1,1,10472,26.4899997711182,1,1,1,1,0,127.580528259277,146.330001831055,0.0699463859200478
57,1,1,4,1,1,10473,15.9099998474121,1,5,1,NA,1,60.2934875488281,0,0.247913494706154
44,0,1,1,1,1,10474,79.1100006103516,0,1,1,NA,0,128.108123779297,0,0.0719708874821663
49,1,1,3,1,1,10475,101.910003662109,0,1,3,3,1,396.048461914062,353.209991455078,0.0299070440232754
51,1,1,3,1,1,10476,25.7800006866455,1,1,1,1,1,109.680976867676,148.029998779297,0.15426367521286
46,1,1,4,1,1,10477,102.269996643066,0,5,1,1,1,370.921905517578,365.600006103516,0.164936676621437
47,0,1,2,1,1,10479,56.560001373291,0,1,3,2,0,245.821380615234,282.190002441406,0.0190159231424332
46,1,1,2,1,1,10480,NA,NA,NA,NA,NA,0,0,0,NA
49,1,1,3,1,1,10482,79.4599990844727,0,1,1,NA,1,67.3365173339844,0,0.143065959215164
54,1,1,3,1,1,10484,NA,NA,NA,NA,NA,1,0,0,NA
45,1,1,2,1,1,10485,43.5,0,1,1,NA,0,118.99787902832,0,0.0975597128272057
51,1,1,2,1,1,10486,51.310001373291,1,1,3,3,0,221.205688476562,211.380004882812,0.0235107559710741
50,1,1,1,1,1,10487,22.0300006866455,0,2,1,NA,0,19.8864326477051,0,0.0888515189290047
45,1,1,1,1,1,10489,82.5800018310547,0,1,3,3,0,390.743927001953,409.549987792969,0.0118063986301422
52,1,1,3,1,1,10490,126.938690185547,0,1,1,2,1,444.601165771484,466.570007324219,0.160683274269104
54,1,1,2,1,1,10491,84.3448638916016,0,1,3,3,0,787.444885253906,753.039978027344,0.0286433231085539
40,0,1,2,1,1,10493,55.189998626709,0,1,1,1,0,237.04931640625,265.010009765625,0.0881340354681015
54,1,1,2,1,1,10494,68.2302856445312,0,1,1,1,0,508.766174316406,448.480010986328,0.138827696442604
52,1,1,2,1,1,10496,83.9707641601562,0,1,2,3,0,906.14892578125,782.929992675781,0.0250304825603962
NA,1,1,1,1,1,10497,101.993133544922,0,1,2,3,0,483.270935058594,475.510009765625,0.0303501505404711
45,0,1,3,1,1,10499,53.4099998474121,0,2,2,2,1,216.148010253906,232.679992675781,0.0251597817987204
38,1,1,2,1,1,10500,38.9735298156738,0,1,2,2,0,1366.35620117188,1164.90002441406,0.0145875625312328
47,1,1,1,1,1,10501,61.5716133117676,0,1,2,2,0,672.931579589844,590.460021972656,0.0129278525710106
47,1,1,1,1,1,10502,62.6599998474121,0,1,3,3,0,301.256286621094,417.779998779297,0.0129278525710106
44,1,1,3,1,1,10503,14.5100002288818,1,2,2,2,1,77.5626831054688,204.460006713867,0.0242007970809937
40,1,1,4,1,1,10504,103.980003356934,0,4,1,1,1,398.314208984375,422.190002441406,0.147002473473549
46,0,1,1,1,1,10508,NA,NA,NA,NA,NA,0,0,0,NA
50,0,1,4,1,1,10510,83.7799987792969,0,1,1,1,1,281.388427734375,298.950012207031,0.186879724264145
43,1,1,2,1,1,10511,76.4460525512695,0,2,1,2,0,699.268432617188,662.619995117188,0.0927653014659882
51,1,1,2,1,1,10513,61.4500007629395,0,3,1,1,0,251.92561340332,265.049987792969,0.120881728827953
57,1,1,2,1,1,10514,95.8899993896484,0,3,1,1,0,350.951873779297,339.350006103516,0.162160560488701
42,0,1,4,1,1,10515,72.9899978637695,0,3,1,2,1,261.138061523438,333.309997558594,0.15163391828537
52,1,1,3,1,1,10516,90.5404586791992,0,1,1,3,1,1024.61352539062,868.109985351562,0.160683274269104
52,1,1,3,1,1,10517,103.51000213623,0,2,2,3,1,395.570861816406,420.75,0.0353679284453392
52,1,1,1,1,1,10518,31.1700000762939,0,1,1,NA,0,29.7130317687988,0,0.0974532663822174
51,1,1,2,1,1,10520,78.620002746582,0,1,1,NA,0,154.103408813477,0,0.120881728827953
42,1,1,1,1,1,10521,62.560001373291,0,1,3,3,0,325.813629150391,320.079986572266,0.0106288930401206
48,1,1,3,1,1,10523,154.157196044922,0,3,1,1,1,779.989135742188,769.169982910156,0.138228967785835
44,0,1,4,1,1,10525,99.7300033569336,0,2,1,1,1,354.08984375,400.170013427734,0.157581269741058
45,1,1,2,1,1,10526,71.70751953125,0,1,1,2,0,1429.92590332031,1205.05004882812,0.0975597128272057
49,1,1,1,1,1,10527,72.6500015258789,0,3,2,3,0,343.242767333984,373.649993896484,0.0143819181248546
48,0,1,4,1,1,10528,60.6100006103516,0,4,1,3,1,211.283813476562,240.690002441406,0.175035938620567
40,1,1,1,1,1,10529,81.9700012207031,0,3,1,1,0,396.109130859375,404.660003662109,0.0660083815455437
53,1,1,1,1,1,10530,68.4300003051758,0,1,3,3,0,300.734954833984,340.190002441406,0.0186080075800419
53,1,1,3,1,1,10531,31.9599990844727,0,1,1,NA,1,23.5754470825195,0,0.16769252717495
45,1,1,1,1,1,10533,82.6900024414062,0,1,1,2,0,387.277252197266,367.450012207031,0.0738287270069122
46,1,1,1,1,1,10536,NA,NA,NA,NA,NA,0,0,0,NA
55,1,1,4,1,1,10537,33.7900009155273,1,2,1,NA,1,21.5290260314941,0,0.22681026160717
44,1,1,1,1,1,10538,84.5944213867188,0,2,3,3,0,1676.56518554688,1493.06005859375,0.0113522093743086
57,0,1,4,1,1,10542,NA,NA,NA,NA,NA,1,0,0,NA
49,1,1,3,1,1,10543,433.429992675781,0,3,3,3,1,172.627822875977,245.830001831055,0.0299070440232754
NA,1,1,2,1,1,10544,107.330001831055,0,1,3,3,0,418.344543457031,380.929992675781,0.0303501505404711
47,1,1,3,1,1,10545,NA,NA,NA,NA,NA,1,0,0,NA
50,1,1,1,1,1,10546,49.5499992370605,0,1,3,3,0,246.361297607422,357.519989013672,0.0152560928836465
53,1,1,4,1,1,10548,58.6300010681152,1,2,3,3,1,202.762359619141,226.580001831055,0.0519145950675011
41,0,1,3,1,1,10549,40.8300018310547,0,1,3,2,1,171.580413818359,173.679992675781,0.0223619379103184
47,1,1,4,1,1,10551,105.120002746582,0,4,1,2,1,373.071472167969,397.220001220703,0.169526964426041
60,1,1,2,1,1,10552,NA,NA,NA,NA,NA,0,0,0,NA
37,1,1,3,1,1,10557,42.7062225341797,0,3,3,3,1,704.293518066406,697.780029296875,0.0210679080337286
58,1,1,3,1,1,10562,48.1399993896484,0,5,2,NA,1,33.1270637512207,0,0.0534593127667904
36,0,1,2,1,1,10563,90.5869216918945,0,1,3,2,0,902.240966796875,779.669982910156,0.0144615415483713
49,1,1,2,1,1,10564,108.059997558594,0,2,1,2,0,460.823272705078,506.970001220703,0.111437477171421
NA,NA,1,2,1,1,10566,81.4464492797852,0,1,3,3,0,790.054260253906,708.789978027344,0.0303501505404711
46,1,1,1,1,1,10567,105.330001831055,0,1,2,3,0,508.344146728516,568.77001953125,0.0123294442892075
55,1,1,3,1,1,10568,53.2599983215332,1,1,1,1,1,182.173416137695,360.760009765625,0.183617144823074
59,0,1,2,1,1,10569,NA,NA,NA,NA,NA,0,0,0,NA
53,1,1,4,1,1,10571,52.25,1,5,1,2,1,172.716857910156,310.200012207031,0.208668306469917
57,1,1,4,1,1,10572,42.9099998474121,0,1,1,NA,1,24.8904247283936,0,0.247913494706154
55,1,1,2,1,1,10574,106.529998779297,0,4,2,2,0,407.340667724609,411.579986572266,0.03077975474298
49,1,1,4,1,1,10575,55.5800018310547,0,3,3,3,1,206.013107299805,229.899993896484,0.0418251156806946
49,1,1,1,1,1,10576,95.6399993896484,0,2,1,1,0,437.153228759766,417.600006103516,0.0851575210690498
47,1,1,2,1,1,10578,97.879997253418,0,1,1,2,0,425.540069580078,428.160003662109,0.10372956097126
NA,1,1,3,1,1,10582,44.5699996948242,1,2,1,2,1,174.787200927734,291.589996337891,0.144536748528481
43,1,1,1,1,1,10584,81.9700012207031,0,1,1,1,0,397.470062255859,476.920013427734,0.0699463859200478
50,0,1,1,1,1,10585,35.0299987792969,1,1,2,2,0,161.30729675293,162.919998168945,0.0153172053396702
53,0,1,2,1,1,10587,37.6599998474121,1,1,1,1,0,144.823654174805,272.769989013672,0.132637545466423
43,1,1,1,1,1,10588,95.5,0,1,2,3,0,478.491546630859,447.390014648438,0.0109612951055169
49,1,1,4,1,1,10594,60.5900001525879,0,4,2,2,1,222.390014648438,226,0.0418251156806946
48,1,1,3,1,1,10597,41.7700004577637,1,2,1,1,1,164.706695556641,230.639999389648,0.138228967785835
52,1,1,2,1,1,10599,NA,NA,NA,NA,NA,0,0,0,NA
49,0,1,1,1,1,10601,57.0900001525879,0,1,3,2,0,269.003967285156,277.019989013672,0.0144399981945753
54,1,1,4,1,1,10602,47.7999992370605,1,4,2,3,1,159.709075927734,255.669998168945,0.0551807284355164
42,1,1,1,1,1,10605,104.080001831055,0,1,2,2,0,516.538269042969,564.890014648438,0.0106288930401206
37,0,1,2,1,1,10607,69.5199966430664,0,2,1,NA,0,61.2453804016113,0,0.0857584252953529
59,1,1,2,1,1,10608,NA,NA,NA,NA,NA,0,0,0,NA
50,1,1,1,1,1,10611,96.9651412963867,0,1,2,2,0,535.992370605469,549.260009765625,0.0152560928836465
49,1,1,4,1,1,10612,108.050003051758,0,5,1,1,1,370.010681152344,359.399993896484,0.180260613560677
49,0,1,2,1,1,10613,48.9000015258789,0,1,1,2,0,205.538467407227,301.769989013672,0.111739084124565
53,0,1,1,1,1,10616,NA,NA,NA,NA,NA,0,0,0,NA
51,0,1,2,1,1,10620,103.080001831055,0,1,1,1,0,407.980102539062,442.679992675781,0.121201261878014
49,0,1,4,1,1,10622,42.3199996948242,1,4,1,1,1,136.444732666016,177.949996948242,0.180677890777588
53,1,1,2,1,1,10623,211.538223266602,0,2,1,1,0,515.767822265625,556.030029296875,0.132297292351723
44,1,1,2,1,1,10624,37.3800010681152,0,1,3,3,0,172.529220581055,225.770004272461,0.016747523099184
44,1,1,1,1,1,10625,65.4453125,0,3,1,1,0,532.029846191406,709.539978027344,0.0717533752322197
46,1,1,2,1,1,10626,20.8199996948242,1,1,3,3,0,114.358047485352,147.410003662109,0.0181107763200998
55,1,1,4,1,1,10627,69.1500015258789,0,3,1,1,1,221.819641113281,255.809997558594,0.22681026160717
39,1,1,1,1,1,10629,135.828521728516,0,1,2,2,0,1692.92126464844,1486.08996582031,0.00994591135531664
41,1,1,4,1,1,10631,104.809997558594,0,5,3,3,1,404.215057373047,454.709991455078,0.0316871404647827
47,0,1,3,1,1,10633,45.75,0,3,1,1,1,172.061981201172,195.940002441406,0.134207084774971
59,0,1,2,1,1,10634,106.540000915527,0,1,1,1,0,354.918548583984,326.760009765625,0.181663930416107
50,1,1,3,1,1,10635,NA,NA,NA,NA,NA,1,0,0,NA
43,1,1,3,1,1,10636,81.9199981689453,0,2,2,3,1,349.607940673828,321.739990234375,0.0234523471444845
52,1,1,4,1,1,10637,61.6100006103516,0,4,2,2,1,215.429138183594,235.729995727539,0.0489727929234505
34,1,1,2,1,1,10641,64.6135559082031,0,1,1,3,0,809.862060546875,722.299987792969,0.0855076313018799
46,1,1,3,1,1,10642,63.1699981689453,0,1,2,3,1,266.451568603516,381.179992675781,0.026058966293931
45,1,1,1,1,1,10643,73.7888793945312,0,1,1,1,0,617.767578125,660.169982910156,0.0738287270069122
38,1,1,1,1,1,10644,108.819999694824,0,1,2,3,0,535.404174804688,548.900024414062,0.00981395877897739
50,1,1,4,1,1,10646,56.6199989318848,0,1,1,2,1,197.452331542969,207.559997558594,0.186453565955162
47,1,1,4,1,1,10647,103.25,0,4,1,1,1,366.352600097656,354.179992675781,0.169526964426041
45,1,1,2,1,1,10648,62.2099990844727,0,1,3,3,0,296.685791015625,336.950012207031,0.0173819325864315
38,1,1,3,1,1,10650,70.5599975585938,0,4,3,2,1,302.277954101562,293.820007324219,0.021237351000309
53,1,1,1,1,1,10651,58.6699981689453,1,1,1,1,0,255.991485595703,342.679992675781,0.10242211073637
53,1,1,3,1,1,10652,64.5100021362305,0,3,1,NA,1,46.1754837036133,0,0.16769252717495
48,1,1,1,1,1,10654,32.7934036254883,1,1,1,1,0,936.585815429688,829.900024414062,0.0818314552307129
54,1,1,3,1,1,10657,44.6199989318848,1,1,1,2,1,164.383087158203,191.860000610352,0.175325334072113
51,0,1,1,1,1,10658,95.5100021362305,0,2,3,3,0,418.602203369141,456.170013427734,0.0163074526935816
55,0,1,3,1,1,10660,40.9099998474121,1,3,2,2,1,145.81413269043,281.140014648438,0.0431181564927101
51,1,1,4,1,1,10661,52.0499992370605,1,3,1,1,1,180.728897094727,222.770004272461,0.193233087658882
47,1,1,1,1,1,10663,131.582824707031,0,1,1,1,0,1167.95104980469,1039.93994140625,0.0788489952683449
57,1,1,1,1,1,10667,102.050003051758,0,1,2,2,0,410.66259765625,437.369995117188,0.025385744869709
46,1,1,4,1,1,10669,138.847351074219,0,5,1,1,1,764.669006347656,802.580017089844,0.164936676621437
60,1,1,3,1,1,10670,145.558059692383,0,1,2,3,1,573.444885253906,573.130004882812,0.0625296235084534
57,0,1,2,1,1,10671,43.5699996948242,1,2,1,1,0,148.700241088867,181.399993896484,0.162550553679466
42,1,1,4,1,1,10672,48.4300003051758,0,3,3,3,1,198.11735534668,208.289993286133,0.0324058644473553
56,1,1,2,1,1,10676,NA,NA,NA,NA,NA,0,0,0,NA
42,1,1,3,1,1,10681,41.8600006103516,0,2,1,1,1,172.256011962891,215.600006103516,0.11834279447794
39,1,1,4,1,1,10683,47.4599990844727,0,4,3,2,1,204.072067260742,256.279998779297,0.0306336097419262
44,0,1,1,1,1,10684,39.6100006103516,0,1,1,1,0,193.877532958984,326.149993896484,0.0719708874821663
57,1,1,2,1,1,10685,80.1800003051758,0,3,1,1,0,294.613922119141,310.950012207031,0.162160560488701
43,1,1,1,1,1,10686,58.689998626709,0,1,1,1,0,281.637756347656,311.339996337891,0.0699463859200478
51,1,1,1,1,1,10687,32.9000015258789,0,1,1,NA,0,31.9364986419678,0,0.0929403752088547
37,1,1,3,1,1,10688,36.7099990844727,0,1,3,3,1,166.846694946289,184.940002441406,0.0210679080337286
34,0,1,4,1,1,10689,80.1100006103516,0,4,2,2,1,304.781585693359,328.720001220703,0.0301679838448763
56,1,1,4,1,1,10692,49.6500015258789,1,3,3,2,1,164.694107055664,251.779998779297,0.0628129839897156
48,1,1,4,1,1,10695,45.6800003051758,0,3,2,3,1,171.46044921875,220.330001831055,0.0399253256618977
43,1,1,2,1,1,10696,58.7900009155273,0,2,1,2,0,262.711791992188,359.910003662109,0.0927653014659882
53,1,1,4,1,1,10700,NA,NA,NA,NA,NA,1,0,0,NA
45,1,1,2,1,1,10701,83.5400009155273,0,1,2,2,0,378.926727294922,448.450012207031,0.0173819325864315
48,1,1,4,1,1,10702,107.379997253418,0,3,3,3,1,386.985137939453,453.329986572266,0.0399253256618977
32,1,1,1,1,1,10703,43.3699989318848,0,3,1,1,0,222.065322875977,269.929992675781,0.0651523321866989
44,1,1,1,1,1,10705,35.7960624694824,0,1,1,2,0,1006.02178955078,860.27001953125,0.0717533752322197
58,1,1,1,1,1,10707,63.6300010681152,0,1,1,NA,0,50.8242263793945,0,0.135398343205452
56,1,1,3,1,1,10708,31.3999996185303,1,3,1,NA,1,21.3903350830078,0,0.192604705691338
53,0,1,3,1,1,10712,93.5800018310547,0,1,2,1,1,334.401977539062,454.649993896484,0.037763386964798
44,0,1,1,1,1,10713,83.8499984741211,0,1,1,2,0,400.158752441406,412.640014648438,0.0719708874821663
49,0,1,1,1,1,10714,48.3300018310547,0,1,1,1,0,221.147521972656,293.540008544922,0.0854051560163498
50,1,1,2,1,1,10715,83.2099990844727,0,1,2,3,0,348.026824951172,365.459991455078,0.0221572518348694
41,1,1,2,1,1,10719,61.3300018310547,0,1,2,NA,0,56.996208190918,0,0.0153436884284019
51,1,1,3,1,1,10721,80.7099990844727,0,2,2,2,1,312.738067626953,314.380004882812,0.033339399844408
37,1,1,2,1,1,10722,47.9099998474121,0,1,1,2,0,222.522842407227,327.130004882812,0.0855100005865097
50,1,1,2,1,1,10725,56.9000015258789,0,2,2,2,0,251.22331237793,283.600006103516,0.0221572518348694
46,0,1,2,1,1,10727,53.0900001525879,0,1,2,3,0,240.770889282227,388.75,0.018181536346674
54,1,1,2,1,1,10728,157.080078125,0,1,2,3,0,931.819702148438,811.25,0.0286433231085539
49,1,1,4,1,1,10730,56.0422554016113,0,3,2,2,1,598.15478515625,570.260009765625,0.0418251156806946
49,1,1,1,1,1,10731,48.3382034301758,0,1,2,3,0,1388.41613769531,1302.34997558594,0.0143819181248546
43,0,1,2,1,1,10732,54.799446105957,0,1,2,3,0,604.179809570312,533.989990234375,0.0162646491080523
51,1,1,4,1,1,10733,NA,NA,NA,NA,NA,1,0,0,NA
51,1,1,4,1,1,10735,86.5,0,3,3,3,1,298.894500732422,396.290008544922,0.0463271252810955
41,1,1,1,1,1,10736,50.8400001525879,0,1,3,3,0,265.142059326172,266.410003662109,0.0103509724140167
47,1,1,3,1,1,10737,90.7498092651367,0,2,2,3,1,782.910217285156,799.280029296875,0.0271882247179747
44,1,1,1,1,1,10739,39.7799987792969,0,1,2,3,0,203.411331176758,225.380004882812,0.0113522093743086
55,1,1,1,1,1,10740,150.286956787109,0,1,1,3,0,803.171447753906,775.369995117188,0.113867744803429
54,1,1,1,1,1,10742,43.25,1,1,3,3,0,198.916915893555,212.800003051758,0.0200173575431108
45,0,1,1,1,1,10743,42.1100006103516,0,1,2,2,0,201.586242675781,212.089996337891,0.0118553740903735
48,1,1,3,1,1,10744,NA,NA,NA,NA,NA,1,0,0,NA
42,1,1,4,1,1,10745,41.1100006103516,0,5,3,3,1,173.282241821289,219.350006103516,0.0324058644473553
49,1,1,3,1,1,10747,148.939422607422,0,1,3,3,1,1277.09912109375,1086.66003417969,0.0299070440232754
50,1,1,4,1,1,10748,51.1300010681152,1,3,1,1,1,177.084014892578,212.679992675781,0.186453565955162
61,1,1,3,1,1,10749,NA,NA,NA,NA,NA,1,0,0,NA
49,1,1,3,1,1,10750,106.48999786377,0,2,2,2,1,426.879211425781,456,0.0299070440232754
36,1,1,1,1,1,10751,48,0,2,1,1,0,236.884460449219,316.269989013672,0.0638945922255516
49,1,1,1,1,1,10753,103.087547302246,0,1,1,1,0,1765.68322753906,1459.92004394531,0.0851575210690498
39,1,1,3,1,1,10755,81.9375228881836,0,1,2,3,1,895.668884277344,787.419982910156,0.0214935410767794
53,1,1,4,1,1,10756,112.461349487305,0,3,1,1,1,643.468505859375,586.080017089844,0.208668306469917
51,0,1,1,1,1,10757,33.6017150878906,1,1,3,3,0,745.820251464844,743.049987792969,0.0163074526935816
46,1,1,4,1,1,10758,69.3499984741211,0,2,1,1,1,250.366027832031,225.550003051758,0.164936676621437
58,0,1,1,1,1,10759,NA,NA,NA,NA,NA,0,0,0,NA
57,1,1,3,1,1,10760,52.2169036865234,1,2,2,2,1,469.023773193359,432.339996337891,0.0495882108807564
33,1,1,4,1,1,10762,104.779998779297,0,3,2,2,1,410.988433837891,399.589996337891,0.0302870906889439
57,0,1,1,1,1,10763,73.5400009155273,0,2,1,NA,0,55.7367668151855,0,0.127914950251579
42,1,1,1,1,1,10764,116.632019042969,0,4,2,2,0,623.187744140625,565.099975585938,0.0106288930401206
54,1,1,2,1,1,10765,56.4000015258789,0,1,1,NA,0,117.006759643555,0,0.138827696442604
61,0,1,2,1,1,10766,39.3899993896484,1,2,1,1,0,120.050048828125,151.940002441406,0.204007863998413
39,1,1,4,1,1,10767,49.8699989318848,0,3,2,3,1,212.913665771484,299.589996337891,0.0306336097419262
43,1,1,4,1,1,10769,41.8400001525879,0,1,2,3,1,174.4306640625,213.929992675781,0.0332612656056881
56,1,1,2,1,1,10770,81.4199981689453,0,1,1,1,0,322.867767333984,376.239990234375,0.153719335794449
59,1,1,4,1,1,10771,NA,NA,NA,NA,NA,1,0,0,NA
56,1,1,2,1,1,10772,69.4409713745117,1,1,1,3,0,686.462890625,656.099975585938,0.153719335794449
47,0,1,4,1,1,10773,108.339996337891,0,4,1,1,1,383.467041015625,440.970001220703,0.169928267598152
52,1,1,1,1,1,10774,42.1699981689453,1,1,1,1,0,190.169219970703,194.729995727539,0.0974532663822174
49,0,1,2,1,1,10776,62.1800003051758,0,2,2,3,0,269.365051269531,329.589996337891,0.0210339762270451
42,1,1,3,1,1,10779,80.4199981689453,0,2,2,2,1,343.730346679688,433.089996337891,0.0228134952485561
38,1,1,4,1,1,10780,102.790000915527,0,5,1,1,1,395.690277099609,476.790008544922,0.144333705306053
55,1,1,1,1,1,10781,61.3099060058594,1,1,2,2,0,845.077697753906,832.619995117188,0.0216021966189146
33,0,1,2,1,1,10782,145.95832824707,0,1,2,2,0,1060.14074707031,932.299987792969,0.0146454200148582
52,0,1,4,1,1,10785,47.2000007629395,1,4,2,2,1,170.70246887207,246.779998779297,0.0491340383887291
62,0,1,1,1,1,10786,27.9400005340576,1,1,1,NA,0,98.7471466064453,0,0.174549385905266
51,0,1,4,1,1,10787,403.420013427734,0,5,1,1,1,122.301719665527,196.789993286133,0.193668693304062
54,1,1,2,1,1,10788,49.9700012207031,1,1,2,1,0,205.540451049805,225.570007324219,0.0286433231085539
41,1,1,1,1,1,10789,83.0699996948242,0,2,2,2,0,414.053375244141,442.010009765625,0.0103509724140167
44,1,1,2,1,1,10790,104.099998474121,0,1,1,3,0,456.135162353516,419.630004882812,0.0949993953108788
51,1,1,2,1,1,10792,41.3800010681152,1,1,1,1,0,180.080856323242,290,0.120881728827953
46,1,1,2,1,1,10793,75.4899978637695,0,1,2,3,0,348.202728271484,329.220001220703,0.0181107763200998
44,1,1,3,1,1,10794,78.3499984741211,0,2,1,1,1,327.983673095703,446.380004882812,0.123368881642818
47,1,1,4,1,1,10795,149.457824707031,0,4,1,2,1,396.068115234375,432.410003662109,0.169526964426041
51,1,1,4,1,1,10796,54.4500007629395,0,5,1,1,1,196.59455871582,241.160003662109,0.193233087658882
43,1,1,1,1,1,10797,NA,NA,NA,NA,NA,0,0,0,NA
51,0,1,1,1,1,10798,90.8650360107422,0,1,3,3,0,937.940795898438,807.609985351562,0.0163074526935816
47,0,1,1,1,1,10799,65.7133636474609,0,1,2,2,0,1084.10375976562,941.830017089844,0.0129808392375708
48,0,1,4,1,1,10800,49.2999992370605,0,3,2,1,1,178.162399291992,259.100006103516,0.0400621071457863
54,1,1,1,1,1,10801,46.060001373291,1,1,1,1,0,195.586776733398,265.329986572266,0.107881277799606
59,1,1,1,1,1,10802,45.6199989318848,1,1,1,3,0,178.104537963867,214.320007324219,0.143912896513939
46,1,1,3,1,1,10807,65.0199966430664,0,2,3,3,1,263.356719970703,274.859985351562,0.026058966293931
43,0,1,4,1,1,10808,40.0800018310547,0,3,1,2,1,149.372192382812,213.350006103516,0.15439061820507
52,1,1,4,1,1,10809,218.393341064453,0,3,2,2,1,522.153015136719,479.549987792969,0.0489727929234505
51,1,1,2,1,1,10811,43.0800018310547,1,1,2,2,0,184.339614868164,223.619995117188,0.0235107559710741
56,1,1,3,1,1,10812,22.6200008392334,1,2,1,1,1,79.9597778320312,196.429992675781,0.192604705691338
43,1,1,1,1,1,10815,71.4599990844727,0,1,1,3,0,343.957824707031,307.670013427734,0.0699463859200478
56,1,1,4,1,1,10816,NA,NA,NA,NA,NA,1,0,0,NA
54,1,1,2,1,1,10817,100.01000213623,0,3,2,2,0,398.663360595703,414.820007324219,0.0286433231085539
45,0,1,3,1,1,10818,29.6200008392334,0,2,1,NA,1,22.1012077331543,0,0.126784920692444
56,1,1,2,1,1,10820,165.483688354492,0,1,3,3,0,774.450561523438,670.659973144531,0.0331694222986698
53,1,1,2,1,1,10821,26.5699996948242,1,1,1,1,0,109.641693115234,226.970001220703,0.132297292351723
41,1,1,1,1,1,10822,40.3800010681152,0,1,2,3,0,205.370452880859,184.610000610352,0.0103509724140167
43,1,1,4,1,1,10823,103.139999389648,0,3,1,1,1,389.136108398438,473.279998779297,0.154013589024544
40,1,1,4,1,1,10825,73.5800018310547,0,3,3,3,1,288.743255615234,303.640014648438,0.0310982502996922
61,1,1,2,1,1,10826,104.5,0,1,2,2,0,353.21142578125,396.880004882812,0.0500370860099792
47,1,1,3,1,1,10828,86.7699966430664,0,1,3,3,1,351.214721679688,393.450012207031,0.0271882247179747
56,1,1,4,1,1,10829,55.2599983215332,1,3,2,2,1,174.37287902832,194.940002441406,0.0628129839897156
58,1,1,1,1,1,10830,60.2000007629395,0,3,2,NA,0,49.6059188842773,0,0.027635121718049
50,0,1,3,1,1,10831,77.5599975585938,0,3,1,NA,1,56.3953971862793,0,0.148769170045853
48,1,1,1,1,1,10832,85.5599975585938,0,1,1,2,0,393.616638183594,413.570007324219,0.0818314552307129
55,1,1,3,1,1,10837,62.6599998474121,1,1,1,1,1,215.120697021484,356.179992675781,0.183617144823074
49,1,1,4,1,1,10838,55.8699989318848,0,2,1,1,1,199.717636108398,277.660003662109,0.180260613560677
39,1,1,2,1,1,10840,58.3015441894531,0,1,3,3,0,909.993713378906,771.369995117188,0.0147735681384802
52,1,1,3,1,1,10845,156.294281005859,0,3,2,2,1,742.500549316406,693.469970703125,0.0353679284453392
42,1,1,4,1,1,10846,30.9930782318115,0,5,1,3,1,749.561096191406,720.179992675781,0.151261359453201
42,1,1,4,1,1,10847,102.019996643066,0,4,1,3,1,382.768096923828,456.170013427734,0.151261359453201
52,0,1,4,1,1,10849,57.2799987792969,0,2,1,2,1,178.012573242188,243.25,0.201073586940765
44,1,1,3,1,1,10851,43.5900001525879,0,2,1,1,1,179.920288085938,280.709991455078,0.123368881642818
46,1,1,3,1,1,10852,71.6433563232422,0,3,3,3,1,876.946105957031,794.469970703125,0.026058966293931
45,1,1,2,1,1,10854,82.8099975585938,0,1,1,3,0,357.884521484375,532.489990234375,0.0975597128272057
39,1,1,3,1,1,10855,21.5900001525879,0,2,2,2,1,111.203788757324,243.460006713867,0.0214935410767794
46,1,1,2,1,1,10857,110.51000213623,0,1,1,1,0,471.473052978516,418.75,0.100463390350342
34,1,1,1,1,1,10859,100.690002441406,0,1,1,1,0,500.468841552734,494.769989013672,0.0641020387411118
39,1,1,1,1,1,10860,NA,NA,NA,NA,NA,0,0,0,NA
47,1,1,3,1,1,10861,60.5410614013672,0,1,2,2,1,742.757019042969,604.909973144531,0.0271882247179747
46,1,1,1,1,1,10863,86.6399993896484,0,1,2,2,0,421.216857910156,433.809997558594,0.0123294442892075
50,1,1,3,1,1,10864,NA,NA,NA,NA,NA,1,0,0,NA
51,1,1,4,1,1,10865,48.7200012207031,1,3,1,2,1,168.138732910156,176.899993896484,0.193233087658882
55,1,1,3,1,1,10866,77.620002746582,0,1,3,3,1,283.345977783203,306.309997558594,0.0429729633033276
49,0,1,2,1,1,10868,NA,NA,NA,NA,NA,0,0,0,NA
54,1,1,2,1,1,10869,62.5499992370605,1,1,3,3,0,261.0146484375,362.809997558594,0.0286433231085539
38,0,1,4,1,1,10871,99.9100036621094,0,1,1,2,1,369.388549804688,430.559997558594,0.144694700837135
54,1,1,1,1,1,10872,60.9599990844727,0,1,3,NA,0,55.7740364074707,0,0.0200173575431108
40,1,1,3,1,1,10873,52.0099983215332,0,3,1,2,1,223.294235229492,227.580001831055,0.114749625325203
46,1,1,4,1,1,10874,54.0999984741211,0,3,1,1,1,202.662475585938,256.609985351562,0.164936676621437
50,1,1,1,1,1,10875,134.778106689453,0,1,1,1,0,1387.34509277344,1182.9599609375,0.0888515189290047
44,1,1,4,1,1,10876,61.5,0,2,1,2,1,229.966842651367,252.649993896484,0.157199114561081
57,1,1,1,1,1,10880,NA,NA,NA,NA,NA,0,0,0,NA
49,0,1,1,1,1,10881,80.3600006103516,0,1,3,3,0,375.627319335938,387.559997558594,0.0144399981945753
52,1,1,1,1,1,10882,93.2300033569336,0,1,3,3,0,428.435363769531,417.019989013672,0.017355402931571
52,1,1,4,1,1,10883,33.8300018310547,1,3,1,2,1,114.607154846191,218.960006713867,0.200628027319908
46,0,1,2,1,1,10884,64.1900024414062,0,1,1,1,0,267.398986816406,284.410003662109,0.10074320435524
38,1,1,4,1,1,10886,45.8800010681152,0,3,1,NA,1,65.3639984130859,0,0.144333705306053
43,0,1,4,1,1,10887,69.6399993896484,0,4,1,1,1,246.872161865234,240.190002441406,0.15439061820507
46,0,1,4,1,1,10888,47.9599990844727,0,3,3,3,1,179.950592041016,183.970001220703,0.0368640124797821
38,1,1,4,1,1,10893,45.1300010681152,0,3,2,1,1,184.545272827148,315.609985351562,0.0302888359874487
50,1,1,3,1,1,10895,26.2000007629395,1,5,1,2,1,98.9900131225586,175.869995117188,0.148401319980621
43,1,1,2,1,1,10896,63.0099983215332,0,1,3,3,0,288.648986816406,282.450012207031,0.0162003077566624
35,0,1,2,1,1,10897,30.0900001525879,0,1,1,NA,0,25.9678611755371,0,0.0854961574077606
50,1,1,1,1,1,10902,18.8700008392334,1,1,1,NA,0,12.3881225585938,0,0.0888515189290047
33,1,1,3,1,1,10903,88.1900024414062,0,3,3,3,1,376.105529785156,427.299987792969,0.02123605273664
58,1,1,1,1,1,10904,83.453254699707,0,1,3,3,0,792.38427734375,683.650024414062,0.027635121718049
63,1,1,1,1,1,10905,78.0800018310547,0,1,1,NA,0,52.5946731567383,0,0.185945942997932
40,1,1,4,1,1,10910,101.23999786377,0,4,1,1,1,378.960144042969,505.339996337891,0.147002473473549
46,0,1,1,1,1,10911,66.6999969482422,0,1,1,1,0,313.88232421875,354.160003662109,0.0764157250523567
44,0,1,1,1,1,10916,80.6399993896484,0,1,3,3,0,391.180206298828,436.989990234375,0.0113995503634214
70,0,1,1,1,1,10917,93.1399993896484,1,1,2,2,0,237.727554321289,339.290008544922,0.0892685726284981
54,1,1,4,1,1,10918,102.150001525879,0,4,1,1,1,318.314392089844,307.540008544922,0.217385172843933
51,0,1,2,1,1,10920,95.9400024414062,0,2,2,2,0,390.282623291016,381.730010986328,0.0235990229994059
41,1,1,3,1,1,10922,55,0,5,3,3,1,240.56982421875,229.630004882812,0.0222775880247355
42,1,1,4,1,1,10923,73.8099975585938,0,4,1,3,1,287.696685791016,395.399993896484,0.151261359453201
NA,1,1,4,1,1,10924,59.6199989318848,0,3,2,2,1,241.039810180664,247.649993896484,0.0303501505404711
42,1,1,2,1,1,10925,147.547958374023,0,1,2,3,0,628.801635742188,567.210021972656,0.0157341063022614
50,0,1,1,1,1,10926,121.651458740234,0,3,3,3,0,650.970153808594,580.140014648438,0.0153172053396702
48,1,1,4,1,1,10927,40.4799995422363,1,3,1,2,1,142.928039550781,178.020004272461,0.174626991152763
48,1,1,2,1,1,10928,60.3800010681152,0,1,3,3,0,275.234130859375,294.980010986328,0.0198864433914423
52,1,1,3,1,1,10931,45.6399993896484,1,3,3,3,1,179.919784545898,208.550003051758,0.0353679284453392
43,1,1,4,1,1,10933,43.4300003051758,0,3,1,1,1,168.358932495117,262.980010986328,0.154013589024544
45,1,1,1,1,1,10934,93.9100036621094,0,1,2,3,0,460.629608154297,456.429992675781,0.0118063986301422
55,1,1,1,1,1,10935,707.380004882812,0,1,2,3,0,296.724151611328,339.880004882812,0.0216021966189146
54,1,1,3,1,1,10936,72.1900024414062,0,3,1,1,1,249.020980834961,265.230010986328,0.175325334072113
42,0,1,3,1,1,10939,76.4499969482422,0,3,1,2,1,301.130981445312,321.269989013672,0.118657551705837
43,1,1,1,1,1,10944,47.5200004577637,0,2,1,1,0,236.38786315918,335.299987792969,0.0699463859200478
45,1,1,3,1,1,10945,NA,NA,NA,NA,NA,1,0,0,NA
35,1,1,1,1,1,10948,54.1699981689453,0,1,3,3,0,288.765960693359,296.019989013672,0.00968327559530735
48,0,1,1,1,1,10950,71.379997253418,0,1,3,3,0,331.734375,400.359985351562,0.0136645175516605
46,1,1,4,1,1,10952,50.5800018310547,0,1,2,1,1,202.476760864258,253.389999389648,0.0367362052202225
54,1,1,4,1,1,10954,40.060001373291,1,4,2,2,1,143.822235107422,252.119995117188,0.0551807284355164
55,1,1,4,1,1,10955,46.0499992370605,0,4,1,NA,1,53.4990844726562,0,0.22681026160717
59,1,1,1,1,1,10956,36.9799995422363,1,3,2,2,0,154.494705200195,223.899993896484,0.0301619172096252
40,1,1,1,1,1,10957,40.4115676879883,0,1,3,3,0,996.100830078125,886.219970703125,0.0101242139935493
43,1,1,1,1,1,10958,45.5800018310547,0,1,3,3,0,235.171844482422,229.660003662109,0.0109612951055169
47,1,1,1,1,1,10959,89.9100036621094,0,1,2,1,0,419.042602539062,413.420013427734,0.0129278525710106
57,1,1,2,1,1,10962,89.2099990844727,0,1,1,1,0,322.217895507812,291.720001220703,0.162160560488701
51,0,1,3,1,1,10963,157.726638793945,0,3,3,2,1,599.995971679688,539.840026855469,0.0334574282169342
46,1,1,2,1,1,10964,118.563735961914,0,1,3,3,0,649.745544433594,547.679992675781,0.0181107763200998
NA,1,1,3,1,1,10966,49.0200004577637,0,4,1,1,1,191.203903198242,269.660003662109,0.144536748528481
46,1,1,2,1,1,10967,72.25,0,1,1,1,0,323.644500732422,302.040008544922,0.100463390350342
41,0,1,1,1,1,10969,99.9599990844727,0,1,1,3,0,466.768157958984,503.130004882812,0.0672912746667862
35,1,1,2,1,1,10970,39.060001373291,0,1,1,2,0,185.736129760742,208.919998168945,0.0852482914924622
54,1,1,1,1,1,10971,77.0100021362305,0,2,3,3,0,336.130615234375,347.760009765625,0.0200173575431108
47,1,1,1,1,1,10973,38.3899993896484,1,2,3,3,0,204.067733764648,249.259994506836,0.0129278525710106
55,0,1,4,1,1,10974,47.7099990844727,1,3,1,1,1,140.815963745117,203.509994506836,0.227288872003555
58,1,1,1,1,1,10975,117.947914123535,0,1,1,1,0,662.025817871094,589.950012207031,0.135398343205452
63,1,1,3,1,1,10976,NA,NA,NA,NA,NA,1,0,0,NA
51,1,1,4,1,1,10977,80.1800003051758,0,4,1,NA,1,53.492847442627,0,0.193233087658882
51,1,1,2,1,1,10978,146.170532226562,0,2,1,2,0,471.155487060547,551.299987792969,0.120881728827953
46,0,1,3,1,1,10981,251.854385375977,0,2,1,2,1,811.18994140625,731.460021972656,0.130282923579216
49,0,1,3,1,1,10983,23.9799995422363,1,2,1,1,1,93.9664993286133,198.509994506836,0.143424808979034
53,1,1,4,1,1,10985,105.559997558594,0,5,1,1,1,338.304656982422,427.279998779297,0.208668306469917
56,0,1,1,1,1,10986,55.225700378418,1,1,2,3,0,553.828002929688,513.280029296875,0.02347157523036
51,1,1,4,1,1,10987,100.540000915527,0,4,2,3,1,349.273803710938,345.160003662109,0.0463271252810955
47,0,1,2,1,1,10988,81.7699966430664,0,1,1,2,0,337.405364990234,438.380004882812,0.104015998542309
44,1,1,2,1,1,10991,809.190002441406,0,2,1,2,0,346.645111083984,369.739990234375,0.0949993953108788
51,0,1,3,1,1,10994,66.9899978637695,0,3,2,3,1,243.915954589844,289.100006103516,0.0334574282169342
46,1,1,2,1,1,10997,90.8246612548828,0,1,2,3,0,871.770690917969,715.489990234375,0.0181107763200998
49,1,1,4,1,1,10998,31.2900009155273,1,3,1,2,1,109.923599243164,212,0.180260613560677
38,1,1,4,1,1,11000,25.0699996948242,0,3,1,2,1,101.465293884277,104.019996643066,0.144333705306053
40,1,1,1,1,1,11001,43.9900016784668,0,1,1,2,0,234.805847167969,257.529998779297,0.0660083815455437
37,1,1,3,1,1,11004,99.0100021362305,0,1,3,3,1,418.553314208984,458.769989013672,0.0210679080337286
44,1,1,1,1,1,11005,57.4247398376465,0,1,2,2,0,934.496398925781,851.570007324219,0.0113522093743086
46,0,1,2,1,1,11008,66.7900009155273,0,1,1,2,0,279.964385986328,330.510009765625,0.10074320435524
46,1,1,2,1,1,11009,100.080001831055,0,1,3,3,0,450.230499267578,457.950012207031,0.0181107763200998
41,1,1,3,1,1,11011,48.4099998474121,0,1,1,1,1,207.22200012207,262.920013427734,0.116373218595982
49,1,1,3,1,1,11012,30.75,0,4,1,NA,1,25.7101898193359,0,0.143065959215164
47,1,1,2,1,1,11013,28.25,1,1,1,3,0,131.294891357422,136.820007324219,0.10372956097126
46,0,1,4,1,1,11014,101.944000244141,0,5,1,1,1,728.6318359375,631.090026855469,0.165330946445465
55,1,1,3,1,1,11015,NA,NA,NA,NA,NA,1,0,0,NA
45,1,1,1,1,1,11016,124.570129394531,0,1,3,3,0,914.22412109375,789.22998046875,0.0118063986301422
47,0,1,3,1,1,11018,30.3500003814697,1,3,1,1,1,114.262283325195,217.539993286133,0.134207084774971
NA,NA,1,3,1,1,11021,82.6900024414062,0,2,3,3,1,320.295104980469,384.970001220703,0.0303501505404711
61,1,1,2,1,1,11022,30.0100002288818,1,1,1,NA,0,20.0002765655518,0,0.203558370471001
55,0,1,2,1,1,11025,89.5599975585938,0,2,1,2,0,328.809753417969,346.489990234375,0.146319091320038
NA,NA,1,4,1,1,11026,49.189998626709,1,1,1,2,1,183.894668579102,189.160003662109,0.144536748528481
53,0,1,1,1,1,11029,23.1000003814697,1,2,1,2,0,101.368560791016,135.190002441406,0.102705933153629
49,0,1,2,1,1,11030,54.8020629882812,0,1,2,2,0,1254.6572265625,1022.34997558594,0.0210339762270451
45,1,1,1,1,1,11034,56.3199996948242,0,1,3,3,0,285.292205810547,294.700012207031,0.0118063986301422
48,1,1,4,1,1,11035,53.3199996948242,0,1,1,1,1,193.623641967773,286.709991455078,0.174626991152763
58,0,1,4,1,1,11036,NA,NA,NA,NA,NA,1,0,0,NA
36,1,1,3,1,1,11037,21.5100002288818,0,1,2,3,1,113.741760253906,196.309997558594,0.0209834855049849
55,1,1,4,1,1,11038,111.430000305176,0,4,1,1,1,339.186248779297,331.450012207031,0.22681026160717
44,0,1,1,1,1,11039,40.3899993896484,0,1,1,1,0,182.083618164062,297.059997558594,0.0719708874821663
47,1,1,3,1,1,11041,72.7495040893555,0,1,3,3,1,1319.81433105469,1176.46997070312,0.0271882247179747
53,1,1,1,1,1,11042,50.7900009155273,1,2,1,1,0,215.6484375,217.199996948242,0.10242211073637
38,1,1,4,1,1,11044,40.4799995422363,0,1,1,2,1,160.437286376953,229.410003662109,0.144333705306053
47,1,1,4,1,1,11045,31.5799999237061,1,3,1,1,1,119.64372253418,158.529998779297,0.169526964426041
50,1,1,4,1,1,11046,34.0400009155273,0,4,1,NA,1,23.9519386291504,0,0.186453565955162
46,1,1,2,1,1,11050,48.1800003051758,0,2,2,2,0,239.172103881836,238.460006713867,0.0181107763200998
45,1,1,2,1,1,11051,99.9100036621094,0,1,2,2,0,455.119323730469,427.760009765625,0.0173819325864315
48,1,1,2,1,1,11055,76.8199996948242,0,1,1,1,0,324.695129394531,372.829986572266,0.107379741966724
51,1,1,2,1,1,11056,52.6919212341309,0,1,2,2,0,634.304504394531,664.25,0.0235107559710741
40,1,1,1,1,1,11060,102.393913269043,0,1,3,3,0,1363.88366699219,1182.73999023438,0.0101242139935493
41,1,1,2,1,1,11061,62.2815170288086,0,2,1,2,0,570.564819335938,536.940002441406,0.0892178490757942
57,1,1,4,1,1,11062,34.3699989318848,1,3,1,2,1,107.942680358887,203.639999389648,0.247913494706154
62,1,1,1,1,1,11064,85.120002746582,1,1,2,2,0,317.639068603516,403.5,0.0397630482912064
45,1,1,1,1,1,11065,48.1500015258789,0,1,1,1,0,228.391250610352,267.519989013672,0.0738287270069122
44,1,1,1,1,1,11067,51.5099983215332,0,1,1,1,0,255.321990966797,318.970001220703,0.0717533752322197
49,1,1,2,1,1,11068,76.7116546630859,0,1,3,3,0,849.225158691406,844.5,0.020953880622983
50,1,1,3,1,1,11069,47.5,1,1,3,3,1,198.862930297852,188.960006713867,0.0315255858004093
46,1,1,4,1,1,11072,59.1041870117188,0,4,1,3,1,416.452117919922,441.769989013672,0.164936676621437
48,1,1,2,1,1,11073,109.815132141113,0,2,2,2,0,539.762634277344,566.119995117188,0.0198864433914423
44,1,1,3,1,1,11074,52.4300003051758,0,4,1,1,1,218.554794311523,272.929992675781,0.123368881642818
50,0,1,4,1,1,11076,77.2924270629883,0,5,2,2,1,509.016967773438,520.849975585938,0.0441000685095787
46,1,1,2,1,1,11082,40.6100006103516,0,1,2,3,0,190.476486206055,263.299987792969,0.0181107763200998
41,0,1,2,1,1,11083,26.9633178710938,0,1,1,2,0,881.831237792969,818.900024414062,0.0894742757081985
43,1,1,3,1,1,11084,68.4360580444336,0,2,3,3,1,843.510131835938,796.440002441406,0.0234523471444845
37,0,1,3,1,1,11085,103.150001525879,0,4,1,1,1,416.295562744141,425.739990234375,0.112169198691845
49,1,1,3,1,1,11086,NA,NA,NA,NA,NA,1,0,0,NA
45,0,1,2,1,1,11088,91.4800033569336,0,1,2,3,0,412.268676757812,524,0.0174502655863762
54,1,1,3,1,1,11089,305.890014648438,0,4,1,NA,1,20.9736099243164,0,0.175325334072113
47,0,1,2,1,1,11090,94.2300033569336,0,1,1,NA,0,123.605934143066,0,0.104015998542309
46,1,1,3,1,1,11091,61.0400009155273,0,3,3,3,1,254.03923034668,258.019989013672,0.026058966293931
51,1,1,1,1,1,11092,24.3999996185303,1,1,2,2,0,129.050003051758,184.240005493164,0.0162429753690958
54,1,1,1,1,1,11095,142.818267822266,0,2,2,2,0,1055.2900390625,902.22998046875,0.0200173575431108
43,1,1,1,1,1,11098,68.0321807861328,0,1,2,2,0,591.516540527344,580.940002441406,0.0109612951055169
NA,1,1,1,1,1,11100,56.9500007629395,0,3,1,1,0,223.307464599609,328.25,0.144536748528481
54,1,1,4,1,1,11101,89.1443252563477,0,3,1,2,1,356.763031005859,406.859985351562,0.217385172843933
57,1,1,3,1,1,11103,39.6800003051758,0,2,1,NA,1,26.0580444335938,0,0.202325507998466
57,0,1,2,1,1,11105,87.3600006103516,0,1,2,2,0,312.401397705078,393.179992675781,0.0359662398695946
41,1,1,3,1,1,11106,77.4499969482422,0,1,1,1,1,318.625152587891,365.440002441406,0.116373218595982
53,1,1,2,1,1,11107,41.689998626709,1,2,2,3,0,183.997787475586,296.200012207031,0.0267345290631056
54,1,1,2,1,1,11108,105.919998168945,0,1,3,3,0,418.906127929688,368.970001220703,0.0286433231085539
58,1,1,2,1,1,11109,82.5100021362305,0,3,1,NA,0,57.7754020690918,0,0.171321347355843
41,1,1,4,1,1,11110,81.5999984741211,0,3,2,3,1,318.400238037109,320.339996337891,0.0316871404647827
52,1,1,2,1,1,11111,81.1500015258789,0,1,3,3,0,338.744079589844,393.760009765625,0.0250304825603962
46,1,1,3,1,1,11114,86.5800018310547,0,1,3,3,1,354.813598632812,359.609985351562,0.026058966293931
47,1,1,4,1,1,11115,36.8499984741211,1,2,1,1,1,145.22297668457,274.760009765625,0.169526964426041
50,1,1,2,1,1,11116,84.5800018310547,0,1,3,3,0,368.240539550781,420.450012207031,0.0221572518348694
49,1,1,4,1,1,11117,101.519996643066,0,5,1,1,1,350.381500244141,418.679992675781,0.180260613560677
37,1,1,3,1,1,11118,48.25,0,1,1,1,1,213.739440917969,226.919998168945,0.111866742372513
49,1,1,4,1,1,11119,53.8499984741211,0,1,1,3,1,191.779342651367,209.850006103516,0.180260613560677
39,1,1,4,1,1,11120,65.0681915283203,0,3,1,1,1,576.888061523438,563.969970703125,0.145473584532738
40,1,1,1,1,1,11123,51.9599990844727,0,1,2,2,0,263.059967041016,285.5,0.0101242139935493
55,1,1,1,1,1,11125,105.599998474121,0,1,1,3,0,432.050079345703,392.809997558594,0.113867744803429
46,1,1,1,1,1,11126,135.468521118164,0,1,3,3,0,945.919128417969,904.72998046875,0.0123294442892075
33,1,1,1,1,1,11128,50.5099983215332,0,2,3,3,0,264.5244140625,380.540008544922,0.00981329195201397
46,0,1,3,1,1,11129,23.3299999237061,1,1,1,1,1,90.7231826782227,190.570007324219,0.130282923579216
52,1,1,4,1,1,11131,55.5999984741211,1,4,1,2,1,180.402191162109,290.489990234375,0.200628027319908
43,0,1,2,1,1,11132,NA,NA,NA,NA,NA,0,0,0,NA
36,1,1,1,1,1,11134,48.9935455322266,0,1,2,2,0,1000.19451904297,867.440002441406,0.0096834059804678
50,1,1,1,1,1,11135,69.9252777099609,0,3,2,3,0,900.592529296875,833.989990234375,0.0152560928836465
43,0,1,2,1,1,11139,58.689998626709,0,1,1,2,0,247.275955200195,288.799987792969,0.0930292531847954
NA,0,1,3,1,1,11140,69.5599975585938,0,2,3,3,1,265.787811279297,308.119995117188,0.0303501505404711
42,0,1,2,1,1,11142,36.3699989318848,0,1,1,2,0,153.692260742188,219.619995117188,0.0911023318767548
50,1,1,2,1,1,11145,156.640747070312,0,3,3,3,0,933.491271972656,825.840026855469,0.0221572518348694
49,0,1,1,1,1,11147,202.720657348633,0,1,1,1,0,615.759826660156,534.299987792969,0.0854051560163498
53,0,1,3,1,1,11148,96.4199981689453,0,4,2,3,1,341.613067626953,365.589996337891,0.037763386964798
53,1,1,2,1,1,11150,77.0661544799805,0,1,1,2,0,456.389984130859,524.289978027344,0.132297292351723
46,1,1,1,1,1,11151,46.310001373291,0,1,1,2,0,221.766738891602,223.009994506836,0.0761880278587341
45,1,1,3,1,1,11152,NA,NA,NA,NA,NA,1,0,0,NA
50,0,1,1,1,1,11153,40.7999992370605,1,1,1,1,0,177.210113525391,200.619995117188,0.0891071707010269
55,1,1,2,1,1,11156,NA,NA,NA,NA,NA,0,0,0,NA
53,1,1,3,1,1,11158,NA,NA,NA,NA,NA,1,0,0,NA
42,1,1,4,1,1,11160,37.4599990844727,0,1,1,1,1,143.360153198242,289.980010986328,0.151261359453201
38,1,1,3,1,1,11162,55.9799995422363,0,3,2,3,1,244.519577026367,256.25,0.021237351000309
62,1,1,1,1,1,11163,90.3199996948242,0,2,1,2,0,312.146057128906,399.709991455078,0.174141094088554
53,1,1,1,1,1,11164,NA,NA,NA,NA,NA,0,0,0,NA
34,1,1,2,1,1,11167,67.1800003051758,0,1,2,2,0,318.053802490234,380.640014648438,0.0144640561193228
49,1,1,4,1,1,11170,30.7700004577637,0,3,1,NA,1,22.7034969329834,0,0.180260613560677
42,1,1,3,1,1,11171,104.029998779297,0,2,2,2,1,432.135375976562,549.169982910156,0.0228134952485561
41,1,1,3,1,1,11173,32.0299987792969,0,3,3,2,1,152.64045715332,182.880004882812,0.0222775880247355
44,1,1,2,1,1,11174,102.709999084473,0,2,1,1,0,449.964385986328,408.429992675781,0.0949993953108788
44,1,1,4,1,1,11175,105.319999694824,0,5,1,1,1,389.241485595703,384.660003662109,0.157199114561081
56,1,1,2,1,1,11177,76.864143371582,0,1,1,1,0,827.249328613281,699.109985351562,0.153719335794449
50,1,1,1,1,1,11181,24.7900009155273,1,2,3,3,0,125.812553405762,315.279998779297,0.0152560928836465
35,1,1,3,1,1,11185,50.5699996948242,0,2,3,3,1,218.796569824219,247.940002441406,0.0209832340478897
50,1,1,3,1,1,11186,114.658401489258,0,3,1,1,1,481.572784423828,455.260009765625,0.148401319980621
40,1,1,2,1,1,11187,104.819999694824,0,1,1,1,0,464.189422607422,480.679992675781,0.0878804698586464
47,0,1,1,1,1,11189,37.0999984741211,1,1,2,3,0,174.656448364258,216.610000610352,0.0129808392375708
46,1,1,4,1,1,11190,90.9100036621094,0,5,1,2,1,336.649078369141,453.619995117188,0.164936676621437
46,1,1,4,1,1,11191,52.0699996948242,0,3,1,1,1,190.483703613281,293.940002441406,0.164936676621437
49,1,1,2,1,1,11192,97.5400009155273,0,1,2,2,0,414.043853759766,414.920013427734,0.020953880622983
48,1,1,2,1,1,11193,NA,NA,NA,NA,NA,0,0,0,NA
56,1,1,1,1,1,11194,24.1499996185303,1,1,3,3,0,123.382141113281,303.420013427734,0.0233837105333805
NA,NA,1,3,1,1,11196,40.2900009155273,0,2,1,1,1,170.090667724609,324.369995117188,0.144536748528481
38,1,1,1,1,1,11199,98.5199966430664,0,1,3,3,0,498.037261962891,456.869995117188,0.00981395877897739
47,0,1,1,1,1,11200,NA,NA,NA,NA,NA,0,0,0,NA
44,1,1,1,1,1,11201,100.300003051758,0,2,2,3,0,492.160339355469,421.790008544922,0.0113522093743086
NA,NA,1,4,1,1,11203,45.6399993896484,1,1,1,2,1,182.096435546875,218,0.144536748528481
37,1,1,3,1,1,11206,24.0799999237061,0,2,2,3,1,115.08275604248,258.450012207031,0.0210679080337286
46,1,1,3,1,1,11207,143.60090637207,0,3,3,3,1,848.531066894531,827.549987792969,0.026058966293931
42,0,1,2,1,1,11209,32.2599983215332,0,1,1,2,0,137.53337097168,162.130004882812,0.0911023318767548
59,1,1,4,1,1,11210,26.6399993896484,1,3,1,1,1,81.3418121337891,204.360000610352,0.272229731082916
42,1,1,3,1,1,11211,44.7999992370605,0,2,1,1,1,188.252029418945,250.550003051758,0.11834279447794
55,1,1,3,1,1,11215,51.6800003051758,0,3,1,NA,1,35.132625579834,0,0.183617144823074
42,1,1,3,1,1,11219,44.0699996948242,0,5,1,3,1,181.842224121094,246.080001831055,0.11834279447794
46,1,1,2,1,1,11221,78.6399993896484,0,1,3,3,0,357.319641113281,358.619995117188,0.0181107763200998
34,0,1,1,1,1,11222,110.694030761719,0,1,1,1,0,828.420715332031,848.950012207031,0.064301423728466
49,1,1,3,1,1,11223,805.049987792969,0,2,3,3,1,310.701477050781,284.470001220703,0.0299070440232754
42,0,1,2,1,1,11225,62.3499984741211,0,3,1,1,0,270.813262939453,311.829986572266,0.0911023318767548
52,1,1,1,1,1,11228,50.9599990844727,1,1,3,3,0,230.700103759766,293.359985351562,0.017355402931571
48,1,1,2,1,1,11229,88.9700012207031,0,1,2,3,0,383.571685791016,371.329986572266,0.0198864433914423
56,1,1,1,1,1,11231,75.1459579467773,0,1,2,2,0,913.424438476562,816.780029296875,0.0233837105333805
47,1,1,2,1,1,11232,40.0900001525879,1,1,1,1,0,177.719604492188,244.889999389648,0.10372956097126
35,1,1,3,1,1,11233,54.9300003051758,0,2,1,1,1,236.207138061523,373.119995117188,0.11154805123806
40,1,1,3,1,1,11234,46.2700004577637,0,2,1,NA,1,38.5576057434082,0,0.114749625325203
49,0,1,3,1,1,11235,119.505065917969,0,2,1,1,1,877.211242675781,780.140014648438,0.143424808979034
45,1,1,4,1,1,11239,65.1900024414062,0,1,2,2,1,254.804916381836,279.290008544922,0.0354161076247692
55,1,1,2,1,1,11241,82.4944610595703,0,1,2,3,0,766.632141113281,701.239990234375,0.03077975474298
45,1,1,4,1,1,11246,96.620002746582,0,2,1,1,1,359.497436523438,337.299987792969,0.160834074020386
40,1,1,4,1,1,11247,101.699996948242,0,3,1,1,1,384.234710693359,440.720001220703,0.147002473473549
39,1,1,4,1,1,11248,40.3899993896484,0,4,1,1,1,161.174545288086,186.720001220703,0.145473584532738
56,1,1,2,1,1,11250,NA,NA,NA,NA,NA,0,0,0,NA
54,0,1,1,1,1,11251,92.8899993896484,0,1,2,3,0,395.320373535156,408.950012207031,0.0200944114476442
49,1,1,2,1,1,11254,77.6800003051758,0,1,2,1,0,343.659149169922,351.790008544922,0.020953880622983
41,1,1,3,1,1,11257,49.6399993896484,0,4,1,2,1,216.245101928711,223.210006713867,0.116373218595982
47,1,1,2,1,1,11260,16.6000003814697,0,1,1,NA,0,15.9947643280029,0,0.10372956097126
44,1,1,1,1,1,11261,102.970001220703,0,2,3,3,0,499.244903564453,462.609985351562,0.0113522093743086
49,1,1,1,1,1,11263,60.2900009155273,0,1,2,3,0,283.023620605469,319.350006103516,0.0143819181248546
43,1,1,1,1,1,11264,42.0900001525879,0,1,2,3,0,225.259704589844,249.509994506836,0.0109612951055169
56,1,1,4,1,1,11271,NA,NA,NA,NA,NA,1,0,0,NA
46,1,1,3,1,1,11275,50.7999992370605,0,2,1,1,1,216.196868896484,207.610000610352,0.12994684278965
47,0,1,2,1,1,11277,104.45719909668,0,1,2,2,0,486.082397460938,509.790008544922,0.0190159231424332
40,1,1,1,1,1,11278,102.23999786377,0,1,2,3,0,517.078552246094,454.829986572266,0.0101242139935493
39,1,1,2,1,1,11280,100.160003662109,0,1,3,3,0,462.186370849609,454.609985351562,0.0147735681384802
41,1,1,1,1,1,11281,105.581245422363,0,1,2,2,0,1065.005859375,923.359985351562,0.0103509724140167
45,1,1,1,1,1,11286,NA,NA,NA,NA,NA,0,0,0,NA
47,1,1,1,1,1,11288,40.9099998474121,0,1,1,1,0,194.815338134766,222.639999389648,0.0788489952683449
57,1,1,4,1,1,11289,55.1500015258789,1,2,2,2,1,168.652587890625,323.230010986328,0.0672504752874374
NA,NA,1,2,1,1,11290,NA,NA,NA,NA,NA,0,0,0,NA
46,1,1,1,1,1,11293,69.5500030517578,0,2,1,3,0,327.355072021484,306.510009765625,0.0761880278587341
43,1,1,3,1,1,11294,110.870002746582,0,1,2,3,1,459.278564453125,491.809997558594,0.0234523471444845
51,0,1,2,1,1,11295,68.1900024414062,0,1,1,1,0,268.939453125,318.190002441406,0.121201261878014
51,0,1,4,1,1,11296,54.5299987792969,0,3,1,1,1,182.052520751953,362.739990234375,0.193668693304062
55,1,1,3,1,1,11297,32.8300018310547,1,3,1,NA,1,22.7988624572754,0,0.183617144823074
48,1,1,4,1,1,11300,87.7300033569336,0,5,2,3,1,317.737609863281,300.630004882812,0.0399253256618977
57,1,1,1,1,1,11303,NA,NA,NA,NA,NA,0,0,0,NA
35,1,1,1,1,1,11305,41.0699996948242,0,1,2,1,0,217.485397338867,243.110000610352,0.00968327559530735
42,1,1,3,1,1,11306,51.9500007629395,0,3,1,1,1,213.003143310547,238.309997558594,0.11834279447794
51,0,1,4,1,1,11307,86.9100036621094,0,4,2,3,1,295.830780029297,368.910003662109,0.0464813783764839
44,1,1,4,1,1,11309,102,0,3,1,1,1,372.567749023438,350.519989013672,0.157199114561081
45,1,1,2,1,1,11311,46.6599998474121,0,1,2,2,0,217.038726806641,253.820007324219,0.0173819325864315
51,1,1,1,1,1,11312,112.384750366211,0,1,3,3,0,1139.7880859375,989.72998046875,0.0162429753690958
62,1,1,4,1,1,11314,60.4700012207031,1,3,2,3,1,155.333724975586,179.970001220703,0.097380556166172
46,1,1,3,1,1,11315,89.4199981689453,0,1,3,3,1,361.311676025391,398.559997558594,0.026058966293931
47,1,1,3,1,1,11317,106.169998168945,0,4,2,2,1,422.686462402344,425.75,0.0271882247179747
46,1,1,4,1,1,11318,33.0800018310547,1,5,1,1,1,123.320137023926,212.229995727539,0.164936676621437
50,1,1,3,1,1,11319,72.9100036621094,0,3,1,1,1,270.487579345703,316.010009765625,0.148401319980621
51,1,1,1,1,1,11320,41.2599983215332,1,1,2,2,0,200.278289794922,225.520004272461,0.0162429753690958
53,1,1,2,1,1,11322,36.310001373291,1,2,1,1,0,157.706359863281,247.440002441406,0.132297292351723
59,1,1,1,1,1,11323,74.8064575195312,1,2,2,3,0,761.823852539062,702.150024414062,0.0301619172096252
49,1,1,2,1,1,11325,80.9499969482422,0,1,3,3,0,352.779632568359,342.980010986328,0.020953880622983
59,1,1,4,1,1,11327,56.1800003051758,0,4,1,NA,1,31.4387149810791,0,0.272229731082916
43,1,1,1,1,1,11328,40.5099983215332,0,1,1,1,0,199.520034790039,230.330001831055,0.0699463859200478
40,1,1,1,1,1,11329,85.9199981689453,0,1,2,3,0,436.163665771484,473.470001220703,0.0101242139935493
NA,1,1,2,1,1,11330,21.75,0,2,1,1,0,88.927375793457,194.470001220703,0.144536748528481
51,1,1,4,1,1,11331,108.430000305176,0,4,3,3,1,379.3115234375,438,0.0463271252810955
NA,1,1,2,1,1,11332,83.1399993896484,0,1,2,3,0,334.907012939453,390.809997558594,0.0303501505404711
52,1,1,1,1,1,11334,633.299987792969,0,1,1,1,0,270.506134033203,328.850006103516,0.0974532663822174
46,0,1,2,1,1,11335,51.5464172363281,0,1,3,3,0,883.046569824219,804.950012207031,0.018181536346674
64,1,1,3,1,1,11336,31.8400001525879,1,2,1,NA,1,16.8829536437988,0,0.294001847505569
42,0,1,1,1,1,11338,89.2547988891602,0,1,3,3,0,799.703857421875,847.609985351562,0.010673594661057
45,1,1,4,1,1,11340,70.8099975585938,0,4,1,1,1,261.551147460938,307.160003662109,0.160834074020386
48,1,1,1,1,1,11344,23.0200004577637,1,2,1,1,0,108.805633544922,182.419998168945,0.0818314552307129
50,0,1,1,1,1,11345,36.2200012207031,1,1,3,3,0,171.618606567383,257.480010986328,0.0153172053396702
45,1,1,2,1,1,11348,107.930000305176,0,1,2,2,0,475.664398193359,429.760009765625,0.0173819325864315
49,1,1,2,1,1,11349,NA,NA,NA,NA,NA,0,0,0,NA
44,1,1,4,1,1,11350,102.400001525879,0,5,1,2,1,371.494354248047,382.230010986328,0.157199114561081
43,1,1,3,1,1,11355,42.5200004577637,0,4,2,1,1,190.824172973633,235.820007324219,0.0234523471444845
50,1,1,2,1,1,11356,817.909973144531,0,1,1,1,0,329.771606445312,344.880004882812,0.11592873185873
49,1,1,1,1,1,11357,61.3199996948242,0,1,1,NA,0,55.6146850585938,0,0.0851575210690498
53,1,1,2,1,1,11358,76.9400024414062,0,2,3,3,0,319.82177734375,353.119995117188,0.0267345290631056
47,1,1,1,1,1,11359,NA,NA,NA,NA,NA,0,0,0,NA
46,1,1,2,1,1,11360,125.130889892578,0,1,3,3,0,579.092529296875,629.820007324219,0.0181107763200998
40,1,1,3,1,1,11362,58.5322113037109,0,3,1,2,1,832.682250976562,759.590026855469,0.114749625325203
63,1,1,2,1,1,11363,48.5800018310547,1,1,1,NA,0,64.0092163085938,0,0.229449242353439
55,0,1,1,1,1,11367,35.689998626709,0,1,2,NA,0,29.9292545318604,0,0.0216843839734793
55,1,1,3,1,1,11371,86.1900024414062,0,2,3,3,1,314.375915527344,306.730010986328,0.0429729633033276
59,1,1,3,1,1,11372,79.879997253418,0,1,1,NA,1,98.2456130981445,0,0.224118784070015
60,1,1,3,1,1,11374,48.2999992370605,0,3,1,NA,1,70.9064636230469,0,0.236266508698463
54,1,1,4,1,1,11376,31.7600002288818,1,2,1,1,1,108.889671325684,182.25,0.217385172843933
50,1,1,1,1,1,11378,103.790000915527,0,3,1,1,0,473.158843994141,497.200012207031,0.0888515189290047
46,1,1,3,1,1,11379,44.8172073364258,0,3,1,1,1,470.820159912109,538.940002441406,0.12994684278965
40,1,1,3,1,1,11381,54.4500007629395,0,3,1,2,1,228.49462890625,347.600006103516,0.114749625325203
61,1,1,1,1,1,11382,NA,NA,NA,NA,NA,0,0,0,NA
38,1,1,1,1,1,11383,20.5,0,1,1,1,0,102.894760131836,202.130004882812,0.0645236372947693
47,1,1,4,1,1,11384,72.5500030517578,0,3,1,NA,1,65.1603546142578,0,0.169526964426041
51,1,1,1,1,1,11385,53.6516418457031,0,1,3,2,0,616.012390136719,560.630004882812,0.0162429753690958
46,1,1,3,1,1,11386,88.9800033569336,0,1,3,3,1,362.952667236328,357.299987792969,0.026058966293931
54,1,1,4,1,1,11387,32.1500015258789,1,3,1,NA,1,20.2846031188965,0,0.217385172843933
51,0,1,1,1,1,11388,105.721343994141,0,1,2,2,0,972.068481445312,1017.34997558594,0.0163074526935816
42,1,1,1,1,1,11389,60.7310676574707,0,1,3,3,0,553.256713867188,510.070007324219,0.0106288930401206
38,1,1,2,1,1,11390,48.5400009155273,0,3,2,2,0,239.118392944336,272.100006103516,0.0145875625312328
46,0,1,1,1,1,11391,47.0099983215332,0,1,1,1,0,214.930206298828,213.889999389648,0.0764157250523567
34,0,1,1,1,1,11392,86.5299987792969,0,2,1,1,0,428.429565429688,489.890014648438,0.064301423728466
50,1,1,4,1,1,11393,42.7099990844727,1,3,1,2,1,150.579650878906,180.050003051758,0.186453565955162
40,1,1,2,1,1,11394,186.201187133789,0,1,1,1,0,898.558227539062,860.330017089844,0.0878804698586464
31,1,1,2,1,1,11395,155.041549682617,0,1,1,2,0,667.373474121094,610.159973144531,0.0878731831908226
42,1,1,4,1,1,11397,108.379997253418,0,2,3,3,1,413.489959716797,452.510009765625,0.0324058644473553
55,1,1,4,1,1,11399,87.9100036621094,0,4,1,NA,1,53.6476936340332,0,0.22681026160717
44,0,1,4,1,1,11400,69.9199981689453,0,2,1,1,1,253.219848632812,248.139999389648,0.157581269741058
50,1,1,2,1,1,11401,101.800003051758,0,3,2,3,0,428.423126220703,443.420013427734,0.0221572518348694
53,1,1,3,1,1,11403,46.4199981689453,0,2,2,NA,1,34.9522323608398,0,0.0376330204308033
45,0,1,3,1,1,11404,42.310001373291,0,4,1,2,1,164.609725952148,189.960006713867,0.126784920692444
36,1,1,3,1,1,11405,86.8300018310547,0,2,1,1,1,366.383117675781,337.820007324219,0.111549004912376
43,0,1,1,1,1,11407,26.9599990844727,0,3,1,2,0,139.456481933594,222.449996948242,0.0701596885919571
49,1,1,2,1,1,11408,54.0729370117188,0,1,2,3,0,995.780517578125,831.47998046875,0.020953880622983
44,1,1,2,1,1,11411,106.269996643066,0,2,1,1,0,457.650329589844,479.570007324219,0.0949993953108788
61,1,1,2,1,1,11412,67.7200012207031,1,3,1,2,0,236.157211303711,362.809997558594,0.203558370471001
53,1,1,2,1,1,11413,50.8466262817383,1,1,3,3,0,522.354187011719,587.090026855469,0.0267345290631056
44,1,1,3,1,1,11414,45.2900009155273,0,2,1,1,1,196.134872436523,337.350006103516,0.123368881642818
45,1,1,1,1,1,11416,45.1100006103516,0,1,2,2,0,228.578125,246.649993896484,0.0118063986301422
42,1,1,1,1,1,11418,62.3300018310547,0,1,1,1,0,306.098754882812,310.940002441406,0.0683941096067429
55,1,1,3,1,1,11419,79.8600006103516,0,1,3,NA,1,56.9968566894531,0,0.0429729633033276
55,0,1,4,1,1,11420,NA,NA,NA,NA,NA,1,0,0,NA
44,1,1,1,1,1,11423,51.6399993896484,0,2,3,3,0,255.488189697266,308.570007324219,0.0113522093743086
53,1,1,3,1,1,11426,86.8099975585938,0,3,1,1,1,311.773986816406,323.119995117188,0.16769252717495
41,0,1,1,1,1,11427,55.5800018310547,0,4,1,1,0,264.266326904297,291.739990234375,0.0672912746667862
42,1,1,4,1,1,11428,177.868988037109,0,1,1,1,1,1295.53869628906,1126.22998046875,0.151261359453201
47,1,1,3,1,1,11429,51.4500007629395,0,4,3,2,1,215.776763916016,228.919998168945,0.0271882247179747
41,1,1,2,1,1,11430,44.4900016784668,0,2,1,1,0,212.724731445312,290.109985351562,0.0892178490757942
49,0,1,3,1,1,11431,83.2799987792969,0,1,1,2,1,328.021087646484,334.649993896484,0.143424808979034
57,1,1,4,1,1,11432,44.0200004577637,1,5,2,3,1,138.490478515625,237.639999389648,0.0672504752874374
53,1,1,1,1,1,11433,92.5299987792969,0,1,2,3,0,412.463348388672,403.019989013672,0.0186080075800419
57,1,1,1,1,1,11434,124.817359924316,0,1,3,3,0,489.515625,421.570007324219,0.025385744869709
55,1,1,1,1,1,11435,76.9700012207031,0,4,1,NA,0,65.2643127441406,0,0.113867744803429
48,1,1,1,1,1,11436,77.6999969482422,0,1,2,2,0,364.345550537109,415.910003662109,0.0136091280728579
39,1,1,4,1,1,11440,75.4800033569336,0,1,2,2,1,302.279235839844,295.489990234375,0.0306336097419262
47,1,1,1,1,1,11443,84.3000030517578,0,1,2,3,0,405.108825683594,422.850006103516,0.0129278525710106
40,1,1,3,1,1,11444,72.8600006103516,0,3,1,3,1,301.645111083984,347.809997558594,0.114749625325203
52,1,1,1,1,1,11445,102.970001220703,0,1,2,3,0,456.795806884766,549.200012207031,0.017355402931571
41,0,1,2,1,1,11446,46.439998626709,0,1,2,3,0,206.974487304688,240.820007324219,0.0154050998389721
48,1,1,1,1,1,11448,64.1964950561523,0,1,3,3,0,745.688354492188,693.909973144531,0.0136091280728579
55,0,1,3,1,1,11452,104.879997253418,0,4,1,1,1,346.002593994141,387.589996337891,0.184039264917374
43,1,1,3,1,1,11454,53.810001373291,0,3,2,3,1,226.785461425781,295.420013427734,0.0234523471444845
39,1,1,4,1,1,11456,90.8499984741211,0,5,2,2,1,350.454345703125,402.410003662109,0.0306336097419262
52,1,1,4,1,1,11457,58.6399993896484,0,3,1,1,1,195.212005615234,232.830001831055,0.200628027319908
47,1,1,3,1,1,11458,104.609062194824,0,3,3,3,1,670.294006347656,602.429992675781,0.0271882247179747
43,1,1,3,1,1,11460,47.6500015258789,0,3,1,1,1,195.491409301758,273.600006103516,0.120670042932034
44,1,1,4,1,1,11461,43.6500015258789,0,3,1,2,1,162.914047241211,227.330001831055,0.157199114561081
52,0,1,1,1,1,11462,53.5800018310547,1,1,1,1,0,221.910537719727,329.230010986328,0.097726970911026
40,1,1,3,1,1,11464,52.5900001525879,0,2,1,1,1,215.298080444336,239.350006103516,0.114749625325203
60,1,1,4,1,1,11465,NA,NA,NA,NA,NA,1,0,0,NA
43,1,1,1,1,1,11467,77.1515426635742,0,1,3,3,0,1860.77587890625,1549.41003417969,0.0109612951055169
38,0,1,3,1,1,11468,88.3399963378906,0,1,1,1,1,359.323699951172,321.980010986328,0.112806864082813
51,1,1,3,1,1,11470,28.6200008392334,1,2,2,3,1,118.599113464355,213.449996948242,0.033339399844408
NA,0,1,3,1,1,11471,57.5499992370605,0,1,3,3,1,219.954315185547,262.859985351562,0.0303501505404711
46,1,1,3,1,1,11476,37.6300010681152,0,1,2,3,1,162.736526489258,308.910003662109,0.026058966293931
54,1,1,4,1,1,11477,128.096374511719,0,3,2,2,1,646.585083007812,638.159973144531,0.0551807284355164
35,1,1,4,1,1,11478,103.300003051758,0,3,1,1,1,389.168975830078,411.75,0.143197506666183
53,1,1,3,1,1,11479,NA,NA,NA,NA,NA,1,0,0,NA
52,1,1,1,1,1,11480,51.4799995422363,1,1,1,1,0,227.878128051758,235.029998779297,0.0974532663822174
50,1,1,3,1,1,11481,87.1900024414062,0,2,2,2,1,334.541107177734,411.059997558594,0.0315255858004093
61,0,1,2,1,1,11482,89.4700012207031,0,1,1,1,0,278.831115722656,297.470001220703,0.204007863998413
43,0,1,2,1,1,11483,57.310001373291,0,1,1,2,0,248.714614868164,284.470001220703,0.0930292531847954
56,1,1,2,1,1,11484,159.329559326172,0,3,3,3,0,1000.42700195312,854.760009765625,0.0331694222986698
47,1,1,3,1,1,11488,45.560001373291,0,1,3,3,1,196.647918701172,226.5,0.0271882247179747
54,0,1,4,1,1,11489,42.810001373291,1,1,1,1,1,123.173721313477,234.880004882812,0.217852309346199
45,1,1,1,1,1,11490,53.1500015258789,0,3,1,1,0,253.855514526367,328.739990234375,0.0738287270069122
52,1,1,3,1,1,11491,NA,NA,NA,NA,NA,1,0,0,NA
48,1,1,3,1,1,11492,79.9400024414062,0,2,3,3,1,321.386474609375,335.920013427734,0.0284663792699575
42,1,1,2,1,1,11497,84.9400024414062,0,1,3,3,0,390.424743652344,385.450012207031,0.0157341063022614
46,0,1,4,1,1,11498,51.8699989318848,0,1,3,3,1,195.698516845703,237.779998779297,0.0368640124797821
51,1,1,4,1,1,11501,75.4000015258789,0,3,3,3,1,268.717193603516,246.699996948242,0.0463271252810955
49,1,1,2,1,1,11503,105.279998779297,0,1,1,2,0,442.198883056641,545.780029296875,0.111437477171421
50,1,1,4,1,1,11504,104.01000213623,0,5,2,3,1,366.222869873047,421.609985351562,0.0439522080123425
46,1,1,2,1,1,11505,40.1399993896484,0,1,2,2,0,187.725799560547,214.869995117188,0.0181107763200998
47,1,1,1,1,1,11507,44.9956741333008,0,1,1,2,0,986.889099121094,847.52001953125,0.0788489952683449
58,1,1,3,1,1,11508,55.9700012207031,1,3,1,1,1,179.572067260742,315.829986572266,0.212817549705505
47,1,1,2,1,1,11509,79.2900009155273,0,1,1,2,0,355.260833740234,357.480010986328,0.10372956097126
49,1,1,3,1,1,11510,46.3199996948242,1,2,2,2,1,190.184265136719,239.380004882812,0.0299070440232754
47,1,1,3,1,1,11511,86.4400024414062,0,5,2,3,1,345.125305175781,389.190002441406,0.0271882247179747
50,0,1,1,1,1,11514,66.5007247924805,0,1,1,1,0,927.607238769531,816.619995117188,0.0891071707010269
51,1,1,4,1,1,11515,94.6500015258789,0,2,2,3,1,323.116394042969,307.869995117188,0.0463271252810955
47,1,1,2,1,1,11517,94.8600006103516,0,2,1,3,0,405.253021240234,369.570007324219,0.10372956097126
54,1,1,1,1,1,11518,117.540573120117,0,1,2,2,0,488.386749267578,468.440002441406,0.0200173575431108
54,1,1,3,1,1,11520,66.6100006103516,0,5,1,NA,1,46.7287139892578,0,0.175325334072113
39,1,1,1,1,1,11521,84.9300003051758,0,1,3,3,0,420.056671142578,382.209991455078,0.00994591135531664
41,1,1,3,1,1,11522,207.335571289062,0,2,3,2,1,486.964416503906,463.010009765625,0.0222775880247355
45,1,1,1,1,1,11525,49.5818023681641,0,2,3,3,0,638.866394042969,574.52001953125,0.0118063986301422
52,1,1,2,1,1,11526,43.2799987792969,1,1,2,2,0,189.098495483398,237.5,0.0250304825603962
45,1,1,2,1,1,11528,50.060001373291,0,1,3,3,0,234.650527954102,237.860000610352,0.0173819325864315
47,1,1,3,1,1,11530,50.7799987792969,0,3,1,2,1,197.661163330078,300.940002441406,0.133864060044289
60,1,1,2,1,1,11531,NA,NA,NA,NA,NA,0,0,0,NA
52,1,1,1,1,1,11532,49.2299995422363,1,1,2,2,0,232.494598388672,278.600006103516,0.017355402931571
48,0,1,3,1,1,11535,NA,NA,NA,NA,NA,1,0,0,NA
33,0,1,3,1,1,11536,50.8800010681152,0,2,1,1,1,202.488296508789,226.570007324219,0.112801991403103
37,0,1,3,1,1,11538,33.7900009155273,0,3,1,2,1,146.427780151367,188.399993896484,0.112169198691845
44,1,1,3,1,1,11539,104.419998168945,0,2,1,1,1,418.628295898438,412.100006103516,0.123368881642818
43,1,1,1,1,1,11540,100.919998168945,0,1,1,1,0,484.723510742188,503.179992675781,0.0699463859200478
53,1,1,1,1,1,11541,76.3099975585938,0,3,1,1,0,327.126098632812,294.890014648438,0.10242211073637
54,1,1,4,1,1,11542,22.2000007629395,1,2,3,3,1,87.7370910644531,110.449996948242,0.0551807284355164
47,0,1,1,1,1,11543,90.6999969482422,0,1,3,3,0,415.332305908203,410.420013427734,0.0129808392375708
59,1,1,2,1,1,11544,63.25,1,1,3,3,0,237.223922729492,218.210006713867,0.042160589247942
50,1,1,2,1,1,11546,100.209999084473,0,1,1,NA,0,105.071273803711,0,0.11592873185873
48,1,1,3,1,1,11547,134.421752929688,0,1,3,3,1,531.397216796875,501.410003662109,0.0284663792699575
53,1,1,1,1,1,11548,107.01000213623,0,1,3,2,0,469.927429199219,462.859985351562,0.0186080075800419
39,1,1,2,1,1,11554,64.2600021362305,0,1,3,3,0,299.311920166016,352.589996337891,0.0147735681384802
40,1,1,1,1,1,11555,256.916198730469,0,1,2,3,0,731.551025390625,657.239990234375,0.0101242139935493
44,1,1,3,1,1,11556,87.6100006103516,0,1,3,3,1,359.719085693359,429.549987792969,0.0242007970809937
52,1,1,2,1,1,11560,100.519996643066,0,1,1,1,0,398.632110595703,419.880004882812,0.126327008008957
51,0,1,4,1,1,11562,83.4100036621094,0,5,1,1,1,273.812408447266,408.109985351562,0.193668693304062
43,1,1,1,1,1,11563,96.5400009155273,0,1,3,3,0,471.466552734375,482.559997558594,0.0109612951055169
45,1,1,4,1,1,11567,NA,NA,NA,NA,NA,1,0,0,NA
49,0,1,4,1,1,11569,102.896301269531,0,3,1,1,1,574.13525390625,551.049987792969,0.180677890777588
46,1,1,4,1,1,11570,101.139999389648,0,4,1,1,1,361.337127685547,424.760009765625,0.164936676621437
46,0,1,4,1,1,11571,44.5200004577637,0,4,1,2,1,150.65087890625,251.720001220703,0.165330946445465
37,1,1,4,1,1,11574,43.3400001525879,0,4,1,2,1,172.328948974609,221.580001831055,0.143576696515083
42,1,1,2,1,1,11576,32.6513442993164,0,1,3,3,0,896.192443847656,741.27001953125,0.0157341063022614
57,1,1,4,1,1,11577,49.9599990844727,1,1,1,1,1,146.440444946289,189.990005493164,0.247913494706154
55,1,1,1,1,1,11578,21.6800003051758,1,1,1,2,0,94.2078018188477,253.089996337891,0.113867744803429
54,1,1,4,1,1,11579,52.7599983215332,1,3,1,1,1,169.830093383789,173.410003662109,0.217385172843933
52,1,1,1,1,1,11581,190.070495605469,0,1,3,2,0,1395.12890625,1197.90002441406,0.017355402931571
45,1,1,1,1,1,11583,40.449333190918,0,1,3,3,0,845.9521484375,777.030029296875,0.0118063986301422
57,1,1,1,1,1,11585,526.099975585938,0,1,2,3,0,214.757369995117,375.480010986328,0.025385744869709
49,1,1,1,1,1,11587,57.8364944458008,0,1,2,3,0,909.3251953125,954.380004882812,0.0143819181248546
44,1,1,3,1,1,11588,25.7700004577637,1,5,1,1,1,110.483665466309,185.360000610352,0.123368881642818
53,1,1,1,1,1,11589,110.204742431641,0,1,3,2,0,931.28759765625,862.559997558594,0.0186080075800419
51,1,1,1,1,1,11592,NA,NA,NA,NA,NA,0,0,0,NA
41,0,1,3,1,1,11594,405.549987792969,0,4,3,3,1,164.203765869141,199.970001220703,0.0223619379103184
48,1,1,2,1,1,11595,58.0999984741211,0,1,3,2,0,258.581298828125,305.910003662109,0.0198864433914423
51,1,1,2,1,1,11596,83.4000015258789,0,1,2,3,0,344.947692871094,324.720001220703,0.0235107559710741
63,1,1,4,1,1,11597,75.0400009155273,0,1,1,NA,1,35.2049942016602,0,0.331376552581787
51,1,1,3,1,1,11599,112.796722412109,0,2,1,1,1,413.377288818359,474.510009765625,0.15426367521286
45,0,1,2,1,1,11600,193.680252075195,0,1,3,3,0,892.841003417969,779.5,0.0174502655863762
42,0,1,1,1,1,11601,45.7999992370605,0,1,1,1,0,221.504821777344,319.010009765625,0.0686037242412567
48,1,1,2,1,1,11603,58.7900009155273,0,1,2,2,0,264.520355224609,493.649993896484,0.0198864433914423
54,1,1,3,1,1,11605,64.8697052001953,0,3,1,1,1,718.583923339844,737.039978027344,0.175325334072113
54,0,1,4,1,1,11611,12.8500003814697,1,2,1,1,1,34.7553176879883,129.919998168945,0.217852309346199
45,1,1,3,1,1,11613,50.8899993896484,0,4,2,2,1,223.336135864258,240.949996948242,0.025066651403904
42,1,1,3,1,1,11615,90.1999969482422,0,3,1,1,1,372.1435546875,371.989990234375,0.11834279447794
42,1,1,4,1,1,11616,105.639999389648,0,4,1,3,1,395.585540771484,402.559997558594,0.151261359453201
44,0,1,4,1,1,11617,47.0099983215332,0,3,2,2,1,187.268661499023,261.589996337891,0.0343822166323662
46,1,1,1,1,1,11618,NA,NA,NA,NA,NA,0,0,0,NA
53,0,1,4,1,1,11619,NA,NA,NA,NA,NA,1,0,0,NA
65,1,1,4,1,1,11620,59.0400009155273,1,3,1,1,1,129.630844116211,168.240005493164,0.366501212120056
47,1,1,3,1,1,11621,53.9700012207031,0,1,3,3,1,231.408828735352,230.949996948242,0.0271882247179747
50,1,1,2,1,1,11626,142.554595947266,0,1,1,1,0,837.453857421875,804.900024414062,0.11592873185873
49,1,1,4,1,1,11627,32.3800010681152,1,1,3,3,1,132.259216308594,224.360000610352,0.0418251156806946
41,1,1,1,1,1,11628,43.5699996948242,0,1,1,2,0,221.107864379883,317.5,0.0670847371220589
53,0,1,3,1,1,11630,82.1999969482422,0,1,1,NA,1,57.0147476196289,0,0.168091088533401
42,1,1,3,1,1,11631,81.2578201293945,0,1,3,3,1,1323.03930664062,1190.18005371094,0.0228134952485561
53,0,1,1,1,1,11632,51.7299995422363,1,2,2,1,0,225.838653564453,338.350006103516,0.0186804290860891
47,1,1,1,1,1,11633,NA,NA,NA,NA,NA,0,0,0,NA
NA,NA,1,1,1,1,11634,59.8601531982422,0,1,2,2,0,470.499542236328,397.720001220703,0.0303501505404711
52,1,1,1,1,1,11635,107.506729125977,0,1,3,2,0,999.488647460938,907.200012207031,0.017355402931571
NA,1,1,4,1,1,11638,50.7299995422363,0,3,3,3,1,204.430130004883,244.880004882812,0.0303501505404711
43,0,1,1,1,1,11639,57.0356750488281,0,1,3,3,0,1738.7578125,1435.41003417969,0.0110072176903486
53,1,1,3,1,1,11640,60.2299995422363,0,2,1,1,1,222.584915161133,241.360000610352,0.16769252717495
49,1,1,2,1,1,11641,80.5500030517578,0,1,3,3,0,347.330596923828,388.809997558594,0.020953880622983
47,1,1,1,1,1,11642,42.5400009155273,0,1,1,1,0,234.863723754883,309.380004882812,0.0788489952683449
46,1,1,3,1,1,11643,38.8600006103516,0,2,2,2,1,172.990203857422,194.940002441406,0.026058966293931
53,1,1,2,1,1,11645,185.725173950195,0,1,1,3,0,570.791076660156,586.599975585938,0.132297292351723
52,0,1,3,1,1,11646,503.149993896484,0,3,1,NA,1,33.7738304138184,0,0.161070957779884
59,1,1,2,1,1,11648,96.4141464233398,0,1,3,3,0,629.872619628906,568.510009765625,0.042160589247942
42,1,1,1,1,1,11649,154.349426269531,0,2,2,3,0,773.139343261719,658.030029296875,0.0106288930401206
41,1,1,4,1,1,11650,52.189998626709,0,2,2,3,1,209.224166870117,244.940002441406,0.0316871404647827
39,1,1,4,1,1,11651,69.5899963378906,0,3,1,1,1,264.973663330078,385.100006103516,0.145473584532738
43,1,1,3,1,1,11652,75.6500015258789,0,3,3,3,1,324.389831542969,399.760009765625,0.0234523471444845
43,1,1,4,1,1,11656,40.7700004577637,0,2,3,3,1,175.472030639648,260.709991455078,0.0332612656056881
50,0,1,4,1,1,11659,60.7900009155273,0,4,1,1,1,205.169235229492,285.670013427734,0.186879724264145
63,0,1,4,1,1,11660,33.0999984741211,1,3,1,NA,1,14.0329465866089,0,0.331952631473541
47,1,1,4,1,1,11663,NA,NA,NA,NA,NA,1,0,0,NA
56,1,1,1,1,1,11664,68.2799987792969,1,1,3,2,0,292.329315185547,320.260009765625,0.0233837105333805
44,1,1,1,1,1,11665,69.2033081054688,0,1,3,3,0,887.455383300781,863.830017089844,0.0113522093743086
42,0,1,2,1,1,11666,66.8499984741211,0,1,2,3,0,302.218200683594,331.779998779297,0.0157968588173389
53,1,1,1,1,1,11667,94.0199966430664,0,1,1,1,0,403.788635253906,484.399993896484,0.10242211073637
40,0,1,2,1,1,11668,84.3899993896484,0,1,3,3,0,378.800598144531,444.570007324219,0.015085001476109
53,1,1,3,1,1,11670,51.4799995422363,1,3,1,1,1,186.571212768555,198.490005493164,0.16769252717495
41,1,1,3,1,1,11673,101.540000915527,0,1,3,3,1,424.844757080078,403.679992675781,0.0222775880247355
42,1,1,2,1,1,11674,58.611572265625,0,1,1,1,0,508.950164794922,517.580017089844,0.0908424407243729
45,1,1,3,1,1,11675,NA,NA,NA,NA,NA,1,0,0,NA
47,0,1,1,1,1,11676,80.379997253418,0,1,1,1,0,367.827697753906,339.140014648438,0.0790827199816704
46,1,1,1,1,1,11677,74.5,0,1,1,NA,0,71.1277236938477,0,0.0761880278587341
43,1,1,2,1,1,11679,166.240692138672,0,1,2,2,0,726.473266601562,651.010009765625,0.0162003077566624
50,1,1,4,1,1,11680,31.0900001525879,1,4,1,2,1,115.581382751465,193.559997558594,0.186453565955162
39,1,1,4,1,1,11683,62.4300003051758,0,4,1,1,1,242.94352722168,275.779998779297,0.145473584532738
49,0,1,2,1,1,11684,NA,NA,NA,NA,NA,0,0,0,NA
NA,1,1,2,1,1,11685,67.129997253418,0,1,1,2,0,259.589233398438,374.529998779297,0.144536748528481
47,0,1,4,1,1,11686,45.3600006103516,0,4,1,2,1,162.797317504883,280.119995117188,0.169928267598152
NA,1,1,2,1,1,11687,41.1500015258789,0,1,3,3,0,166.138580322266,221.899993896484,0.0303501505404711
43,0,1,3,1,1,11692,62.5800018310547,0,1,3,3,1,264.456298828125,353.100006103516,0.0235404297709465
47,0,1,2,1,1,11693,86.629997253418,0,1,2,3,0,370.169708251953,454.25,0.0190159231424332
49,1,1,2,1,1,11695,88.2900009155273,0,1,2,2,0,378.874725341797,456.980010986328,0.020953880622983
49,1,1,2,1,1,11696,50.0353012084961,0,1,2,3,0,1178.58544921875,1042.31994628906,0.020953880622983
47,1,1,1,1,1,11698,44.1599998474121,0,4,2,2,0,218.903823852539,252.669998168945,0.0129278525710106
46,1,1,3,1,1,11699,25.9899997711182,1,2,2,2,1,114.485977172852,199.800003051758,0.026058966293931
51,0,1,1,1,1,11700,33.1800003051758,1,1,1,2,0,138.751129150391,163.009994506836,0.0932046547532082
55,0,1,3,1,1,11701,82.0800018310547,0,1,2,3,1,284.643920898438,358.070007324219,0.0431181564927101
43,1,1,4,1,1,11702,NA,NA,NA,NA,NA,1,0,0,NA
49,0,1,4,1,1,11703,207.812622070312,0,5,1,2,1,683.555541992188,670.659973144531,0.180677890777588
48,1,1,2,1,1,11705,90.8988037109375,0,1,2,3,0,844.606079101562,784.150024414062,0.0198864433914423
54,1,1,1,1,1,11708,100.269996643066,0,1,1,1,0,428.174865722656,459.179992675781,0.107881277799606
44,1,1,1,1,1,11709,90.0500030517578,0,1,3,3,0,443.083831787109,459.350006103516,0.0113522093743086
37,1,1,2,1,1,11710,43.6100006103516,0,1,3,3,0,209.637939453125,251.779998779297,0.0144646111875772
49,1,1,1,1,1,11713,80.429313659668,0,1,1,2,0,1222.08361816406,1074.5400390625,0.0851575210690498
51,0,1,1,1,1,11715,86.3199996948242,0,1,2,1,0,386.600524902344,393.579986572266,0.0163074526935816
60,0,1,2,1,1,11716,32.810001373291,1,3,3,NA,0,22.4976692199707,0,0.0460362285375595
59,0,1,3,1,1,11717,NA,NA,NA,NA,NA,1,0,0,NA
50,1,1,2,1,1,11719,51.2599983215332,0,1,2,2,0,220.598876953125,255.580001831055,0.0221572518348694
37,1,1,4,1,1,11720,73.0138702392578,0,1,3,3,1,447.763641357422,548.719970703125,0.0300606470555067
47,1,1,4,1,1,11721,31.8400001525879,1,3,1,1,1,118.812515258789,261.209991455078,0.169526964426041
55,1,1,1,1,1,11722,60.7400016784668,1,1,2,2,0,260.7978515625,332.299987792969,0.0216021966189146
48,1,1,3,1,1,11723,42.5,0,2,1,NA,1,32.8955993652344,0,0.138228967785835
49,1,1,2,1,1,11724,103.319999694824,0,1,1,2,0,429.337219238281,437.200012207031,0.111437477171421
NA,1,1,1,1,1,11725,27.7700004577637,1,1,3,3,0,117.914482116699,204.529998779297,0.0303501505404711
34,1,1,3,1,1,11726,135.195175170898,0,1,3,3,1,597.069091796875,673.840026855469,0.0210671331733465
56,1,1,3,1,1,11730,104.040000915527,0,1,1,1,1,357.950225830078,378.640014648438,0.192604705691338
52,1,1,2,1,1,11732,122.900024414062,0,1,3,3,0,674.876403808594,641.099975585938,0.0250304825603962
48,1,1,1,1,1,11733,241.855545043945,0,1,3,2,0,526.992614746094,532.419982910156,0.0136091280728579
43,1,1,1,1,1,11736,78.7900009155273,0,1,3,3,0,384.346160888672,360.600006103516,0.0109612951055169
48,1,1,3,1,1,11737,35.9799995422363,0,1,1,NA,1,30.5273532867432,0,0.138228967785835
48,1,1,3,1,1,11738,56.961498260498,0,1,3,3,1,652.56494140625,679.109985351562,0.0284663792699575
59,1,1,3,1,1,11740,64.6800003051758,1,3,1,1,1,199.851898193359,239.699996948242,0.224118784070015
40,0,1,4,1,1,11741,42.9500007629395,0,1,1,1,1,156.645736694336,289.130004882812,0.147367998957634
59,1,1,3,1,1,11742,39.4700012207031,1,2,1,1,1,127.745277404785,279.160003662109,0.224118784070015
44,0,1,2,1,1,11743,51.0663566589355,0,1,2,2,0,891.372924804688,808.049987792969,0.0168137196451426
52,0,1,3,1,1,11747,58.1399993896484,0,2,3,3,1,220.296401977539,388.070007324219,0.0354918427765369
47,0,1,1,1,1,11749,21.0100002288818,1,2,1,1,0,108.038963317871,133.229995727539,0.0790827199816704
48,1,1,3,1,1,11752,98.0899963378906,0,3,3,3,1,385.400848388672,390.75,0.0284663792699575
55,1,1,1,1,1,11753,53.0299987792969,0,3,1,NA,0,44.8020553588867,0,0.113867744803429
50,1,1,3,1,1,11755,42.2615737915039,1,3,1,1,1,464.416717529297,481.459991455078,0.148401319980621
54,0,1,3,1,1,11756,39.2400016784668,1,1,3,3,1,141.951049804688,211.860000610352,0.0402964502573013
41,1,1,4,1,1,11757,45.0999984741211,0,2,1,1,1,171.880493164062,259.390014648438,0.148928374052048
55,0,1,3,1,1,11759,52.0299987792969,1,3,1,1,1,174.375839233398,182,0.184039264917374
48,1,1,2,1,1,11761,39.3800010681152,0,1,1,NA,0,161.922424316406,0,0.107379741966724
57,1,1,1,1,1,11763,57.3800010681152,1,1,2,3,0,254.785919189453,398.010009765625,0.025385744869709
44,1,1,1,1,1,11764,91.2399978637695,0,1,3,3,0,442.634460449219,462.75,0.0113522093743086
37,0,1,3,1,1,11766,61.2299995422363,0,2,1,1,1,247.949920654297,249.820007324219,0.112169198691845
53,1,1,2,1,1,11770,NA,NA,NA,NA,NA,0,0,0,NA
55,1,1,2,1,1,11771,51.3400001525879,1,2,2,2,0,218.485565185547,251.979995727539,0.03077975474298
53,1,1,1,1,1,11772,63.4018325805664,0,1,3,3,0,511.153991699219,466.269989013672,0.0186080075800419
NA,0,1,1,1,1,11777,33.9700012207031,1,1,3,3,0,136.971649169922,208.669998168945,0.0303501505404711
48,1,1,3,1,1,11783,45.8861541748047,0,3,2,2,1,790.645629882812,761.080017089844,0.0284663792699575
39,1,1,3,1,1,11784,37.8800010681152,0,2,1,1,1,178.166259765625,215.940002441406,0.113462187349796
48,1,1,3,1,1,11785,194.889251708984,0,1,3,3,1,729.246520996094,685.159973144531,0.0284663792699575
NA,NA,1,1,1,1,11787,129.409423828125,0,1,2,3,0,776.620422363281,749.159973144531,0.0303501505404711
62,1,1,4,1,1,11788,31.2399997711182,1,4,1,NA,1,15.8864030838013,0,0.315220385789871
48,1,1,1,1,1,11791,95.25,0,1,2,3,0,441.075958251953,479.720001220703,0.0136091280728579
42,1,1,2,1,1,11794,100.069999694824,0,1,2,3,0,458.866821289062,451.420013427734,0.0157341063022614
47,0,1,4,1,1,11796,65.620002746582,0,2,1,2,1,230.113250732422,297.269989013672,0.169928267598152
60,1,1,2,1,1,11797,22.9599990844727,1,1,2,2,0,91.6107559204102,171.630004882812,0.0458831638097763
44,1,1,1,1,1,11799,90.3000030517578,0,1,2,2,0,443.097076416016,487.769989013672,0.0113522093743086
41,1,1,3,1,1,11802,95.1800003051758,0,1,1,1,1,396.455078125,409.440002441406,0.116373218595982
45,1,1,3,1,1,11803,106.639999389648,0,1,3,3,1,430.621429443359,492.070007324219,0.025066651403904
48,0,1,1,1,1,11804,77.3509140014648,0,1,2,2,0,786.179382324219,719.659973144531,0.0136645175516605
33,1,1,3,1,1,11805,43.0999984741211,0,3,2,3,1,198.669998168945,283.570007324219,0.02123605273664
47,1,1,2,1,1,11807,52.689998626709,0,1,2,3,0,239.388488769531,250.169998168945,0.0189423989504576
44,0,1,3,1,1,11808,41.5800018310547,0,3,1,1,1,168.81169128418,257.739990234375,0.123693019151688
41,1,1,2,1,1,11812,89.4800033569336,0,1,2,3,0,418.905029296875,378.869995117188,0.0153436884284019
49,0,1,3,1,1,11813,120.511596679688,0,4,3,3,1,814.841064453125,727.940002441406,0.0300149396061897
47,1,1,1,1,1,11814,51.8707084655762,0,1,3,3,0,919.512023925781,846.940002441406,0.0129278525710106
51,1,1,4,1,1,11815,84.6399993896484,0,4,1,3,1,288.941040039062,321.380004882812,0.193233087658882
34,1,1,2,1,1,11816,101.26000213623,0,1,2,3,0,468.192993164062,538.409973144531,0.0144640561193228
57,1,1,1,1,1,11819,91.2799987792969,0,1,2,2,0,376.491455078125,408.160003662109,0.025385744869709
45,1,1,1,1,1,11820,91.4499969482422,0,1,2,3,0,443.3779296875,405.049987792969,0.0118063986301422
43,1,1,2,1,1,11821,57.8300018310547,0,3,2,2,0,269.47509765625,333.920013427734,0.0162003077566624
62,1,1,3,1,1,11822,NA,NA,NA,NA,NA,1,0,0,NA
52,1,1,3,1,1,11823,41.7599983215332,1,4,3,3,1,168.140060424805,189.910003662109,0.0353679284453392
46,0,1,1,1,1,11824,54.7299995422363,0,2,2,2,0,255.271011352539,302.160003662109,0.0123803000897169
45,1,1,3,1,1,11825,32.1199989318848,0,2,1,1,1,137.567321777344,277.690002441406,0.126455187797546
38,1,1,1,1,1,11826,40.8499984741211,0,2,1,1,0,198.3623046875,248.550003051758,0.0645236372947693
39,0,1,1,1,1,11828,42.189998626709,0,2,1,1,0,208.317687988281,270.859985351562,0.0653587579727173
52,1,1,2,1,1,11830,97.5899963378906,0,1,2,2,0,402.323150634766,424.75,0.0250304825603962
54,1,1,2,1,1,11833,88.3899993896484,0,1,3,3,0,348.808532714844,394.100006103516,0.0286433231085539
39,0,1,4,1,1,11835,42.7599983215332,0,2,2,3,1,168.783874511719,225.289993286133,0.0307436883449554
41,1,1,1,1,1,11837,78.9400024414062,0,1,3,2,0,387.791534423828,458.980010986328,0.0103509724140167
51,1,1,1,1,1,11838,NA,NA,NA,NA,NA,0,0,0,NA
42,1,1,2,1,1,11839,56.5382843017578,0,1,1,1,0,581.874938964844,596.219970703125,0.0908424407243729
41,1,1,1,1,1,11842,125.261680603027,0,1,2,3,0,714.834289550781,635.090026855469,0.0103509724140167
43,1,1,2,1,1,11845,72.4499969482422,0,2,2,3,0,333.297821044922,442.890014648438,0.0162003077566624
56,1,1,3,1,1,11848,84.5899963378906,0,3,2,2,1,288.754730224609,275.239990234375,0.0461049638688564
49,1,1,3,1,1,11849,57.1500015258789,0,2,2,2,1,226.580078125,225.130004882812,0.0299070440232754
45,1,1,1,1,1,11850,88.8600006103516,0,1,2,3,0,428.304046630859,456.019989013672,0.0118063986301422
55,1,1,2,1,1,11853,44.4500007629395,0,1,1,NA,0,110.303688049316,0,0.145955368876457
NA,NA,1,2,1,1,11855,47.2900009155273,1,2,1,1,0,182.350311279297,285.350006103516,0.144536748528481
44,1,1,2,1,1,11856,94.7900009155273,0,1,3,3,0,426.483428955078,450.769989013672,0.016747523099184
55,1,1,4,1,1,11857,NA,NA,NA,NA,NA,1,0,0,NA
47,1,1,4,1,1,11859,25.6100006103516,1,3,2,3,1,110.357833862305,167.059997558594,0.0382344610989094
50,1,1,2,1,1,11860,49.9099998474121,0,1,1,NA,0,41.6852340698242,0,0.11592873185873
49,1,1,1,1,1,11861,51.4500007629395,0,1,3,2,0,251.570404052734,301.320007324219,0.0143819181248546
49,1,1,1,1,1,11866,120.089485168457,0,1,3,3,0,528.744934082031,529.840026855469,0.0143819181248546
50,0,1,4,1,1,11867,38.8800010681152,0,2,1,NA,1,25.60036277771,0,0.186879724264145
48,1,1,2,1,1,11871,67.5999984741211,0,1,2,NA,0,58.7149238586426,0,0.0198864433914423
58,1,1,1,1,1,11873,NA,NA,NA,NA,NA,0,0,0,NA
NA,1,1,3,1,1,11874,34.4900016784668,0,3,1,2,1,132.846298217773,165.910003662109,0.144536748528481
42,1,1,1,1,1,11875,100.269996643066,0,1,1,1,0,488.05859375,459.309997558594,0.0683941096067429
49,1,1,4,1,1,11877,16.2600002288818,1,4,1,1,1,70.3091506958008,104.48999786377,0.180260613560677
63,1,1,4,1,1,11878,20.2700004577637,1,2,3,3,1,60.8076477050781,171.399993896484,0.105352140963078
45,1,1,2,1,1,11879,142.822235107422,0,1,1,2,0,844.021301269531,751.719970703125,0.0975597128272057
56,1,1,3,1,1,11880,83.0800018310547,0,2,1,1,1,289.622344970703,275.540008544922,0.192604705691338
56,0,1,1,1,1,11883,65.4400024414062,1,1,1,1,0,258.660369873047,251.830001831055,0.120739750564098
48,1,1,3,1,1,11885,NA,NA,NA,NA,NA,1,0,0,NA
44,1,1,3,1,1,11886,44.8899993896484,0,2,1,3,1,188.358612060547,216.419998168945,0.123368881642818
38,1,1,2,1,1,11887,83.1800003051758,0,1,2,3,0,392.681701660156,373.220001220703,0.0145875625312328
42,1,1,3,1,1,11892,64.6076431274414,0,2,2,3,1,487.250457763672,494.209991455078,0.0228134952485561
48,1,1,3,1,1,11893,109.467620849609,0,2,2,2,1,942.911071777344,853.950012207031,0.0284663792699575
64,1,1,4,1,1,11894,51.1500015258789,1,3,2,NA,1,57.856517791748,0,0.114106692373753
54,1,1,1,1,1,11895,34.2788391113281,1,1,2,2,0,490.805755615234,647.640014648438,0.0200173575431108
39,1,1,2,1,1,11897,102.040000915527,0,1,1,1,0,457.431060791016,429.119995117188,0.0868212208151817
54,0,1,3,1,1,11898,48.4300003051758,1,3,1,1,1,161.82112121582,214.910003662109,0.175735384225845
53,1,1,1,1,1,11899,90.5899963378906,0,1,2,1,0,402.243286132812,435.540008544922,0.0186080075800419
57,0,1,1,1,1,11900,69.9970321655273,1,1,3,3,0,462.483459472656,480.279998779297,0.0254798699170351
58,1,1,1,1,1,11901,82.4100036621094,0,1,1,NA,0,64.7469177246094,0,0.135398343205452
50,1,1,3,1,1,11903,44.1500015258789,1,4,1,1,1,172.77458190918,295.970001220703,0.148401319980621
47,1,1,3,1,1,11906,51.7700004577637,0,2,1,1,1,217.824905395508,357.209991455078,0.133864060044289
41,1,1,3,1,1,11908,228.710266113281,0,3,1,1,1,515.804931640625,436.390014648438,0.116373218595982
44,0,1,4,1,1,11909,46.7999992370605,0,1,1,1,1,164.901184082031,185.550003051758,0.157581269741058
35,1,1,3,1,1,11910,121.954200744629,0,1,1,1,1,585.146057128906,541.309997558594,0.11154805123806
55,0,1,2,1,1,11911,111.800003051758,0,1,1,NA,0,77.4533462524414,0,0.146319091320038
59,0,1,2,1,1,11912,43.2200012207031,1,2,3,3,0,152.916229248047,263.25,0.0423035658895969
48,1,1,3,1,1,11913,86.6699981689453,0,3,2,2,1,341.888732910156,378.119995117188,0.0284663792699575
46,1,1,4,1,1,11914,52.0976181030273,0,5,2,3,1,1110.72717285156,962.130004882812,0.0367362052202225
48,1,1,1,1,1,11916,80.1999969482422,0,1,3,3,0,379.834533691406,369.869995117188,0.0136091280728579
51,0,1,3,1,1,11918,21.6299991607666,1,2,2,2,1,102.385620117188,151.789993286133,0.0334574282169342
46,0,1,3,1,1,11920,105.330001831055,0,3,1,1,1,406.052520751953,388.149993896484,0.130282923579216
59,1,1,4,1,1,11921,49.2900009155273,0,4,1,NA,1,27.2872467041016,0,0.272229731082916
48,1,1,1,1,1,11922,88.0699996948242,0,1,1,1,0,415.535949707031,455.450012207031,0.0818314552307129
60,1,1,4,1,1,11924,NA,NA,NA,NA,NA,1,0,0,NA
38,1,1,4,1,1,11925,53.2599983215332,0,4,1,1,1,207.851974487305,225.320007324219,0.144333705306053
42,1,1,3,1,1,11926,NA,NA,NA,NA,NA,1,0,0,NA
42,1,1,2,1,1,11928,70.9860687255859,0,1,3,3,0,924.673828125,819.25,0.0157341063022614
47,1,1,1,1,1,11929,84.7300033569336,0,2,3,3,0,405.933776855469,411.970001220703,0.0129278525710106
53,1,1,2,1,1,11930,107.860000610352,0,1,1,1,0,429.660675048828,568.969970703125,0.132297292351723
50,1,1,1,1,1,11931,74.8077087402344,0,1,2,3,0,658.298583984375,711.070007324219,0.0152560928836465
49,0,1,1,1,1,11933,85.0176849365234,0,1,2,2,0,870.471618652344,749.210021972656,0.0144399981945753
57,1,1,3,1,1,11936,71.5599975585938,0,1,1,NA,1,46.0328330993652,0,0.202325507998466
43,1,1,2,1,1,11937,106.75,0,4,1,1,0,472.553863525391,541.390014648438,0.0927653014659882
60,1,1,1,1,1,11938,36.0538330078125,1,1,2,2,0,1364.42907714844,1196.60998535156,0.0329997949302197
54,1,1,2,1,1,11941,NA,NA,NA,NA,NA,0,0,0,NA
42,1,1,1,1,1,11942,75.9199981689453,0,1,2,2,0,373.571746826172,423.890014648438,0.0106288930401206
43,1,1,4,1,1,11943,51.4199981689453,0,3,1,1,1,195.392868041992,221.75,0.154013589024544
52,1,1,1,1,1,11945,90.6668167114258,0,1,2,1,0,747.408935546875,703.799987792969,0.017355402931571
32,1,1,4,1,1,11946,37.1599998474121,0,3,2,NA,1,32.6023178100586,0,0.0306311454623938
45,1,1,2,1,1,11949,65.9400024414062,0,1,1,1,0,284.770660400391,308.609985351562,0.0975597128272057
55,1,1,2,1,1,11952,68.5599975585938,0,2,1,1,0,263.425628662109,295.359985351562,0.145955368876457
46,1,1,1,1,1,11953,79.3136444091797,0,1,1,1,0,970.811706542969,852.539978027344,0.0761880278587341
52,1,1,2,1,1,11954,24.5100002288818,1,1,1,1,0,103.224189758301,138.449996948242,0.126327008008957
44,1,1,2,1,1,11955,40.1599998474121,0,1,2,3,0,192.312316894531,334.010009765625,0.016747523099184
52,1,1,3,1,1,11957,81.9000015258789,0,3,2,3,1,304.088043212891,327.769989013672,0.0353679284453392
46,1,1,3,1,1,11958,61.0099983215332,0,2,1,2,1,258.279815673828,345.880004882812,0.12994684278965
44,0,1,2,1,1,11960,90.4700012207031,0,1,3,3,0,393.371276855469,408.299987792969,0.0168137196451426
54,1,1,3,1,1,11961,39.2000007629395,1,3,1,3,1,137.980041503906,285.950012207031,0.175325334072113
38,1,1,4,1,1,11962,48.6800003051758,0,4,2,1,1,197.616073608398,192.649993896484,0.0302888359874487
43,1,1,3,1,1,11964,791.489990234375,0,1,3,3,1,323.782531738281,393.510009765625,0.0234523471444845
47,1,1,3,1,1,11965,61.189998626709,0,3,1,1,1,247.106414794922,279.019989013672,0.133864060044289
58,0,1,1,1,1,11966,NA,NA,NA,NA,NA,0,0,0,NA
47,0,1,2,1,1,11967,58.7000007629395,0,2,2,3,0,263.132263183594,293.739990234375,0.0190159231424332
70,1,1,4,1,1,11968,36.7200012207031,1,5,3,NA,1,12.8798875808716,0,0.186722084879875
34,0,1,2,1,1,11970,89.9351806640625,0,1,2,1,0,960.49267578125,868.489990234375,0.0145224304869771
42,1,1,1,1,1,11973,40.6699981689453,0,1,1,2,0,196.920196533203,210.059997558594,0.0683941096067429
51,0,1,4,1,1,11974,43.3699989318848,1,3,3,3,1,152.344436645508,179.050003051758,0.0464813783764839
50,1,1,4,1,1,11975,83.8899993896484,0,5,1,1,1,284.048400878906,296.399993896484,0.186453565955162
50,1,1,1,1,1,11976,NA,NA,NA,NA,NA,0,0,0,NA
52,0,1,4,1,1,11978,80.1600036621094,0,5,1,1,1,263.240692138672,318.059997558594,0.201073586940765
42,1,1,4,1,1,11979,36.75,0,3,1,1,1,143.889892578125,239.380004882812,0.151261359453201
41,1,1,1,1,1,11981,43.060001373291,0,1,2,2,0,225.204666137695,247.300003051758,0.0103509724140167
41,1,1,1,1,1,11982,47.4900016784668,0,2,3,3,0,245.307846069336,358.079986572266,0.0103509724140167
48,0,1,2,1,1,11983,105.040000915527,0,4,2,3,0,448.617889404297,421.730010986328,0.0199630595743656
36,1,1,1,1,1,11984,89.5800018310547,0,1,2,2,0,457.812927246094,402.390014648438,0.0096834059804678
43,1,1,2,1,1,11985,33.6100006103516,0,1,3,3,0,170.652053833008,195.960006713867,0.0162003077566624
52,1,1,3,1,1,11986,113.403381347656,0,3,1,2,1,738.567626953125,657.469970703125,0.160683274269104
43,1,1,2,1,1,11987,82.620002746582,0,1,3,3,0,371.202545166016,347.799987792969,0.0162003077566624
41,0,1,1,1,1,11988,61.25,0,1,2,3,0,298.048980712891,358.339996337891,0.0103946607559919
46,1,1,3,1,1,11989,108.991012573242,0,1,3,3,1,649.658569335938,554.419982910156,0.026058966293931
52,1,1,3,1,1,11991,108.609909057617,0,1,2,2,1,746.491271972656,668.690002441406,0.0353679284453392
44,1,1,3,1,1,11994,41.7099990844727,0,1,2,2,1,182.525527954102,235.809997558594,0.0242007970809937
38,0,1,1,1,1,11996,56.7262115478516,0,1,3,3,0,1703.50402832031,1424.18005371094,0.00985566340386868
58,1,1,2,1,1,11997,40.7700004577637,1,2,1,1,0,147.634460449219,253.529998779297,0.171321347355843
46,0,1,2,1,1,11998,68.3899993896484,0,1,3,3,0,298.857391357422,447.980010986328,0.018181536346674
55,1,1,1,1,1,11999,86.120002746582,0,1,1,2,0,359.101623535156,419.230010986328,0.113867744803429
45,1,1,3,1,1,12003,73.9400024414062,0,2,1,2,1,293.587463378906,324.239990234375,0.126455187797546
48,1,1,2,1,1,12005,144.139038085938,0,2,2,1,0,857.283935546875,723.650024414062,0.0198864433914423
49,0,1,1,1,1,12007,466.029998779297,0,1,3,3,0,207.247406005859,253.380004882812,0.0144399981945753
51,1,1,2,1,1,12009,52.310001373291,1,1,3,3,0,225.568130493164,218.130004882812,0.0235107559710741
53,0,1,2,1,1,12010,134.105773925781,0,1,1,1,0,770.447204589844,657.489990234375,0.132637545466423
48,1,1,4,1,1,12012,187.292251586914,0,5,3,3,1,409.891876220703,450.809997558594,0.0399253256618977
46,1,1,3,1,1,12013,8.76000022888184,1,1,2,2,1,51.6203765869141,139.119995117188,0.026058966293931
53,1,1,2,1,1,12014,134.985321044922,0,4,3,3,0,752.950744628906,686.200012207031,0.0267345290631056
46,1,1,1,1,1,12017,195.996887207031,0,1,3,3,0,794.327758789062,789.260009765625,0.0123294442892075
58,1,1,4,1,1,12018,61.2299995422363,1,3,1,2,1,174.358200073242,222.240005493164,0.259654849767685
48,1,1,3,1,1,12020,80.9000015258789,0,2,3,3,1,337.303985595703,348,0.0284663792699575
45,1,1,4,1,1,12023,41.9099998474121,0,5,2,3,1,167.459213256836,198.820007324219,0.0354161076247692
42,1,1,1,1,1,12024,77.5217819213867,0,1,2,2,0,944.460998535156,828.640014648438,0.0106288930401206
47,1,1,1,1,1,12025,82.7200012207031,0,1,2,2,0,386.869842529297,367.160003662109,0.0129278525710106
51,1,1,2,1,1,12029,45.2999992370605,1,1,3,3,0,198.308486938477,234.820007324219,0.0235107559710741
42,1,1,1,1,1,12030,81.0299987792969,0,1,3,3,0,402.314910888672,390.929992675781,0.0106288930401206
66,0,1,4,1,1,12032,NA,NA,NA,NA,NA,1,0,0,NA
43,0,1,4,1,1,12033,156.091888427734,0,4,2,3,1,862.327880859375,823.460021972656,0.0333790816366673
44,1,1,1,1,1,12035,36.7000007629395,0,2,2,NA,0,38.3969650268555,0,0.0113522093743086
51,1,1,3,1,1,12037,81.2600021362305,0,4,1,NA,1,113.132667541504,0,0.15426367521286
56,1,1,1,1,1,12039,60.1500015258789,0,1,2,NA,0,51.0579452514648,0,0.0233837105333805
38,0,1,1,1,1,12042,107.300003051758,0,2,3,3,0,526.398986816406,522.400024414062,0.00985566340386868
50,1,1,3,1,1,12043,44.0200004577637,1,2,3,3,1,180.032135009766,225.320007324219,0.0315255858004093
54,0,1,2,1,1,12047,NA,NA,NA,NA,NA,0,0,0,NA
43,1,1,4,1,1,12051,NA,NA,NA,NA,NA,1,0,0,NA
45,1,1,1,1,1,12052,421.010009765625,0,1,1,1,0,195.905624389648,225.860000610352,0.0738287270069122
53,1,1,1,1,1,12053,56.6699981689453,0,3,1,NA,0,51.2699279785156,0,0.10242211073637
54,1,1,3,1,1,12054,82.7144775390625,0,3,2,3,1,478.968414306641,504.079986572266,0.0401590019464493
52,1,1,2,1,1,12055,95.2300033569336,0,1,1,2,0,381.830505371094,416.519989013672,0.126327008008957
42,0,1,3,1,1,12056,54.2700004577637,0,1,2,2,1,225.980316162109,310.619995117188,0.0228995438665152
49,1,1,1,1,1,12057,44.689998626709,1,1,2,2,0,226.463333129883,396.160003662109,0.0143819181248546
39,1,1,2,1,1,12058,83.4000015258789,0,1,1,1,0,371.846984863281,379.959991455078,0.0868212208151817
43,1,1,3,1,1,12061,125.868461608887,0,1,2,2,1,870.7412109375,802.890014648438,0.0234523471444845
48,1,1,1,1,1,12063,76.5899963378906,0,1,1,1,0,366.555541992188,325.890014648438,0.0818314552307129
57,1,1,1,1,1,12064,86.629997253418,0,1,2,3,0,355.636199951172,429.829986572266,0.025385744869709
42,1,1,3,1,1,12065,40.0999984741211,0,3,1,1,1,166.221923828125,279.079986572266,0.11834279447794
59,1,1,2,1,1,12066,109.669998168945,0,1,2,3,0,387.138946533203,335.179992675781,0.042160589247942
47,1,1,2,1,1,12067,51.3499984741211,0,1,3,3,0,237.259918212891,244.649993896484,0.0189423989504576
36,1,1,4,1,1,12068,9.01000022888184,0,3,1,1,1,38.1768074035645,199.929992675781,0.143198683857918
54,1,1,3,1,1,12069,30.4599990844727,1,2,1,1,1,110.436660766602,130.919998168945,0.175325334072113
46,1,1,2,1,1,12071,98.5608520507812,0,1,2,2,0,1539.34753417969,1382.4599609375,0.0181107763200998
48,1,1,4,1,1,12072,102.230003356934,0,5,1,1,1,361.098815917969,346.760009765625,0.174626991152763
42,1,1,3,1,1,12073,86.2600021362305,0,1,2,2,1,360.307006835938,353.709991455078,0.0228134952485561
32,1,1,4,1,1,12074,53.6699981689453,0,3,1,1,1,205.83024597168,214.770004272461,0.145465448498726
65,1,1,4,1,1,12077,105.370002746582,0,5,1,2,1,218.297546386719,252.809997558594,0.366501212120056
48,1,1,3,1,1,12078,93.9862213134766,0,1,3,3,1,794.520080566406,728.140014648438,0.0284663792699575
48,1,1,3,1,1,12079,85.370002746582,0,1,3,3,1,350.423278808594,365.690002441406,0.0284663792699575
55,0,1,4,1,1,12081,62.6599998474121,1,3,2,2,1,196.538436889648,256.540008544922,0.0589885525405407
51,1,1,3,1,1,12082,28.5699996948242,1,2,3,3,1,129.355987548828,171.139999389648,0.033339399844408
41,1,1,4,1,1,12084,104.669998168945,0,3,2,3,1,401.873718261719,396.790008544922,0.0316871404647827
37,1,1,1,1,1,12086,74.5299987792969,0,4,1,2,0,368.4638671875,392.989990234375,0.0641039609909058
53,1,1,4,1,1,12088,104.559997558594,0,3,1,1,1,336.819793701172,485.170013427734,0.208668306469917
45,1,1,2,1,1,12090,152.107894897461,0,1,1,2,0,940.940734863281,834.599975585938,0.0975597128272057
52,1,1,1,1,1,12091,47.9900016784668,1,1,1,1,0,217.680953979492,311.369995117188,0.0974532663822174
57,1,1,4,1,1,12093,99.0299987792969,0,4,1,3,1,293.657806396484,301.959991455078,0.247913494706154
48,1,1,1,1,1,12096,48.3499984741211,0,1,1,1,0,227.384384155273,401.519989013672,0.0818314552307129
43,1,1,3,1,1,12097,113.069747924805,0,1,2,2,1,801.408325195312,795.219970703125,0.0234523471444845
52,1,1,1,1,1,12098,41.3297119140625,1,1,3,3,0,496.129455566406,517.780029296875,0.017355402931571
40,0,1,4,1,1,12099,89.9000015258789,0,1,2,3,1,342.234680175781,365.329986572266,0.0312097109854221
54,1,1,1,1,1,12100,95.0299987792969,0,1,3,NA,0,133.621231079102,0,0.0200173575431108
50,1,1,3,1,1,12101,86.2470550537109,0,4,1,2,1,579.212463378906,517.22998046875,0.148401319980621
46,1,1,3,1,1,12102,30.8199996948242,1,2,3,3,1,138.85905456543,204.800003051758,0.026058966293931
62,1,1,4,1,1,12103,NA,NA,NA,NA,NA,1,0,0,NA
37,0,1,3,1,1,12105,43.3899993896484,0,3,1,1,1,170.170776367188,234.979995727539,0.112169198691845
49,1,1,4,1,1,12107,20.9599990844727,1,3,1,3,1,74.562141418457,198.820007324219,0.180260613560677
49,1,1,3,1,1,12108,84.9292373657227,0,1,1,1,1,628.59521484375,593.890014648438,0.143065959215164
51,1,1,1,1,1,12110,NA,NA,NA,NA,NA,0,0,0,NA
43,1,1,4,1,1,12111,87.7600021362305,0,3,2,2,1,334.871215820312,351.600006103516,0.0332612656056881
44,1,1,2,1,1,12112,76.9000015258789,0,1,2,3,0,351.151306152344,360.760009765625,0.016747523099184
49,0,1,2,1,1,12117,99.2456893920898,0,1,2,3,0,835.083923339844,770.840026855469,0.0210339762270451
45,1,1,4,1,1,12119,108.330001831055,0,4,1,2,1,385.031921386719,464.970001220703,0.160834074020386
61,0,1,2,1,1,12122,NA,NA,NA,NA,NA,0,0,0,NA
45,1,1,3,1,1,12123,42.8199996948242,0,2,1,2,1,190.96809387207,197.149993896484,0.126455187797546
50,1,1,4,1,1,12127,31.2299995422363,0,5,1,NA,1,22.1935005187988,0,0.186453565955162
51,1,1,1,1,1,12128,74.8897857666016,0,1,2,3,0,691.742431640625,648.119995117188,0.0162429753690958
46,1,1,4,1,1,12129,50.7099990844727,0,1,3,3,1,192.170883178711,282.920013427734,0.0367362052202225
46,1,1,3,1,1,12131,22.4099998474121,0,4,1,NA,1,19.2611255645752,0,0.12994684278965
52,1,1,3,1,1,12132,NA,NA,NA,NA,NA,1,0,0,NA
45,1,1,2,1,1,12135,45.1699981689453,0,1,1,2,0,217.232482910156,222.649993896484,0.0975597128272057
47,1,1,2,1,1,12137,80.379997253418,0,1,1,1,0,347.162689208984,447.190002441406,0.10372956097126
51,1,1,3,1,1,12138,43.6500015258789,1,2,2,2,1,171.610733032227,243.779998779297,0.033339399844408
51,1,1,2,1,1,12140,100.190002441406,0,1,3,3,0,425.720764160156,468.399993896484,0.0235107559710741
52,1,1,2,1,1,12141,42.9700012207031,0,1,1,NA,0,34.2168655395508,0,0.126327008008957
47,0,1,1,1,1,12144,81.0199966430664,0,1,3,3,0,373.809356689453,412.170013427734,0.0129808392375708
46,1,1,2,1,1,12148,83.3300018310547,0,3,3,3,0,382.099884033203,403.140014648438,0.0181107763200998
55,1,1,3,1,1,12150,93.9400024414062,0,3,2,3,1,332.566558837891,309.140014648438,0.0429729633033276
53,1,1,1,1,1,12152,148.21012878418,0,2,3,3,0,935.884216308594,870.780029296875,0.0186080075800419
41,1,1,2,1,1,12154,109.440002441406,0,1,1,1,0,485.950500488281,570.080017089844,0.0892178490757942
34,0,1,2,1,1,12157,160.091262817383,0,1,2,1,0,958.175842285156,853.390014648438,0.0145224304869771
58,1,1,1,1,1,12158,107.019996643066,0,1,3,3,0,422.73974609375,373.940002441406,0.027635121718049
52,1,1,1,1,1,12159,43,1,2,1,1,0,197.613998413086,259.299987792969,0.0974532663822174
57,1,1,4,1,1,12161,NA,NA,NA,NA,NA,1,0,0,NA
42,1,1,1,1,1,12162,40.3401947021484,0,1,1,1,0,957.369873046875,825.280029296875,0.0683941096067429
50,1,1,4,1,1,12163,66.4400024414062,0,2,1,NA,1,45.7874984741211,0,0.186453565955162
42,0,1,2,1,1,12164,92.3499984741211,0,1,2,2,0,411.804168701172,417.010009765625,0.0157968588173389
45,1,1,1,1,1,12167,94.0400009155273,0,1,3,3,0,465.693603515625,451.700012207031,0.0118063986301422
51,1,1,4,1,1,12168,NA,NA,NA,NA,NA,1,0,0,NA
40,0,1,1,1,1,12170,42.6399993896484,0,2,2,2,0,222.078063964844,325.529998779297,0.0101670669391751
45,1,1,4,1,1,12171,107.599998474121,0,1,2,2,1,408.953369140625,360.649993896484,0.0354161076247692
52,0,1,3,1,1,12173,39.7090034484863,1,2,1,1,1,891.108581542969,851.72998046875,0.161070957779884
48,1,1,3,1,1,12175,NA,NA,NA,NA,NA,1,0,0,NA
55,1,1,2,1,1,12176,93.1500015258789,0,4,3,3,0,359.123229980469,446.809997558594,0.03077975474298
43,1,1,2,1,1,12178,44.9407920837402,0,1,3,3,0,904.588562011719,813.469970703125,0.0162003077566624
41,0,1,1,1,1,12179,186.527328491211,0,1,2,2,0,610.233154296875,567.289978027344,0.0103946607559919
40,1,1,3,1,1,12180,71.8747863769531,0,2,2,3,1,838.885498046875,714.109985351562,0.0218391101807356
51,1,1,1,1,1,12182,14.3400001525879,1,1,1,1,0,72.6796646118164,160.339996337891,0.0929403752088547
31,1,1,4,1,1,12183,85.8199996948242,0,4,1,1,1,321.7265625,305.519989013672,0.146991953253746
51,1,1,4,1,1,12184,41.5499992370605,0,2,1,NA,1,28.2064361572266,0,0.193233087658882
44,1,1,1,1,1,12185,87.5599975585938,0,2,2,3,0,426.231567382812,463.359985351562,0.0113522093743086
44,1,1,1,1,1,12186,32.060001373291,0,1,1,NA,0,32.2532844543457,0,0.0717533752322197
62,1,1,3,1,1,12188,NA,NA,NA,NA,NA,1,0,0,NA
57,1,1,2,1,1,12192,41.6547164916992,1,1,3,3,0,733.918273925781,660.119995117188,0.0358409658074379
53,1,1,4,1,1,12193,42.9799995422363,1,3,1,1,1,143.40446472168,208.820007324219,0.208668306469917
63,1,1,1,1,1,12194,47.708324432373,1,1,1,1,0,642.333923339844,706.830017089844,0.185945942997932
44,1,1,3,1,1,12196,166.067031860352,0,2,3,3,1,711.166198730469,696.840026855469,0.0242007970809937
52,1,1,3,1,1,12201,42.0854034423828,1,1,1,2,1,1350.65771484375,1224.31005859375,0.160683274269104
45,1,1,2,1,1,12203,87.3824768066406,0,1,3,3,0,589.783569335938,538.010009765625,0.0173819325864315
43,1,1,3,1,1,12204,34.4799995422363,0,2,2,NA,1,30.7876853942871,0,0.0234523471444845
48,1,1,3,1,1,12206,36.3899993896484,0,2,1,NA,1,28.5723762512207,0,0.138228967785835
50,1,1,2,1,1,12208,81.2300033569336,0,1,1,1,0,344.378692626953,377.540008544922,0.11592873185873
NA,0,1,4,1,1,12209,66.620002746582,0,3,1,1,1,247.7275390625,302.809997558594,0.144536748528481
51,0,1,2,1,1,12210,77.4000015258789,0,1,1,NA,0,65.7865600585938,0,0.121201261878014
50,1,1,3,1,1,12212,93.0400009155273,0,3,3,3,1,357.433288574219,329.119995117188,0.0315255858004093
51,1,1,1,1,1,12213,34.7900314331055,1,2,3,3,0,1326.77014160156,1142.69995117188,0.0162429753690958
50,1,1,4,1,1,12216,NA,NA,NA,NA,NA,1,0,0,NA
60,1,1,1,1,1,12219,NA,NA,NA,NA,NA,0,0,0,NA
52,0,1,3,1,1,12220,66.1600036621094,0,4,2,2,1,246.341003417969,236.509994506836,0.0354918427765369
NA,NA,1,1,1,1,12221,NA,NA,NA,NA,NA,0,0,0,NA
47,1,1,2,1,1,12222,96.2031097412109,0,1,2,2,0,860.663879394531,804.090026855469,0.0189423989504576
55,1,1,1,1,1,12223,41.7700004577637,0,1,1,NA,0,35.6004447937012,0,0.113867744803429
44,1,1,4,1,1,12225,81.0500030517578,0,2,2,2,1,309.524261474609,296.329986572266,0.0342614911496639
55,1,1,3,1,1,12226,77.7200012207031,0,1,1,NA,1,53.8808059692383,0,0.183617144823074
44,1,1,3,1,1,12228,43.8499984741211,0,1,1,1,1,188.156616210938,309.579986572266,0.123368881642818
56,1,1,1,1,1,12229,49.0200004577637,1,1,1,1,0,208.023803710938,273.890014648438,0.120421066880226
47,1,1,2,1,1,12230,27.6800003051758,0,1,1,NA,0,25.5716457366943,0,0.10372956097126
49,0,1,4,1,1,12231,20.2199993133545,1,3,1,1,1,60.4253387451172,180.389999389648,0.180677890777588
54,1,1,1,1,1,12232,98.9899978637695,0,3,2,NA,0,97.6110000610352,0,0.0200173575431108
46,1,1,4,1,1,12234,40.1800003051758,0,5,1,2,1,150.972778320312,275.079986572266,0.164936676621437
42,1,1,1,1,1,12235,75.4199981689453,0,1,3,2,0,380.463134765625,348.769989013672,0.0106288930401206
51,1,1,1,1,1,12236,65.7699966430664,0,1,1,NA,0,58.8657302856445,0,0.0929403752088547
59,1,1,1,1,1,12237,109.263618469238,0,1,2,2,0,780.038024902344,709.539978027344,0.0301619172096252
45,1,1,1,1,1,12238,20.3299999237061,1,1,3,3,0,115.910888671875,234.270004272461,0.0118063986301422
49,1,1,3,1,1,12239,14.25,1,1,3,3,1,79.6055450439453,158.160003662109,0.0299070440232754
54,0,1,3,1,1,12241,NA,NA,NA,NA,NA,1,0,0,NA
52,1,1,3,1,1,12242,NA,NA,NA,NA,NA,1,0,0,NA
NA,1,1,2,1,1,12243,58.5699996948242,0,3,1,NA,0,45.0597457885742,0,0.144536748528481
49,1,1,3,1,1,12245,NA,NA,NA,NA,NA,1,0,0,NA
37,1,1,2,1,1,12247,33.9700012207031,0,1,3,3,0,171.958526611328,236.759994506836,0.0144646111875772
51,1,1,2,1,1,12249,45.4300003051758,1,3,1,2,0,192.049331665039,222.050003051758,0.120881728827953
48,0,1,1,1,1,12250,36.9341888427734,1,1,2,1,0,1461.32934570312,1239.92004394531,0.0136645175516605
64,1,1,4,1,1,12251,33.4099998474121,1,1,1,NA,1,16.1129188537598,0,0.348468720912933
46,1,1,4,1,1,12252,116.837532043457,0,5,2,2,1,425.460601806641,396.429992675781,0.0367362052202225
49,1,1,4,1,1,12253,78.9499969482422,0,4,1,1,1,274.712768554688,248.309997558594,0.180260613560677
51,1,1,3,1,1,12254,26.7591495513916,1,2,2,2,1,462.685211181641,423.670013427734,0.033339399844408
46,1,1,3,1,1,12255,84.4000015258789,0,2,3,3,1,342.599548339844,416.549987792969,0.026058966293931
49,0,1,3,1,1,12256,49.1500015258789,0,3,1,1,1,192.500732421875,262.079986572266,0.143424808979034
47,1,1,4,1,1,12259,21.3400001525879,1,4,1,1,1,87.2367095947266,205.440002441406,0.169526964426041
48,1,1,2,1,1,12260,178.325531005859,0,1,3,3,0,852.038696289062,786.869995117188,0.0198864433914423
56,1,1,3,1,1,12263,47.2765579223633,1,2,3,3,1,594.193786621094,643.340026855469,0.0461049638688564
50,1,1,1,1,1,12267,65.2163162231445,0,1,1,2,0,1548.41333007812,1318.32995605469,0.0888515189290047
42,1,1,4,1,1,12269,48.1100006103516,0,3,1,1,1,179.994781494141,232.380004882812,0.151261359453201
37,1,1,1,1,1,12270,98.7900009155273,0,1,2,3,0,482.81640625,507.619995117188,0.00972679909318686
46,1,1,4,1,1,12271,100.330001831055,0,4,2,2,1,372.408782958984,353.799987792969,0.0367362052202225
45,1,1,1,1,1,12273,NA,NA,NA,NA,NA,0,0,0,NA
51,1,1,2,1,1,12274,108.090782165527,0,1,1,3,0,724.154724121094,738.190002441406,0.120881728827953
49,1,1,1,1,1,12280,96.2900009155273,0,1,1,1,0,456.683746337891,503.890014648438,0.0851575210690498
50,1,1,1,1,1,12281,80.1460342407227,0,1,2,2,0,1114.85571289062,1040.11999511719,0.0152560928836465
47,1,1,4,1,1,12284,98.120002746582,0,1,1,1,1,350.915985107422,333.75,0.169526964426041
46,1,1,1,1,1,12286,95.4199981689453,0,1,1,2,0,456.998687744141,451.079986572266,0.0761880278587341
50,1,1,4,1,1,12287,105.220001220703,0,5,1,1,1,352.889709472656,408.399993896484,0.186453565955162
57,0,1,2,1,1,12288,NA,NA,NA,NA,NA,0,0,0,NA
51,1,1,2,1,1,12290,83.7699966430664,0,1,1,1,0,342.463287353516,322.609985351562,0.120881728827953
54,1,1,2,1,1,12291,104.330001831055,0,1,2,3,0,417.090301513672,430.640014648438,0.0286433231085539
38,1,1,3,1,1,12292,36.9000015258789,0,1,1,1,1,164.241302490234,201.119995117188,0.112503193318844
49,1,1,1,1,1,12293,NA,NA,NA,NA,NA,0,0,0,NA
51,1,1,1,1,1,12295,156.639587402344,0,2,1,1,0,642.284545898438,668,0.0929403752088547
43,1,1,4,1,1,12296,72.5400009155273,0,4,1,1,1,272.432403564453,297.589996337891,0.154013589024544
60,1,1,4,1,1,12297,NA,NA,NA,NA,NA,1,0,0,NA
42,0,1,1,1,1,12298,70.9599990844727,0,1,2,2,0,344.703369140625,346.980010986328,0.010673594661057
59,0,1,3,1,1,12299,NA,NA,NA,NA,NA,1,0,0,NA
66,1,1,2,1,1,12301,40.7400016784668,1,1,3,NA,0,24.5725059509277,0,0.0790917426347733
49,0,1,3,1,1,12304,37.0699996948242,1,3,1,2,1,132.607788085938,206.869995117188,0.143424808979034
48,1,1,2,1,1,12306,48.5699996948242,0,1,1,2,0,208.313415527344,242.490005493164,0.107379741966724
48,1,1,3,1,1,12307,22.1900005340576,1,3,3,3,1,114.448417663574,200.990005493164,0.0284663792699575
52,0,1,2,1,1,12308,93.4599990844727,0,1,1,2,0,364.125396728516,416.510009765625,0.126656502485275
48,1,1,3,1,1,12312,104.180000305176,0,1,3,3,1,425.641204833984,474.480010986328,0.0284663792699575
45,1,1,2,1,1,12315,46.8699989318848,0,2,1,1,0,207.959930419922,217.800003051758,0.0975597128272057
57,1,1,1,1,1,12316,NA,NA,NA,NA,NA,0,0,0,NA
48,1,1,3,1,1,12317,133.45573425293,0,3,3,3,1,463.255523681641,609.030029296875,0.0284663792699575
48,0,1,3,1,1,12318,97.9300003051758,0,2,2,2,1,381.596527099609,400.769989013672,0.0285699553787708
52,1,1,3,1,1,12319,70.0199966430664,0,2,1,1,1,253.522430419922,262.619995117188,0.160683274269104
49,1,1,1,1,1,12321,84.5999984741211,0,1,3,3,0,395.917144775391,421.369995117188,0.0143819181248546
49,1,1,3,1,1,12325,50.4263076782227,0,1,3,3,1,1237.19860839844,1039.11999511719,0.0299070440232754
50,1,1,1,1,1,12327,74.4754486083984,0,1,3,3,0,946.159729003906,858.190002441406,0.0152560928836465
48,1,1,3,1,1,12329,56.2700004577637,0,3,1,2,1,223.178436279297,228.070007324219,0.138228967785835
51,1,1,4,1,1,12330,73.1069030761719,0,5,3,3,1,412.122253417969,475.679992675781,0.0463271252810955
49,0,1,1,1,1,12331,84.25,0,1,1,2,0,371.274932861328,442.140014648438,0.0854051560163498
63,1,1,3,1,1,12332,100.949996948242,0,3,3,3,1,284.831726074219,299.089996337891,0.0801736414432526
51,0,1,1,1,1,12333,40.0699996948242,1,1,2,2,0,186.270736694336,197.949996948242,0.0163074526935816
52,0,1,1,1,1,12334,102.069999694824,0,2,1,2,0,430.706359863281,423.579986572266,0.097726970911026
NA,NA,1,4,1,1,12335,210.828765869141,0,4,1,2,1,598.10986328125,543.150024414062,0.144536748528481
54,1,1,2,1,1,12336,69.5452880859375,0,1,2,3,0,745.691528320312,692.690002441406,0.0286433231085539
45,1,1,3,1,1,12337,404.839996337891,0,3,2,3,1,168.529434204102,160.259994506836,0.025066651403904
37,1,1,4,1,1,12339,107,0,4,1,2,1,405.183502197266,450.850006103516,0.143576696515083
45,1,1,2,1,1,12342,39.8400001525879,0,3,1,3,0,176.821090698242,210.339996337891,0.0975597128272057
51,1,1,1,1,1,12347,95.5599975585938,0,1,3,3,0,440.124908447266,506.339996337891,0.0162429753690958
47,1,1,1,1,1,12348,160.851821899414,0,1,3,3,0,804.587280273438,740.359985351562,0.0129278525710106
42,1,1,2,1,1,12352,51.6178321838379,0,1,3,3,0,950.047058105469,782.049987792969,0.0157341063022614
46,1,1,2,1,1,12353,59.0093460083008,0,1,3,3,0,1059.83862304688,907.929992675781,0.0181107763200998
53,0,1,3,1,1,12354,85.9199981689453,0,2,1,3,1,296.123779296875,345.299987792969,0.168091088533401
58,1,1,2,1,1,12355,51.439998626709,0,2,1,NA,0,36.2226448059082,0,0.171321347355843
52,0,1,4,1,1,12358,104.089996337891,0,1,1,3,1,332.709136962891,333.589996337891,0.201073586940765
66,1,1,2,1,1,12360,NA,NA,NA,NA,NA,0,0,0,NA
52,1,1,3,1,1,12361,49.4000015258789,1,5,1,2,1,179.410415649414,216.509994506836,0.160683274269104
42,1,1,3,1,1,12364,82.4499969482422,0,2,2,2,1,349.627807617188,425.5,0.0228134952485561
37,1,1,2,1,1,12365,86.1100006103516,0,1,2,3,0,403.806701660156,451.049987792969,0.0144646111875772
46,1,1,1,1,1,12367,91.2699966430664,0,1,2,3,0,437.323120117188,441.950012207031,0.0123294442892075
41,1,1,4,1,1,12368,106.199996948242,0,5,1,1,1,398.688720703125,387.989990234375,0.148928374052048
56,0,1,4,1,1,12370,NA,NA,NA,NA,NA,1,0,0,NA
38,1,1,2,1,1,12371,102.419998168945,0,2,2,2,0,475.558288574219,437.980010986328,0.0145875625312328
50,1,1,2,1,1,12372,43.9042320251465,1,1,2,2,0,1450.74719238281,1421.01000976562,0.0221572518348694
51,0,1,1,1,1,12373,105.370002746582,0,1,1,1,0,450.165008544922,432.510009765625,0.0932046547532082
55,1,1,4,1,1,12375,22.8700008392334,1,3,2,3,1,95.2876510620117,144.740005493164,0.0588021613657475
46,0,1,2,1,1,12376,45.7900009155273,0,2,1,1,0,197.887222290039,276.880004882812,0.10074320435524
50,1,1,1,1,1,12377,54.5099983215332,0,3,1,2,0,247.653396606445,286.989990234375,0.0888515189290047
49,1,1,3,1,1,12378,42.2000007629395,1,1,1,2,1,165.910568237305,344.769989013672,0.143065959215164
46,1,1,1,1,1,12380,42.4900016784668,0,1,3,3,0,213.474807739258,270.239990234375,0.0123294442892075
44,0,1,1,1,1,12381,47.8199996948242,0,1,2,3,0,228.442687988281,334.450012207031,0.0113995503634214
44,1,1,3,1,1,12382,41.439998626709,0,2,2,2,1,181.751266479492,207.649993896484,0.0242007970809937
44,0,1,2,1,1,12383,83.2699966430664,0,1,1,2,0,352.592590332031,387.459991455078,0.0952680185437202
46,1,1,4,1,1,12385,67.8300018310547,0,3,2,3,1,257.661865234375,272.839996337891,0.0367362052202225
50,1,1,1,1,1,12389,56.1100006103516,0,1,1,NA,0,84.7916870117188,0,0.0888515189290047
48,0,1,3,1,1,12391,72.379997253418,0,2,1,1,1,271.614379882812,275.399993896484,0.138579607009888
46,1,1,4,1,1,12392,48.0200004577637,0,5,1,1,1,180.838821411133,248.139999389648,0.164936676621437
38,1,1,2,1,1,12393,83.5899963378906,0,1,3,3,0,399.76416015625,423.239990234375,0.0145875625312328
46,1,1,2,1,1,12394,NA,NA,NA,NA,NA,0,0,0,NA
46,0,1,3,1,1,12395,87.9147644042969,0,1,1,3,1,604.891174316406,578.549987792969,0.130282923579216
46,1,1,1,1,1,12397,42.8800010681152,0,2,1,1,0,204.723770141602,264.160003662109,0.0761880278587341
58,1,1,3,1,1,12398,64.0199966430664,0,1,1,NA,1,40.5942230224609,0,0.212817549705505
51,0,1,1,1,1,12401,58.2999992370605,0,1,1,1,0,251.002685546875,284.959991455078,0.0932046547532082
53,1,1,1,1,1,12404,43.5099983215332,1,1,2,2,0,212.622619628906,274.559997558594,0.0186080075800419
50,0,1,1,1,1,12405,51.3499984741211,0,1,1,1,0,223.586120605469,268.709991455078,0.0891071707010269
41,1,1,1,1,1,12406,35.189998626709,0,1,2,1,0,190.847778320312,268.410003662109,0.0103509724140167
44,1,1,1,1,1,12408,101.980003356934,0,1,2,2,0,490.587463378906,468.489990234375,0.0113522093743086
42,1,1,2,1,1,12409,59.2599983215332,0,1,1,2,0,262.090759277344,365.829986572266,0.0908424407243729
55,1,1,1,1,1,12410,49.0513763427734,1,1,3,3,0,827.244323730469,831.260009765625,0.0216021966189146
45,1,1,4,1,1,12411,40.689998626709,0,2,1,1,1,149.440460205078,271.359985351562,0.160834074020386
52,1,1,1,1,1,12412,69.8099975585938,0,1,2,2,0,318.315673828125,374.480010986328,0.017355402931571
43,0,1,1,1,1,12413,59.5800018310547,0,1,3,3,0,304.377014160156,304.959991455078,0.0110072176903486
49,1,1,3,1,1,12414,211.066284179688,0,3,1,2,1,863.166137695312,791.460021972656,0.143065959215164
52,1,1,3,1,1,12415,30.4400005340576,1,3,2,2,1,128.121398925781,160.789993286133,0.0353679284453392
52,1,1,4,1,1,12419,103.48999786377,0,3,1,2,1,338.507446289062,426.940002441406,0.200628027319908
47,1,1,3,1,1,12421,75.129997253418,0,3,3,3,1,309.024475097656,357.899993896484,0.0271882247179747
53,1,1,1,1,1,12422,75.0100021362305,0,1,1,2,0,323.042846679688,318.380004882812,0.10242211073637
48,1,1,1,1,1,12423,88.9187164306641,0,1,2,1,0,865.313293457031,811.690002441406,0.0136091280728579
46,1,1,2,1,1,12424,52.8899993896484,0,3,1,1,0,239.093811035156,318.119995117188,0.100463390350342
47,1,1,2,1,1,12425,59.4912109375,0,2,1,1,0,631.204833984375,656.599975585938,0.10372956097126
50,1,1,1,1,1,12427,103.639190673828,0,1,2,2,0,716.790588378906,668.159973144531,0.0152560928836465
48,0,1,3,1,1,12428,31.2399997711182,1,1,1,1,1,120.076774597168,270.109985351562,0.138579607009888
43,1,1,3,1,1,12429,77.0026321411133,0,1,1,2,1,837.830017089844,726.940002441406,0.120670042932034
45,1,1,1,1,1,12432,51.2799987792969,0,2,1,1,0,248.39794921875,342.209991455078,0.0738287270069122
61,1,1,3,1,1,12433,NA,NA,NA,NA,NA,1,0,0,NA
56,1,1,3,1,1,12434,123.98893737793,0,1,2,3,1,490.765258789062,471.769989013672,0.0461049638688564
43,1,1,2,1,1,12435,57.2799987792969,0,3,1,1,0,263.068664550781,320.769989013672,0.0927653014659882
48,1,1,1,1,1,12438,153.873931884766,0,1,3,3,0,624.532348632812,644.700012207031,0.0136091280728579
53,1,1,3,1,1,12439,49.810001373291,1,1,3,3,1,187.24462890625,323.010009765625,0.0376330204308033
53,1,1,3,1,1,12440,NA,NA,NA,NA,NA,1,0,0,NA
51,1,1,1,1,1,12441,95.446403503418,0,1,2,3,0,656.44189453125,617.190002441406,0.0162429753690958
53,1,1,1,1,1,12442,38.9500007629395,1,1,2,2,0,189.722946166992,401.239990234375,0.0186080075800419
50,1,1,1,1,1,12443,68.9277954101562,0,1,1,1,0,682.8603515625,705.909973144531,0.0888515189290047
57,1,1,4,1,1,12444,58.4691619873047,1,5,3,3,1,434.778472900391,418.519989013672,0.0672504752874374
55,1,1,4,1,1,12446,76.3188323974609,0,5,1,1,1,633.56787109375,563.570007324219,0.22681026160717
55,1,1,3,1,1,12447,81.9499969482422,0,2,1,1,1,286.185302734375,321.859985351562,0.183617144823074
48,1,1,1,1,1,12448,85.8899993896484,0,1,1,1,0,393.897338867188,360.290008544922,0.0818314552307129
45,1,1,4,1,1,12449,151.07356262207,0,3,1,2,1,440.899963378906,472.119995117188,0.160834074020386
41,0,1,2,1,1,12451,80.1975402832031,0,1,3,3,0,806.267700195312,762.650024414062,0.0154050998389721
51,1,1,3,1,1,12455,NA,NA,NA,NA,NA,1,0,0,NA
47,1,1,1,1,1,12457,87.3499984741211,0,1,3,3,0,417.985626220703,411.609985351562,0.0129278525710106
48,1,1,1,1,1,12458,74.6699981689453,0,1,3,3,0,357.417602539062,316.820007324219,0.0136091280728579
NA,NA,1,2,1,1,12460,101.949996948242,0,1,2,2,0,380.842315673828,396.980010986328,0.0303501505404711
53,1,1,3,1,1,12461,31.25,1,2,2,2,1,132.13037109375,304.010009765625,0.0376330204308033
NA,1,1,2,1,1,12463,149.3046875,0,1,3,3,0,485.777862548828,442.070007324219,0.0303501505404711
45,1,1,2,1,1,12464,126.933906555176,0,1,3,2,0,1415.10217285156,1261.76000976562,0.0173819325864315
47,0,1,1,1,1,12465,83.129997253418,0,1,1,1,0,377.474334716797,387.309997558594,0.0790827199816704
57,0,1,2,1,1,12468,97.6600036621094,0,1,2,3,0,349.12841796875,375.859985351562,0.0359662398695946
47,0,1,1,1,1,12471,611.789978027344,0,3,2,1,0,276.33740234375,305.420013427734,0.0129808392375708
47,1,1,1,1,1,12473,99.0199966430664,0,1,1,1,0,466.453460693359,474.420013427734,0.0788489952683449
43,1,1,2,1,1,12476,28.1519012451172,0,3,2,2,0,899.739685058594,794.359985351562,0.0162003077566624
45,1,1,2,1,1,12477,60.9300003051758,0,1,3,3,0,285.485992431641,260.720001220703,0.0173819325864315
43,1,1,2,1,1,12478,67.7900009155273,0,1,3,3,0,313.779327392578,328.040008544922,0.0162003077566624
47,1,1,1,1,1,12479,49.2200012207031,0,1,2,3,0,248.640411376953,296.049987792969,0.0129278525710106
NA,NA,1,1,1,1,12482,92,0,1,3,3,0,354.069976806641,461.470001220703,0.0303501505404711
50,0,1,4,1,1,12486,73.6900024414062,0,4,1,2,1,243.93147277832,359.119995117188,0.186879724264145
NA,1,1,4,1,1,12488,55.7400016784668,0,3,1,1,1,210.000610351562,234.369995117188,0.144536748528481
49,1,1,3,1,1,12491,20.9500007629395,1,5,1,2,1,90.1664733886719,122.839996337891,0.143065959215164
43,1,1,3,1,1,12493,80.0800018310547,0,4,1,1,1,332.246063232422,344.019989013672,0.120670042932034
NA,1,1,4,1,1,12495,29.9899997711182,0,4,1,1,1,122.564712524414,135.330001831055,0.144536748528481
48,0,1,4,1,1,12497,49.5900001525879,0,3,3,3,1,176.045837402344,237.199996948242,0.0400621071457863
56,1,1,4,1,1,12498,95.5199966430664,0,2,2,2,1,295.15380859375,315.940002441406,0.0628129839897156
NA,0,1,3,1,1,12500,92.3499908447266,0,4,1,1,1,596.974060058594,610,0.144536748528481
47,1,1,3,1,1,12501,99.870002746582,0,2,2,2,1,395.779724121094,361.829986572266,0.0271882247179747
50,1,1,4,1,1,12502,64.3899993896484,0,3,3,3,1,230.329971313477,233.690002441406,0.0439522080123425
45,1,1,3,1,1,12503,78.25,0,1,2,3,1,322.841094970703,328.700012207031,0.025066651403904
61,1,1,2,1,1,12504,NA,NA,NA,NA,NA,0,0,0,NA
49,1,1,2,1,1,12505,177.447738647461,0,1,3,3,0,485.102386474609,584.989990234375,0.020953880622983
49,1,1,2,1,1,12506,64.0239791870117,0,1,3,3,0,996.070983886719,905.070007324219,0.020953880622983
49,1,1,3,1,1,12507,72.0999984741211,0,1,1,2,1,273.218231201172,277.130004882812,0.143065959215164
48,1,1,1,1,1,12511,53.6699981689453,0,1,1,1,0,251.447158813477,292,0.0818314552307129
48,1,1,3,1,1,12512,80.1600036621094,0,2,1,1,1,309.395477294922,362.760009765625,0.138228967785835
37,1,1,4,1,1,12514,40.1300010681152,0,4,1,1,1,156.37825012207,223.190002441406,0.143576696515083
56,1,1,1,1,1,12515,172.235443115234,0,1,3,3,0,484.238128662109,495.459991455078,0.0233837105333805
51,0,1,2,1,1,12519,66.5899963378906,0,1,1,NA,0,66.6283264160156,0,0.121201261878014
47,0,1,4,1,1,12520,103.099998474121,0,4,2,2,1,359.710205078125,370.649993896484,0.038366511464119
44,1,1,3,1,1,12521,84.9599990844727,0,4,2,2,1,348.699890136719,453.920013427734,0.0242007970809937
49,1,1,1,1,1,12525,51.6500015258789,0,1,1,2,0,243.412414550781,276.880004882812,0.0851575210690498
40,1,1,1,1,1,12526,104.849998474121,0,1,3,3,0,519.85986328125,544.719970703125,0.0101242139935493
49,0,1,4,1,1,12527,107.169998168945,0,3,2,3,1,380.346832275391,409.029998779297,0.0419671684503555
46,1,1,3,1,1,12528,32.4599990844727,1,2,3,3,1,145.191879272461,240.830001831055,0.026058966293931
42,1,1,3,1,1,12529,50.7299995422363,0,1,3,3,1,230.312347412109,369.420013427734,0.0228134952485561
51,1,1,2,1,1,12533,63.5900001525879,0,1,1,2,0,267.431518554688,260.029998779297,0.120881728827953
33,1,1,1,1,1,12534,151.120758056641,0,1,3,3,0,1057.6982421875,887.570007324219,0.00981329195201397
54,0,1,3,1,1,12536,121.309066772461,0,1,3,3,1,618.51904296875,583.530029296875,0.0402964502573013
47,1,1,1,1,1,12537,106.075439453125,0,1,2,3,0,946.438720703125,849.859985351562,0.0129278525710106
50,0,1,2,1,1,12539,61.3728790283203,0,1,2,2,0,809.625305175781,727.559997558594,0.0222412180155516
49,1,1,1,1,1,12540,56.3400001525879,0,1,2,3,0,266.092132568359,319.470001220703,0.0143819181248546
56,0,1,1,1,1,12541,91.370002746582,0,1,2,1,0,367.307891845703,537.039978027344,0.02347157523036
40,0,1,2,1,1,12542,43.9199981689453,0,1,1,2,0,195.222717285156,220.880004882812,0.0881340354681015
48,0,1,1,1,1,12544,40.7999992370605,1,1,2,3,0,198.451644897461,220.979995727539,0.0136645175516605
56,1,1,3,1,1,12546,51.1880798339844,1,3,1,2,1,621.736450195312,577.22998046875,0.192604705691338
50,1,1,3,1,1,12547,35.0299987792969,1,1,3,3,1,153.570587158203,182.070007324219,0.0315255858004093
53,1,1,2,1,1,12550,NA,NA,NA,NA,NA,0,0,0,NA
51,1,1,2,1,1,12551,72.9899978637695,0,4,1,NA,0,71.4039764404297,0,0.120881728827953
62,0,1,3,1,1,12553,46.6154289245605,1,3,2,3,1,652.348876953125,582.890014648438,0.0739053264260292
NA,1,1,4,1,1,12557,NA,NA,NA,NA,NA,1,0,0,NA
38,1,1,1,1,1,12560,83.3099975585938,0,1,1,1,0,407.926544189453,469.670013427734,0.0645236372947693
51,1,1,3,1,1,12561,110.559997558594,0,5,1,3,1,405.237487792969,420.25,0.15426367521286
54,1,1,2,1,1,12563,61.9500007629395,0,1,3,NA,0,50.116870880127,0,0.0286433231085539
33,0,1,1,1,1,12566,36.2900009155273,0,1,2,2,0,187.372009277344,233.759994506836,0.00985499378293753
56,1,1,1,1,1,12568,70.5699996948242,0,1,2,3,0,297.037078857422,334.100006103516,0.0233837105333805
40,1,1,1,1,1,12569,86.8325042724609,0,1,1,1,0,963.715270996094,816.969970703125,0.0660083815455437
47,0,1,3,1,1,12570,67.8499984741211,0,3,1,1,1,269.867645263672,429.779998779297,0.134207084774971
52,1,1,1,1,1,12572,NA,NA,NA,NA,NA,0,0,0,NA
62,1,1,3,1,1,12573,26.7900009155273,1,2,1,2,1,79.2263565063477,195.529998779297,0.263242810964584
42,1,1,1,1,1,12574,40.689998626709,0,2,1,1,0,197.830123901367,235.899993896484,0.0683941096067429
46,1,1,4,1,1,12576,38.7099990844727,0,5,1,2,1,148.108367919922,164.770004272461,0.164936676621437
40,1,1,1,1,1,12578,27.3999996185303,0,1,1,NA,0,83.6017303466797,0,0.0660083815455437
39,0,1,1,1,1,12579,66.870002746582,0,4,2,2,0,320.47900390625,344.899993896484,0.00998810399323702
51,0,1,2,1,1,12582,76.5,0,1,3,3,0,322.444702148438,356.350006103516,0.0235990229994059
45,1,1,1,1,1,12584,60.4799995422363,0,1,2,3,0,310.336639404297,342.140014648438,0.0118063986301422
44,0,1,3,1,1,12585,70.1086502075195,0,1,2,1,1,448.666015625,424.839996337891,0.0242912359535694
56,1,1,1,1,1,12592,95.0699996948242,0,1,3,3,0,395.435882568359,391.609985351562,0.0233837105333805
52,1,1,2,1,1,12593,68.1399993896484,0,2,1,2,0,275.012298583984,288.450012207031,0.126327008008957
57,0,1,1,1,1,12595,NA,NA,NA,NA,NA,0,0,0,NA
51,1,1,2,1,1,12596,96.9994659423828,0,1,3,3,0,1033.50219726562,987.039978027344,0.0235107559710741
34,1,1,2,1,1,12599,1075.35998535156,0,1,2,3,0,485.668090820312,487.950012207031,0.0144640561193228
33,1,1,1,1,1,12601,39.3335227966309,0,1,2,3,0,657.329772949219,595.710021972656,0.00981329195201397
60,1,1,4,1,1,12602,163.49235534668,0,5,1,3,1,374.628204345703,396.480010986328,0.285666137933731
41,1,1,4,1,1,12603,47.4000015258789,0,1,1,1,1,181.684921264648,253.779998779297,0.148928374052048
38,1,1,1,1,1,12604,95.1500015258789,0,1,3,3,0,485.219543457031,500.859985351562,0.00981395877897739
48,1,1,1,1,1,12605,212.306243896484,0,1,1,2,0,512.539855957031,518.219970703125,0.0818314552307129
47,1,1,4,1,1,12607,57.9799995422363,0,3,2,2,1,224.232604980469,281.040008544922,0.0382344610989094
56,1,1,3,1,1,12608,NA,NA,NA,NA,NA,1,0,0,NA
58,1,1,3,1,1,12609,125.692092895508,0,3,3,3,1,761.912109375,726.419982910156,0.0534593127667904
49,1,1,3,1,1,12610,475.309997558594,0,1,2,2,1,187.021530151367,249.440002441406,0.0299070440232754
39,1,1,4,1,1,12611,35.5033950805664,0,4,2,2,1,757.769348144531,752.690002441406,0.0306336097419262
42,1,1,3,1,1,12614,52.5,0,2,2,2,1,237.667098999023,263.570007324219,0.0228134952485561
48,1,1,4,1,1,12615,87.379997253418,0,5,2,2,1,315.765228271484,400.869995117188,0.0399253256618977
44,1,1,3,1,1,12617,21.5699996948242,1,4,1,1,1,108.374092102051,218.960006713867,0.123368881642818
55,0,1,3,1,1,12619,NA,NA,NA,NA,NA,1,0,0,NA
61,0,1,2,1,1,12623,59.4199981689453,0,1,1,NA,0,62.4343757629395,0,0.204007863998413
46,1,1,3,1,1,12624,40.0400009155273,0,1,1,1,1,165.732574462891,242.789993286133,0.12994684278965
44,0,1,3,1,1,12625,26.4099998474121,1,1,1,1,1,104.529174804688,110.400001525879,0.123693019151688
49,1,1,1,1,1,12626,218.214935302734,0,1,1,2,0,917.720275878906,779.77001953125,0.0851575210690498
51,1,1,4,1,1,12627,36.0400009155273,1,1,1,2,1,127.45565032959,188.520004272461,0.193233087658882
51,1,1,1,1,1,12628,117.870002746582,0,1,2,NA,0,116.449256896973,0,0.0162429753690958
45,1,1,1,1,1,12630,49.1599998474121,0,1,2,2,0,250.264068603516,295.920013427734,0.0118063986301422
51,0,1,2,1,1,12631,39.9580612182617,1,1,2,3,0,793.821166992188,707.219970703125,0.0235990229994059
46,1,1,3,1,1,12644,NA,NA,NA,NA,NA,1,0,0,NA
NA,NA,1,1,1,1,12645,9.40777015686035,1,1,2,3,0,621.338684082031,575.909973144531,0.0303501505404711
NA,0,1,4,1,1,12646,50.2599983215332,0,3,1,1,1,183.731994628906,218.720001220703,0.144536748528481
55,0,1,4,1,1,12647,140.503601074219,0,5,1,2,1,618.547729492188,539.52001953125,0.227288872003555
39,0,1,4,1,1,12649,96.4678039550781,0,3,1,1,1,990.623962402344,873.719970703125,0.145836547017097
52,1,1,1,1,1,12650,93.7121505737305,0,1,1,1,0,1166.4658203125,970.659973144531,0.0974532663822174
53,1,1,2,1,1,12653,38.8199996948242,1,1,3,2,0,165.408706665039,182.809997558594,0.0267345290631056
39,1,1,4,1,1,12654,167.624542236328,0,3,3,3,1,513.612487792969,466.410003662109,0.0306336097419262
47,1,1,2,1,1,12664,30.1900005340576,1,1,2,2,0,148.489288330078,222.289993286133,0.0189423989504576
48,1,1,1,1,1,12667,94.7699966430664,0,1,1,1,0,434.418731689453,476.100006103516,0.0818314552307129
45,0,1,1,1,1,12668,82.4899978637695,0,1,1,1,0,386.015106201172,376.859985351562,0.0740510076284409
57,0,1,3,1,1,12669,140.640487670898,0,3,2,2,1,790.94873046875,682.219970703125,0.0497510731220245
47,1,1,3,1,1,12670,107.480003356934,0,4,1,1,1,423.470947265625,483.140014648438,0.133864060044289
48,1,1,1,1,1,12671,28.4899997711182,1,1,2,3,0,145.688064575195,227.630004882812,0.0136091280728579
45,1,1,2,1,1,12672,98.0999984741211,0,2,1,1,0,430.258972167969,406.700012207031,0.0975597128272057
48,1,1,2,1,1,12677,90.5199966430664,0,1,2,3,0,393.532806396484,384.369995117188,0.0198864433914423
56,0,1,2,1,1,12679,67.4100036621094,1,2,1,1,0,242.415725708008,282.779998779297,0.154095888137817
31,0,1,4,1,1,12680,80.5467376708984,0,2,1,1,1,440.594543457031,508.320007324219,0.147357448935509
43,1,1,3,1,1,12681,83.5899963378906,0,1,3,3,1,352.774322509766,394.220001220703,0.0234523471444845
57,1,1,3,1,1,12682,NA,NA,NA,NA,NA,1,0,0,NA
56,1,1,1,1,1,12683,NA,NA,NA,NA,NA,0,0,0,NA
42,1,1,1,1,1,12684,203.763214111328,0,2,2,2,0,581.491394042969,591.090026855469,0.0106288930401206
48,1,1,2,1,1,12685,85.5500030517578,0,1,2,3,0,381.207855224609,390.940002441406,0.0198864433914423
52,0,1,4,1,1,12686,60.1800003051758,0,4,2,2,1,204.739013671875,238.779998779297,0.0491340383887291
34,0,1,1,1,1,12688,43.1116142272949,0,1,3,2,0,573.469970703125,539.530029296875,0.00976777914911509
46,1,1,1,1,1,12690,36.958869934082,1,1,2,3,0,555.257873535156,519.739990234375,0.0123294442892075
50,1,1,1,1,1,12691,40.3600006103516,0,2,1,NA,0,36.5572319030762,0,0.0888515189290047
48,1,1,1,1,1,12692,40.3699989318848,1,1,3,3,0,197.156402587891,239.160003662109,0.0136091280728579
50,1,1,3,1,1,12693,NA,NA,NA,NA,NA,1,0,0,NA
49,1,1,3,1,1,12695,40.2200012207031,1,2,1,1,1,162.267791748047,300.910003662109,0.143065959215164
50,1,1,1,1,1,12699,81.8600006103516,0,1,2,2,0,386.079193115234,496.049987792969,0.0152560928836465
56,1,1,3,1,1,12701,81.9499969482422,0,1,1,2,1,269.285217285156,331.200012207031,0.192604705691338
53,1,1,2,1,1,12702,104.559997558594,0,1,2,3,0,422.428283691406,408.489990234375,0.0267345290631056
40,1,1,2,1,1,12704,33,0,1,1,2,0,160.406356811523,219.789993286133,0.0878804698586464
50,1,1,1,1,1,12706,104.650001525879,0,1,2,2,0,480.877960205078,484.850006103516,0.0152560928836465
40,1,1,2,1,1,12708,164.112670898438,0,1,3,3,0,730.434509277344,766.919982910156,0.0150246862322092
49,1,1,3,1,1,12714,58.9300003051758,0,4,1,3,1,231.777755737305,275.679992675781,0.143065959215164
44,1,1,2,1,1,12716,88.4800033569336,0,1,3,3,0,397.29150390625,325.470001220703,0.016747523099184
45,1,1,3,1,1,12717,410.619995117188,0,3,2,3,1,171.28010559082,190.220001220703,0.025066651403904
40,1,1,1,1,1,12718,61.8699989318848,0,1,2,3,0,317.309295654297,378.399993896484,0.0101242139935493
40,1,1,1,1,1,12720,217.957321166992,0,1,2,2,0,697.432556152344,622.349975585938,0.0101242139935493
50,0,1,4,1,1,12721,NA,NA,NA,NA,NA,1,0,0,NA
48,1,1,1,1,1,12724,123.183624267578,0,1,2,2,0,566.455078125,597.299987792969,0.0136091280728579
37,1,1,3,1,1,12726,50.6699981689453,0,5,2,2,1,234.333587646484,221.149993896484,0.0210679080337286
45,0,1,1,1,1,12728,91.5800018310547,0,1,1,1,0,417.895568847656,389.549987792969,0.0740510076284409
51,1,1,1,1,1,12729,88.120002746582,0,1,2,3,0,403.25,499.799987792969,0.0162429753690958
45,1,1,4,1,1,12734,47.9536743164062,0,4,2,3,1,723.760375976562,693.369995117188,0.0354161076247692
49,1,1,1,1,1,12736,66.75,0,2,1,NA,0,60.4727172851562,0,0.0851575210690498
54,1,1,1,1,1,12737,73.4700012207031,0,4,2,2,0,325.703094482422,308.369995117188,0.0200173575431108
38,0,1,4,1,1,12739,63,0,2,1,2,1,234.57991027832,233.839996337891,0.144694700837135
53,1,1,4,1,1,12740,60.4000015258789,0,3,2,NA,1,41.3007125854492,0,0.0519145950675011
42,1,1,4,1,1,12741,113.130340576172,0,2,2,3,1,434.731201171875,414.890014648438,0.0324058644473553
48,1,1,1,1,1,12744,64.2799987792969,0,2,1,1,0,297.952392578125,361.049987792969,0.0818314552307129
51,1,1,4,1,1,12745,234.536682128906,0,2,2,1,1,456.853149414062,406.160003662109,0.0463271252810955
49,1,1,3,1,1,12746,59.1699981689453,0,1,1,1,1,237.767623901367,293.690002441406,0.143065959215164
53,1,1,4,1,1,12749,NA,NA,NA,NA,NA,1,0,0,NA
45,1,1,1,1,1,12751,89.8300018310547,0,1,1,2,0,425.716339111328,584.219970703125,0.0738287270069122
52,0,1,1,1,1,12753,52.0099983215332,1,2,3,3,0,241.263031005859,265.079986572266,0.0174236465245485
45,1,1,2,1,1,12754,107.900001525879,0,1,1,1,0,466.646209716797,432.700012207031,0.0975597128272057
52,0,1,2,1,1,12755,90.7916641235352,0,2,2,3,0,819.140625,761.489990234375,0.0251234993338585
48,0,1,4,1,1,12756,32.7400016784668,1,3,2,2,1,123.28768157959,129.179992675781,0.0400621071457863
35,1,1,4,1,1,12757,101.23999786377,0,5,3,3,1,393.043243408203,390.869995117188,0.029946580529213
42,1,1,2,1,1,12760,47.2700004577637,0,1,1,2,0,234.773376464844,291.350006103516,0.0908424407243729
53,0,1,1,1,1,12761,75.75,0,1,1,NA,0,133.513931274414,0,0.102705933153629
44,0,1,1,1,1,12765,43.192195892334,0,1,3,3,0,936.896362304688,882.52001953125,0.0113995503634214
52,1,1,2,1,1,12766,41.6599998474121,0,2,2,NA,0,36.6808586120605,0,0.0250304825603962
48,1,1,1,1,1,12767,NA,NA,NA,NA,NA,0,0,0,NA
40,1,1,4,1,1,12768,30.2099990844727,0,3,2,3,1,129.949234008789,186.570007324219,0.0310982502996922
45,1,1,4,1,1,12770,43.3400001525879,0,3,3,3,1,175.771575927734,278.480010986328,0.0354161076247692
49,1,1,4,1,1,12774,23.0599994659424,1,3,1,1,1,90.5926742553711,110.819999694824,0.180260613560677
54,1,1,3,1,1,12775,NA,NA,NA,NA,NA,1,0,0,NA
42,1,1,1,1,1,12779,48.7200012207031,0,2,2,2,0,263.202209472656,310.25,0.0106288930401206
47,1,1,4,1,1,12781,103.440002441406,0,5,3,3,1,379.786254882812,395.619995117188,0.0382344610989094
57,1,1,3,1,1,12783,80.0599975585938,0,1,2,NA,1,53.7451705932617,0,0.0495882108807564
43,0,1,3,1,1,12784,44.5999984741211,0,2,3,3,1,192.170593261719,213.580001831055,0.0235404297709465
58,1,1,2,1,1,12788,NA,NA,NA,NA,NA,0,0,0,NA
52,1,1,3,1,1,12789,NA,NA,NA,NA,NA,1,0,0,NA
38,0,1,1,1,1,12790,41.3199996948242,0,1,2,2,0,219.21305847168,289.529998779297,0.00985566340386868
46,0,1,3,1,1,12791,NA,NA,NA,NA,NA,1,0,0,NA
48,0,1,1,1,1,12792,54.2745628356934,0,1,2,2,0,605.923217773438,603.539978027344,0.0136645175516605
64,1,1,3,1,1,12793,80.0999984741211,1,3,3,3,1,215.943969726562,254.809997558594,0.0873513445258141
44,1,1,1,1,1,12797,50.9686851501465,0,1,3,3,0,572.258239746094,748.150024414062,0.0113522093743086
52,1,1,1,1,1,12798,58.3356666564941,0,1,3,3,0,980.719116210938,862,0.017355402931571
43,1,1,4,1,1,12801,70.3099975585938,0,4,1,2,1,262.091033935547,317.399993896484,0.154013589024544
54,1,1,4,1,1,12802,51.5099983215332,1,5,3,3,1,177.870483398438,245.899993896484,0.0551807284355164
56,0,1,2,1,1,12805,81.8000030517578,0,1,3,3,0,312.831817626953,297.089996337891,0.0332869701087475
51,0,1,1,1,1,12807,83.8000030517578,0,1,2,2,0,387.632873535156,400.239990234375,0.0163074526935816
44,1,1,3,1,1,12810,70.4465560913086,0,3,1,2,1,498.388397216797,550.320007324219,0.123368881642818
43,0,1,1,1,1,12811,47.3800010681152,0,1,1,1,0,237.277236938477,245.929992675781,0.0701596885919571
44,1,1,1,1,1,12812,88.2068557739258,0,1,2,3,0,815.182250976562,705.75,0.0113522093743086
56,1,1,1,1,1,12814,106.610000610352,0,1,3,3,0,446.270568847656,501.739990234375,0.0233837105333805
36,1,1,3,1,1,12816,40.6199989318848,0,2,1,1,1,169.248199462891,214.130004882812,0.111549004912376
47,0,1,3,1,1,12817,35.0800018310547,1,2,3,3,1,150.446823120117,200.550003051758,0.0272879134863615
NA,0,1,1,1,1,12820,75.6900024414062,0,1,2,2,0,291.629333496094,329.369995117188,0.0303501505404711
47,1,1,1,1,1,12825,72.9899978637695,0,1,3,3,0,353.936584472656,342.350006103516,0.0129278525710106
44,1,1,2,1,1,12827,93.4499969482422,0,1,3,3,0,414.422973632812,409.510009765625,0.016747523099184
NA,NA,1,4,1,1,12828,45.9900016784668,1,1,1,1,1,188.96142578125,242.399993896484,0.144536748528481
49,1,1,1,1,1,12829,NA,NA,NA,NA,NA,0,0,0,NA
49,0,1,4,1,1,12833,91.597526550293,0,4,2,3,1,410.844940185547,454.489990234375,0.0419671684503555
45,0,1,3,1,1,12834,36,0,3,3,3,1,148.928894042969,209.610000610352,0.0251597817987204
48,1,1,3,1,1,12835,12.6800003051758,1,2,3,3,1,59.6466293334961,164.259994506836,0.0284663792699575
46,1,1,1,1,1,12836,77,0,1,1,NA,0,71.6975479125977,0,0.0761880278587341
62,0,1,2,1,1,12837,47.5099983215332,1,1,1,NA,0,28.7677955627441,0,0.216500848531723
50,0,1,1,1,1,12839,46.939998626709,1,2,1,1,0,213.41178894043,358.809997558594,0.0891071707010269
44,1,1,4,1,1,12840,411.890014648438,0,5,2,2,1,157.782943725586,145.080001831055,0.0342614911496639
51,1,1,1,1,1,12844,86.5400009155273,0,1,3,3,0,397.641296386719,430.140014648438,0.0162429753690958
52,1,1,1,1,1,12845,93.3099975585938,0,1,2,3,0,414.770416259766,480.239990234375,0.017355402931571
63,1,1,4,1,1,12846,91.7099990844727,1,3,2,2,1,221.884506225586,249.520004272461,0.105352140963078
52,1,1,3,1,1,12847,20.7099990844727,1,1,1,NA,1,17.0390777587891,0,0.160683274269104
45,1,1,3,1,1,12848,88.3300018310547,0,1,3,3,1,366.709594726562,368.309997558594,0.025066651403904
41,1,1,4,1,1,12850,50.2700004577637,0,3,2,1,1,221.202697753906,274.899993896484,0.0316871404647827
40,1,1,3,1,1,12853,94.0699996948242,0,1,1,2,1,390.9375,388.809997558594,0.114749625325203
50,1,1,1,1,1,12854,37.0800018310547,0,1,1,NA,0,33.7510299682617,0,0.0888515189290047
48,0,1,2,1,1,12855,40.5699996948242,1,2,3,3,0,180.951171875,342.209991455078,0.0199630595743656
60,1,1,1,1,1,12856,90.1699981689453,0,1,2,2,0,348.157775878906,324.700012207031,0.0329997949302197
47,1,1,2,1,1,12857,NA,NA,NA,NA,NA,0,0,0,NA
45,1,1,3,1,1,12858,58.8300018310547,0,1,1,1,1,242.778305053711,292.709991455078,0.126455187797546
52,0,1,4,1,1,12859,27.6900005340576,1,2,2,3,1,95.7072067260742,174.580001831055,0.0491340383887291
43,1,1,1,1,1,12861,29.1658706665039,0,1,2,3,0,1669.34521484375,1460.2900390625,0.0109612951055169
53,1,1,1,1,1,12862,64.6055068969727,0,1,1,1,0,585.147277832031,571.710021972656,0.10242211073637
41,0,1,2,1,1,12864,55.2900009155273,0,1,1,2,0,240.409301757812,389.160003662109,0.0894742757081985
48,1,1,2,1,1,12868,89.1358642578125,0,1,2,3,0,740.9609375,644.059997558594,0.0198864433914423
48,1,1,1,1,1,12870,47.5301933288574,0,3,3,3,0,701.900695800781,670.309997558594,0.0136091280728579
40,1,1,4,1,1,12871,808.97998046875,0,5,1,2,1,298.087890625,321.799987792969,0.147002473473549
50,1,1,1,1,1,12872,120.529159545898,0,1,3,3,0,611.036254882812,669.349975585938,0.0152560928836465
48,1,1,1,1,1,12873,56.8199996948242,0,2,2,3,0,277.676147460938,265.739990234375,0.0136091280728579
58,1,1,4,1,1,12875,NA,NA,NA,NA,NA,1,0,0,NA
44,1,1,2,1,1,12877,101.379997253418,0,1,2,3,0,451.569702148438,494.829986572266,0.016747523099184
54,1,1,3,1,1,12878,101.40705871582,0,3,1,2,1,473.880584716797,510.239990234375,0.175325334072113
56,1,1,4,1,1,12880,21.7199993133545,1,3,2,NA,1,16.3858528137207,0,0.0628129839897156
65,1,1,3,1,1,12883,31,1,1,1,NA,1,16.0186634063721,0,0.310862272977829
40,0,1,2,1,1,12884,154.070098876953,0,1,2,2,0,583.536071777344,593.989990234375,0.015085001476109
50,1,1,3,1,1,12886,101.839996337891,0,1,2,3,1,394.58203125,368.190002441406,0.0315255858004093
52,1,1,2,1,1,12887,109.809997558594,0,1,1,2,0,434.560821533203,442.869995117188,0.126327008008957
51,1,1,3,1,1,12888,27.1000003814697,1,4,2,2,1,113.045516967773,165.580001831055,0.033339399844408
47,1,1,3,1,1,12889,144.396072387695,0,3,1,1,1,528.625183105469,445.059997558594,0.133864060044289
50,1,1,4,1,1,12891,102.559997558594,0,4,1,1,1,353.344207763672,368.320007324219,0.186453565955162
56,0,1,4,1,1,12892,86.793815612793,0,5,1,1,1,395.784484863281,410.359985351562,0.237466156482697
46,1,1,3,1,1,12893,40.0099983215332,0,3,1,1,1,162.902084350586,192.429992675781,0.12994684278965
57,0,1,3,1,1,12894,84.7900009155273,0,2,1,1,1,270.636352539062,316.390014648438,0.202773317694664
33,1,1,2,1,1,12898,52.9700012207031,0,1,2,3,0,257.425476074219,267.170013427734,0.0145866200327873
50,1,1,1,1,1,12900,89.9800033569336,0,1,1,2,0,398.887756347656,367.410003662109,0.0888515189290047
46,1,1,1,1,1,12901,95.6100006103516,0,1,2,2,0,456.512725830078,423.209991455078,0.0123294442892075
48,1,1,1,1,1,12902,12.9799995422363,1,1,1,NA,0,12.5257883071899,0,0.0818314552307129
46,1,1,1,1,1,12903,95.4300003051758,0,1,2,2,0,457.865753173828,459.570007324219,0.0123294442892075
58,0,1,1,1,1,12904,40.7200012207031,1,1,2,3,0,170.275619506836,342.720001220703,0.0277361739426851
NA,NA,1,3,1,1,12909,81.1600036621094,0,2,1,2,1,308.352813720703,422.940002441406,0.144536748528481
45,1,1,2,1,1,12911,74.5999984741211,0,1,3,3,0,333.945739746094,401.179992675781,0.0173819325864315
41,1,1,1,1,1,12912,27.2299995422363,0,1,1,2,0,136.298095703125,258.950012207031,0.0670847371220589
55,1,1,2,1,1,12914,51.9500007629395,1,1,1,1,0,197.221496582031,301.690002441406,0.145955368876457
54,1,1,2,1,1,12916,90.1800003051758,0,1,1,2,0,348.876220703125,409.529998779297,0.138827696442604
44,1,1,3,1,1,12920,42.3800010681152,0,4,1,1,1,177.720947265625,220.789993286133,0.123368881642818
41,1,1,1,1,1,12921,138.28498840332,0,1,1,1,0,593.682006835938,525.52001953125,0.0670847371220589
46,1,1,3,1,1,12923,50.9141120910645,0,2,3,2,1,836.394104003906,723.590026855469,0.026058966293931
43,1,1,4,1,1,12925,19.5400009155273,0,3,2,NA,1,17.1099281311035,0,0.0332612656056881
43,1,1,4,1,1,12926,61.3699989318848,0,2,2,3,1,235.282806396484,237.149993896484,0.0332612656056881
51,1,1,3,1,1,12927,58.7299995422363,0,2,2,NA,1,45.7631759643555,0,0.033339399844408
52,1,1,3,1,1,12928,26.0200004577637,1,3,1,1,1,100.862022399902,181.139999389648,0.160683274269104
43,1,1,2,1,1,12933,104.459999084473,0,1,3,2,0,481.778533935547,517.359985351562,0.0162003077566624
54,0,1,2,1,1,12935,104.419998168945,0,1,1,1,0,387.013763427734,366.549987792969,0.139179348945618
41,1,1,4,1,1,12936,43.1100006103516,0,1,1,3,1,169.110580444336,230.160003662109,0.148928374052048
46,1,1,2,1,1,12944,102.680000305176,0,1,3,3,0,448.656951904297,467.320007324219,0.0181107763200998
45,1,1,4,1,1,12945,92.7183227539062,0,3,3,2,1,463.393829345703,456.190002441406,0.0354161076247692
48,1,1,2,1,1,12947,400.410003662109,0,1,2,1,0,175.580520629883,180.740005493164,0.0198864433914423
50,1,1,1,1,1,12950,94.4100036621094,0,1,1,NA,0,150.067123413086,0,0.0888515189290047
46,1,1,1,1,1,12953,98.899040222168,0,1,2,3,0,1268.87683105469,1093.21997070312,0.0123294442892075
56,1,1,3,1,1,12954,NA,NA,NA,NA,NA,1,0,0,NA
44,1,1,1,1,1,12955,81.0599975585938,0,3,2,3,0,393.597595214844,431.359985351562,0.0113522093743086
48,1,1,3,1,1,12956,21.7299995422363,1,1,2,3,1,102.502227783203,254.460006713867,0.0284663792699575
33,1,1,2,1,1,12957,76.6508178710938,0,1,3,3,0,1286.56604003906,1157.17004394531,0.0145866200327873
41,1,1,1,1,1,12958,99.7079467773438,0,1,3,3,0,1133.74658203125,1005.57000732422,0.0103509724140167
45,0,1,2,1,1,12963,87.3899993896484,0,1,2,3,0,387.466186523438,405.410003662109,0.0174502655863762
48,1,1,4,1,1,12964,55.7900009155273,0,4,1,NA,1,38.9693222045898,0,0.174626991152763
51,1,1,2,1,1,12966,85.0699996948242,0,1,2,2,0,353.989044189453,395.429992675781,0.0235107559710741
55,1,1,3,1,1,12967,131.03498840332,0,3,3,3,1,592.338684082031,596.349975585938,0.0429729633033276
44,1,1,1,1,1,12969,22.5200004577637,1,1,3,3,0,125.150657653809,214.919998168945,0.0113522093743086
41,1,1,1,1,1,12970,102.599998474121,0,2,2,3,0,501.740814208984,514.429992675781,0.0103509724140167
38,1,1,3,1,1,12971,11.9700002670288,0,3,1,1,1,55.1061401367188,144.619995117188,0.112503193318844
42,1,1,2,1,1,12973,82.3600006103516,0,1,3,3,0,375.651580810547,404.420013427734,0.0157341063022614
53,1,1,2,1,1,12974,83.2051696777344,0,2,3,3,0,531.993408203125,564.960021972656,0.0267345290631056
50,1,1,1,1,1,12975,100.98999786377,0,1,2,3,0,469.623260498047,458.279998779297,0.0152560928836465
52,1,1,2,1,1,12976,69.7900009155273,0,1,3,3,0,293.535522460938,290.399993896484,0.0250304825603962
57,0,1,2,1,1,12977,634.950012207031,0,2,2,2,0,224.875381469727,308.850006103516,0.0359662398695946
44,0,1,1,1,1,12979,84.9400024414062,0,1,3,3,0,396.264923095703,414.429992675781,0.0113995503634214
47,1,1,2,1,1,12980,90.4899978637695,0,1,3,3,0,395.52490234375,416,0.0189423989504576
47,1,1,1,1,1,12981,46.1699981689453,0,1,3,3,0,226.160720825195,299.339996337891,0.0129278525710106
45,1,1,4,1,1,12984,100.540000915527,0,3,1,2,1,363.476440429688,386.859985351562,0.160834074020386
41,1,1,1,1,1,12985,91.2399978637695,0,1,1,2,0,447.581085205078,407.459991455078,0.0670847371220589
NA,0,1,4,1,1,12986,NA,NA,NA,NA,NA,1,0,0,NA
60,1,1,3,1,1,12987,NA,NA,NA,NA,NA,1,0,0,NA
50,0,1,3,1,1,12988,39.5299987792969,1,3,1,1,1,140.078491210938,260.570007324219,0.148769170045853
42,1,1,2,1,1,12989,96.2099990844727,0,4,1,2,0,423.270690917969,445.549987792969,0.0908424407243729
49,1,1,2,1,1,12991,86.8399963378906,0,1,2,2,0,372.670471191406,403.670013427734,0.020953880622983
56,1,1,4,1,1,12993,NA,NA,NA,NA,NA,1,0,0,NA
54,0,1,1,1,1,12994,66.120002746582,0,1,3,NA,0,144.087493896484,0,0.0200944114476442
41,1,1,2,1,1,12996,130.023712158203,0,1,3,3,0,942.625122070312,793.419982910156,0.0153436884284019
54,1,1,3,1,1,12997,105.518508911133,0,1,3,3,1,503.373413085938,601.099975585938,0.0401590019464493
48,0,1,1,1,1,12999,76.870002746582,0,3,1,1,0,338.281585693359,319.5,0.0820718258619308
46,1,1,4,1,1,13000,63.6800003051758,0,4,2,2,1,242.568588256836,235.309997558594,0.0367362052202225
52,1,1,1,1,1,13001,70.840576171875,0,1,2,2,0,959.184997558594,915.109985351562,0.017355402931571
57,1,1,1,1,1,13006,72.8499984741211,0,1,1,NA,0,58.9102783203125,0,0.127583175897598
57,1,1,4,1,1,13008,46.0200004577637,1,3,1,3,1,135.838806152344,226.25,0.247913494706154
42,1,1,4,1,1,13010,58.7596664428711,0,4,2,1,1,653.791137695312,616.830017089844,0.0324058644473553
53,1,1,3,1,1,13011,48.5400009155273,0,3,1,NA,1,107.498191833496,0,0.16769252717495
53,1,1,2,1,1,13015,58.1583633422852,1,1,3,3,0,610.321350097656,623.440002441406,0.0267345290631056
48,1,1,1,1,1,13017,74.4101867675781,0,1,3,3,0,894.824035644531,811.929992675781,0.0136091280728579
41,1,1,2,1,1,13021,43.3899993896484,0,1,1,1,0,204.695251464844,228.399993896484,0.0892178490757942
45,1,1,3,1,1,13024,105.529998779297,0,3,1,1,1,420.677032470703,441.75,0.126455187797546
43,1,1,2,1,1,13025,142.871307373047,0,1,2,2,0,921.301086425781,826.869995117188,0.0162003077566624
38,1,1,2,1,1,13028,89.2399978637695,0,1,1,2,0,399.652008056641,373.510009765625,0.0860328748822212
51,1,1,3,1,1,13029,121.944641113281,0,1,3,3,1,1445.43505859375,1269.86999511719,0.033339399844408
42,1,1,1,1,1,13030,31.5,0,1,2,2,0,168.194519042969,247.600006103516,0.0106288930401206
48,1,1,2,1,1,13031,147.911437988281,0,1,3,3,0,908.653686523438,805.219970703125,0.0198864433914423
38,1,1,1,1,1,13033,43.0099983215332,0,1,2,2,0,223.7734375,237.759994506836,0.00981395877897739
50,1,1,2,1,1,13034,67.5500030517578,0,1,1,1,0,277.660766601562,322.899993896484,0.11592873185873
44,0,1,2,1,1,13035,122.003517150879,0,1,3,3,0,870.752136230469,848.760009765625,0.0168137196451426
46,1,1,1,1,1,13036,117.332542419434,0,1,2,3,0,909.920654296875,828.72998046875,0.0123294442892075
44,1,1,1,1,1,13037,102.940002441406,0,2,1,1,0,486.693939208984,447.390014648438,0.0717533752322197
48,0,1,4,1,1,13038,114.573219299316,0,3,2,2,1,421.392211914062,449.609985351562,0.0400621071457863
54,1,1,4,1,1,13039,86.129997253418,0,5,2,1,1,277.793151855469,347.239990234375,0.0551807284355164
43,1,1,1,1,1,13043,NA,NA,NA,NA,NA,0,0,0,NA
50,1,1,1,1,1,13046,417.579986572266,0,1,2,3,0,193.039169311523,307.950012207031,0.0152560928836465
52,1,1,4,1,1,13047,408.640014648438,0,2,3,3,1,141.614715576172,230.470001220703,0.0489727929234505
48,0,1,4,1,1,13048,68.4400024414062,0,3,2,2,1,240.342697143555,235.960006713867,0.0400621071457863
49,1,1,3,1,1,13050,30.5499992370605,1,2,2,3,1,134.555053710938,217.270004272461,0.0299070440232754
42,1,1,1,1,1,13051,31.3299999237061,0,2,2,2,0,164.367446899414,236.25,0.0106288930401206
43,1,1,2,1,1,13052,96.2099990844727,0,1,2,2,0,435.702117919922,385.600006103516,0.0162003077566624
53,1,1,1,1,1,13054,124.980003356934,0,1,3,3,0,1384.09912109375,1186.42004394531,0.0186080075800419
50,1,1,3,1,1,13055,83.2799987792969,0,2,3,3,1,326.5859375,306.980010986328,0.0315255858004093
48,1,1,4,1,1,13059,40.4199981689453,1,1,1,1,1,147.448837280273,216.050003051758,0.174626991152763
56,1,1,1,1,1,13061,37,1,1,1,NA,0,31.3037204742432,0,0.120421066880226
44,1,1,1,1,1,13062,79.75,0,1,1,2,0,382.923492431641,437.260009765625,0.0717533752322197
43,1,1,3,1,1,13064,85.4599990844727,0,2,1,2,1,351.662902832031,357.980010986328,0.120670042932034
46,0,1,2,1,1,13065,26.9200000762939,1,2,1,1,0,117.262214660645,141.080001831055,0.10074320435524
62,1,1,2,1,1,13067,108.620002746582,0,1,2,2,0,349.838562011719,336.790008544922,0.0546697340905666
46,1,1,3,1,1,13069,82.8099975585938,0,2,1,1,1,324.030975341797,356.160003662109,0.12994684278965
45,1,1,4,1,1,13070,21.6700000762939,1,3,2,3,1,92.7592315673828,171.100006103516,0.0354161076247692
60,1,1,1,1,1,13071,87.9300003051758,0,1,3,3,0,338.743835449219,332.079986572266,0.0329997949302197
46,1,1,3,1,1,13073,82.9700012207031,0,1,1,2,1,331.630340576172,442.260009765625,0.12994684278965
43,1,1,1,1,1,13075,174.366516113281,0,1,1,2,0,1047.81274414062,930.359985351562,0.0699463859200478
49,1,1,2,1,1,13076,85.4800033569336,0,1,1,NA,0,94.3919143676758,0,0.111437477171421
39,1,1,2,1,1,13078,41.6399993896484,0,1,3,3,0,215.973831176758,283.239990234375,0.0147735681384802
48,1,1,2,1,1,13079,91.2859344482422,0,1,2,2,0,716.840270996094,617.450012207031,0.0198864433914423
47,1,1,1,1,1,13080,49.9794044494629,0,1,3,3,0,1077.4111328125,913.97998046875,0.0129278525710106
54,1,1,1,1,1,13081,99.2600021362305,0,1,2,2,0,430.295501708984,450.549987792969,0.0200173575431108
46,1,1,1,1,1,13082,49.2999992370605,0,3,3,3,0,243.5537109375,292.660003662109,0.0123294442892075
48,1,1,1,1,1,13084,527.780029296875,0,1,3,3,0,246.29118347168,347.179992675781,0.0136091280728579
58,1,1,2,1,1,13085,32.2599983215332,1,1,2,3,0,132.578948974609,242.429992675781,0.0388262309134007
44,1,1,1,1,1,13087,45.1100006103516,0,1,1,1,0,221.458831787109,346.399993896484,0.0717533752322197
38,1,1,4,1,1,13089,82.0299987792969,0,5,3,3,1,326.619964599609,366.410003662109,0.0302888359874487
37,1,1,4,1,1,13090,89.0299987792969,0,4,1,2,1,347.266845703125,373.649993896484,0.143576696515083
40,1,1,2,1,1,13091,54.3199996948242,0,2,1,NA,0,87.4007720947266,0,0.0878804698586464
49,1,1,2,1,1,13093,28.8999996185303,1,2,2,1,0,135.084426879883,187.809997558594,0.020953880622983
55,0,1,4,1,1,13094,107.269996643066,0,5,1,2,1,318.971588134766,358.630004882812,0.227288872003555
47,1,1,2,1,1,13096,147.414840698242,0,1,3,3,0,822.480041503906,803.090026855469,0.0189423989504576
45,1,1,2,1,1,13097,58.1791725158691,0,1,2,2,0,875.499694824219,813.849975585938,0.0173819325864315
55,1,1,1,1,1,13098,94.4599990844727,0,1,3,3,0,413.592834472656,374.510009765625,0.0216021966189146
44,0,1,1,1,1,13099,34.4099998474121,0,1,2,2,0,172.550354003906,264.779998779297,0.0113995503634214
59,1,1,4,1,1,13102,43.0699996948242,1,1,1,NA,1,23.7685928344727,0,0.272229731082916
43,1,1,4,1,1,13103,NA,NA,NA,NA,NA,1,0,0,NA
43,1,1,2,1,1,13104,48.2799987792969,0,1,2,2,0,230.019729614258,219.119995117188,0.0162003077566624
46,1,1,4,1,1,13107,100.381103515625,0,5,1,1,1,414.3388671875,393.829986572266,0.164936676621437
45,0,1,1,1,1,13109,102.529998779297,0,1,2,2,0,482.296875,434.470001220703,0.0118553740903735
56,1,1,4,1,1,13110,62.9000015258789,0,5,1,NA,1,38.3339767456055,0,0.236975729465485
58,1,1,1,1,1,13111,32.2697525024414,1,1,2,3,0,781.819274902344,714.409973144531,0.027635121718049
45,1,1,2,1,1,13113,64.3000030517578,0,2,3,3,0,288.904113769531,415.459991455078,0.0173819325864315
59,0,1,1,1,1,13114,87.75,0,2,2,3,0,334.106262207031,370.660003662109,0.030270591378212
51,1,1,1,1,1,13118,93.557014465332,0,1,1,2,0,902.229125976562,786.5,0.0929403752088547
41,0,1,3,1,1,13120,71.3399963378906,0,4,3,3,1,298.967254638672,334.609985351562,0.0223619379103184
48,1,1,2,1,1,13121,NA,NA,NA,NA,NA,0,0,0,NA
41,1,1,4,1,1,13122,44.1100006103516,0,2,1,1,1,173.918716430664,223.119995117188,0.148928374052048
39,0,1,4,1,1,13125,78.3294677734375,0,2,1,2,1,546.207885742188,540.330017089844,0.145836547017097
49,0,1,2,1,1,13126,88.1500015258789,0,1,2,3,0,380.999755859375,366,0.0210339762270451
60,1,1,2,1,1,13129,42.3499984741211,1,2,1,2,0,143.504989624023,289,0.191976174712181
48,1,1,2,1,1,13130,309.269989013672,0,1,1,NA,0,25.7737998962402,0,0.107379741966724
51,1,1,1,1,1,13133,78.6800003051758,0,4,1,1,0,344.149078369141,421.239990234375,0.0929403752088547
49,1,1,4,1,1,13136,40.560001373291,1,5,1,1,1,143.476089477539,183.160003662109,0.180260613560677
39,0,1,4,1,1,13137,48.7099990844727,0,3,2,3,1,186.850173950195,265.140014648438,0.0307436883449554
52,1,1,1,1,1,13138,95.3499984741211,0,1,1,1,0,417.707855224609,518.049987792969,0.0974532663822174
58,1,1,1,1,1,13139,NA,NA,NA,NA,NA,0,0,0,NA
60,1,1,4,1,1,13140,46.9900016784668,1,4,1,NA,1,24.4185371398926,0,0.285666137933731
NA,NA,1,2,1,1,13141,19.9099998474121,0,1,1,NA,0,15.5699586868286,0,0.144536748528481
55,1,1,1,1,1,13142,66.1699981689453,1,2,1,3,0,278.563018798828,341.769989013672,0.113867744803429
51,1,1,3,1,1,13143,78.2958679199219,0,3,1,1,1,429.306518554688,366.690002441406,0.15426367521286
52,1,1,2,1,1,13144,41.5200004577637,1,2,2,2,0,177.014678955078,271.720001220703,0.0250304825603962
50,1,1,3,1,1,13147,102.809997558594,0,3,3,3,1,397.942047119141,468.779998779297,0.0315255858004093
58,1,1,4,1,1,13148,NA,NA,NA,NA,NA,1,0,0,NA
41,1,1,2,1,1,13149,104.007110595703,0,1,1,1,0,598.362976074219,606.010009765625,0.0892178490757942
42,0,1,1,1,1,13151,40.4099998474121,0,1,3,3,0,198.037307739258,196.669998168945,0.010673594661057
60,1,1,2,1,1,13152,NA,NA,NA,NA,NA,0,0,0,NA
46,1,1,3,1,1,13153,NA,NA,NA,NA,NA,1,0,0,NA
56,1,1,2,1,1,13158,131.740295410156,0,1,2,2,0,721.918762207031,644.900024414062,0.0331694222986698
43,0,1,1,1,1,13159,65.6100006103516,0,1,1,1,0,313.547637939453,365.029998779297,0.0701596885919571
51,1,1,2,1,1,13160,79.6699981689453,0,3,2,1,0,335.081359863281,398.670013427734,0.0235107559710741
47,0,1,3,1,1,13161,62.7799987792969,0,3,2,1,1,245.760284423828,308.239990234375,0.0272879134863615
61,1,1,1,1,1,13163,43.7900009155273,1,1,2,2,0,179.027389526367,232.570007324219,0.0361862778663635
50,1,1,3,1,1,13164,41.560001373291,1,3,3,3,1,173.490020751953,207.300003051758,0.0315255858004093
52,0,1,3,1,1,13165,53.7999992370605,1,1,1,1,1,192.609558105469,240.580001831055,0.161070957779884
49,1,1,4,1,1,13166,119.093856811523,0,2,1,2,1,432.622100830078,513.969970703125,0.180260613560677
52,1,1,2,1,1,13167,38.1800003051758,1,1,2,3,0,169.882339477539,207.759994506836,0.0250304825603962
52,1,1,2,1,1,13168,95.9899978637695,0,2,2,3,0,406.462341308594,437.119995117188,0.0250304825603962
48,0,1,3,1,1,13169,60.7799987792969,0,2,3,3,1,242.283828735352,333.649993896484,0.0285699553787708
47,1,1,3,1,1,13170,41.060001373291,0,3,2,2,1,172.638824462891,240.699996948242,0.0271882247179747
46,1,1,1,1,1,13174,86.5100021362305,0,1,1,1,0,411.294952392578,371.679992675781,0.0761880278587341
55,0,1,3,1,1,13175,NA,NA,NA,NA,NA,1,0,0,NA
43,1,1,1,1,1,13176,200.559310913086,0,1,3,3,0,707.575012207031,684.859985351562,0.0109612951055169
29,1,1,1,1,1,13178,88.5999984741211,0,2,1,1,0,426.063140869141,525.090026855469,0.0683854073286057
52,1,1,3,1,1,13180,49.4599990844727,1,4,3,3,1,191.436172485352,295.239990234375,0.0353679284453392
43,1,1,4,1,1,13182,50.2000007629395,0,3,3,3,1,200.11393737793,280.970001220703,0.0332612656056881
NA,0,1,1,1,1,13183,117.82356262207,0,2,1,1,0,754.879089355469,733.359985351562,0.144536748528481
39,1,1,3,1,1,13184,96.620002746582,0,4,2,3,1,404.767547607422,425.920013427734,0.0214935410767794
38,1,1,1,1,1,13185,87.5437774658203,0,2,1,2,0,547.387145996094,602.630004882812,0.0645236372947693
48,1,1,1,1,1,13186,95.3300018310547,0,1,1,1,0,459.987030029297,491.320007324219,0.0818314552307129
58,1,1,4,1,1,13188,NA,NA,NA,NA,NA,1,0,0,NA
43,1,1,3,1,1,13189,116.529556274414,0,1,3,3,1,761.364624023438,757.049987792969,0.0234523471444845
53,1,1,4,1,1,13190,102.139999389648,0,4,2,2,1,342.910888671875,368,0.0519145950675011
38,1,1,4,1,1,13191,42.1300010681152,0,1,1,2,1,171.274932861328,235.990005493164,0.144333705306053
NA,1,1,1,1,1,13193,100.559997558594,0,1,1,1,0,379.551818847656,392.540008544922,0.144536748528481
59,1,1,1,1,1,13194,120.163391113281,0,1,1,2,0,551.362182617188,537.5,0.143912896513939
40,1,1,2,1,1,13195,39.2700004577637,0,3,1,1,0,185.750793457031,341.019989013672,0.0878804698586464
46,0,1,2,1,1,13197,95.2200012207031,0,2,1,2,0,404.46630859375,441.190002441406,0.10074320435524
40,1,1,1,1,1,13199,76.0400009155273,0,1,1,1,0,371.225769042969,375.260009765625,0.0660083815455437
53,1,1,2,1,1,13200,81.4100036621094,0,1,2,3,0,336.233581542969,416.880004882812,0.0267345290631056
49,0,1,1,1,1,13201,85.6100006103516,0,1,1,2,0,380.036224365234,389.839996337891,0.0854051560163498
34,1,1,3,1,1,13202,80.0299987792969,0,1,2,3,1,344.118713378906,336.130004882812,0.0210671331733465
46,1,1,4,1,1,13205,101.620002746582,0,5,2,3,1,383.936553955078,550.559997558594,0.0367362052202225
39,0,1,1,1,1,13206,71.4899978637695,0,1,3,3,0,355.209503173828,376.380004882812,0.00998810399323702
51,1,1,1,1,1,13207,103.363174438477,0,1,3,3,0,887.900024414062,778.679992675781,0.0162429753690958
47,1,1,4,1,1,13209,44.810001373291,0,3,1,2,1,159.264373779297,238.960006713867,0.169526964426041
48,1,1,1,1,1,13210,60.2900009155273,0,1,3,3,0,313.604461669922,385.779998779297,0.0136091280728579
44,1,1,3,1,1,13212,96.9400024414062,0,2,3,3,1,402.898162841797,471.640014648438,0.0242007970809937
NA,1,1,4,1,1,13213,43.2799987792969,1,3,1,1,1,171.455200195312,190.869995117188,0.144536748528481
51,1,1,3,1,1,13214,52.6199989318848,1,4,2,2,1,210.362274169922,306.119995117188,0.033339399844408
55,1,1,1,1,1,13217,170.235382080078,0,1,3,3,0,884.989379882812,754.580017089844,0.0216021966189146
45,1,1,4,1,1,13218,58.5699996948242,0,1,3,3,1,225.473693847656,384.480010986328,0.0354161076247692
33,1,1,4,1,1,13219,105.019996643066,0,3,1,1,1,394.617004394531,422.510009765625,0.144327908754349
46,1,1,3,1,1,13223,38.4300003051758,0,1,2,2,1,170.302871704102,293.119995117188,0.026058966293931
48,1,1,1,1,1,13226,NA,NA,NA,NA,NA,0,0,0,NA
42,1,1,2,1,1,13228,130.94255065918,0,2,2,3,0,893.876770019531,853.820007324219,0.0157341063022614
36,1,1,4,1,1,13230,111.73999786377,0,3,2,2,1,427.885284423828,428.570007324219,0.0299469325691462
64,0,1,2,1,1,13231,71.5299987792969,0,1,1,NA,0,85.4528198242188,0,0.244337752461433
45,1,1,1,1,1,13233,277.321136474609,0,1,2,3,0,600.938903808594,573.690002441406,0.0118063986301422
49,1,1,1,1,1,13234,170.600006103516,0,1,1,NA,0,77.7965927124023,0,0.0851575210690498
NA,0,1,1,1,1,13235,108.440002441406,0,2,2,1,0,412.797760009766,457.420013427734,0.0303501505404711
48,1,1,1,1,1,13237,18.1800003051758,1,1,1,1,0,96.4935455322266,147.369995117188,0.0818314552307129
39,1,1,3,1,1,13238,43.5,0,2,2,3,1,210.525100708008,226.050003051758,0.0214935410767794
43,1,1,4,1,1,13239,81.8922729492188,0,5,1,1,1,750.506164550781,641.25,0.154013589024544
NA,NA,1,1,1,1,13241,94.6600036621094,0,1,1,1,0,363.082214355469,383.600006103516,0.144536748528481
45,1,1,4,1,1,13242,81.0400009155273,0,5,1,1,1,297.352081298828,313.75,0.160834074020386
44,1,1,1,1,1,13243,90.4199981689453,0,1,2,2,0,454.543365478516,397.809997558594,0.0113522093743086
48,1,1,2,1,1,13246,120.319999694824,0,1,3,NA,0,129.239013671875,0,0.0198864433914423
41,1,1,4,1,1,13247,87.6100006103516,0,3,1,3,1,327.946380615234,404.829986572266,0.148928374052048
36,0,1,4,1,1,13248,45.2999992370605,0,3,2,3,1,174.501480102539,252.240005493164,0.0300549510866404
55,1,1,3,1,1,13249,58.1800003051758,1,2,2,2,1,208.446731567383,269.179992675781,0.0429729633033276
53,1,1,4,1,1,13250,30.3099994659424,1,4,2,2,1,109.297218322754,160.860000610352,0.0519145950675011
50,1,1,3,1,1,13252,NA,NA,NA,NA,NA,1,0,0,NA
45,1,1,4,1,1,13253,43.1800003051758,0,5,1,3,1,163.422653198242,181.570007324219,0.160834074020386
51,1,1,3,1,1,13255,43.7900009155273,1,3,1,1,1,174.964096069336,263.489990234375,0.15426367521286
55,0,1,3,1,1,13258,48.2299995422363,1,1,1,1,1,165.333312988281,253.229995727539,0.184039264917374
43,1,1,3,1,1,13259,31.8199996948242,0,1,2,3,1,144.775650024414,297.109985351562,0.0234523471444845
47,0,1,3,1,1,13260,665.150024414062,0,3,3,3,1,254.043350219727,346.510009765625,0.0272879134863615
54,1,1,4,1,1,13261,40.7799987792969,1,2,3,3,1,140.454147338867,274.929992675781,0.0551807284355164
41,0,1,3,1,1,13262,47.7000007629395,0,2,1,1,1,194.379516601562,278.510009765625,0.116684295237064
58,0,1,1,1,1,13264,25.6100006103516,1,1,1,NA,0,18.7607727050781,0,0.135744050145149
38,0,1,2,1,1,13266,92.9567565917969,0,1,2,2,0,604.757873535156,520.510009765625,0.0146463569253683
58,1,1,1,1,1,13270,73.3399963378906,0,2,1,NA,0,105.77140045166,0,0.135398343205452
47,1,1,1,1,1,13271,66.8899993896484,0,1,3,3,0,319.404998779297,439.619995117188,0.0129278525710106
53,1,1,4,1,1,13272,118.351852416992,0,2,2,3,1,449.703918457031,430.290008544922,0.0519145950675011
50,1,1,2,1,1,13277,91.5,0,1,1,NA,0,176.33415222168,0,0.11592873185873
48,0,1,4,1,1,13278,NA,NA,NA,NA,NA,1,0,0,NA
55,1,1,2,1,1,13279,NA,NA,NA,NA,NA,0,0,0,NA
39,1,1,1,1,1,13281,88.4100036621094,0,1,2,2,0,437.326904296875,387.739990234375,0.00994591135531664
46,0,1,4,1,1,13284,84.1900024414062,0,3,1,2,1,289.780914306641,285.390014648438,0.165330946445465
48,1,1,3,1,1,13288,44.2200012207031,0,3,2,3,1,180.292343139648,348.600006103516,0.0284663792699575
41,1,1,3,1,1,13290,24.4599990844727,0,3,1,1,1,109.032867431641,202.529998779297,0.116373218595982
40,1,1,4,1,1,13291,50.7299995422363,0,3,1,1,1,192.353759765625,301.820007324219,0.147002473473549
44,0,1,1,1,1,13292,NA,NA,NA,NA,NA,0,0,0,NA
49,0,1,3,1,1,13295,31.8799991607666,0,2,3,NA,1,25.3921661376953,0,0.0300149396061897
41,1,1,1,1,1,13296,104.089996337891,0,1,1,2,0,501.422607421875,476.350006103516,0.0670847371220589
45,1,1,1,1,1,13297,124.552803039551,0,1,2,1,0,963.106079101562,908.47998046875,0.0118063986301422
38,0,1,3,1,1,13298,47.4900016784668,0,4,2,1,1,202.684280395508,227.130004882812,0.0213183611631393
NA,0,1,2,1,1,13300,162.449798583984,0,1,2,2,0,794.486328125,870.5,0.0303501505404711
48,1,1,4,1,1,13301,46.2099990844727,0,4,2,NA,1,34.0387077331543,0,0.0399253256618977
44,1,1,3,1,1,13302,68.4520797729492,0,1,1,1,1,1296.62902832031,1147.61999511719,0.123368881642818
43,0,1,2,1,1,13303,88.3238677978516,0,1,1,1,0,1618.38977050781,1422.36999511719,0.0930292531847954
52,1,1,1,1,1,13305,40.5499992370605,1,2,3,3,0,189.996307373047,215.190002441406,0.017355402931571
48,1,1,1,1,1,13306,81.0299987792969,0,1,2,2,0,391.82763671875,418.970001220703,0.0136091280728579
47,1,1,4,1,1,13307,40.9700012207031,0,2,1,2,1,150.398223876953,306.899993896484,0.169526964426041
51,1,1,3,1,1,13309,47.4300003051758,1,3,3,3,1,188.663055419922,219.179992675781,0.033339399844408
NA,1,1,3,1,1,13312,20.3500003814697,1,3,3,3,1,96.8647155761719,139.529998779297,0.0303501505404711
NA,1,1,2,1,1,13313,5.36516952514648,1,1,3,3,0,852.541137695312,774.960021972656,0.0303501505404711
38,1,1,4,1,1,13314,107.360000610352,0,3,1,2,1,409.628936767578,482.899993896484,0.144333705306053
42,1,1,2,1,1,13315,75.4199981689453,0,2,2,2,0,351.937744140625,328.540008544922,0.0157341063022614
44,1,1,3,1,1,13318,42.7400016784668,0,5,1,2,1,178.944046020508,308.220001220703,0.123368881642818
55,1,1,3,1,1,13319,NA,NA,NA,NA,NA,1,0,0,NA
44,0,1,1,1,1,13321,83.9599990844727,0,1,2,3,0,396.819610595703,402.559997558594,0.0113995503634214
44,1,1,3,1,1,13323,106.879997253418,0,1,3,3,1,443.372894287109,387.420013427734,0.0242007970809937
49,1,1,4,1,1,13324,25.9597225189209,1,3,2,1,1,595.037170410156,536.909973144531,0.0418251156806946
51,0,1,1,1,1,13326,139.320007324219,0,1,1,NA,0,104.940063476562,0,0.0932046547532082
45,0,1,2,1,1,13330,89.0599975585938,0,1,3,3,0,382.743041992188,405.670013427734,0.0174502655863762
47,1,1,3,1,1,13331,243.022766113281,0,2,2,2,1,862.573791503906,801.5,0.0271882247179747
45,1,1,3,1,1,13332,46.3400001525879,0,2,1,1,1,199.688400268555,214.740005493164,0.126455187797546
50,1,1,2,1,1,13335,NA,NA,NA,NA,NA,0,0,0,NA
41,1,1,3,1,1,13336,83.3600006103516,0,5,1,3,1,348.522735595703,453.660003662109,0.116373218595982
51,1,1,3,1,1,13337,69.2099990844727,0,3,1,3,1,254.507263183594,297.579986572266,0.15426367521286
41,1,1,2,1,1,13339,127.161682128906,0,1,3,3,0,563.410400390625,540.419982910156,0.0153436884284019
56,0,1,4,1,1,13340,51.189998626709,1,2,1,1,1,153.086791992188,166.389999389648,0.237466156482697
46,1,1,2,1,1,13341,80.9499969482422,0,1,2,2,0,360.586822509766,464.570007324219,0.0181107763200998
55,1,1,3,1,1,13342,103.730003356934,0,3,2,3,1,364.559967041016,385.089996337891,0.0429729633033276
59,1,1,4,1,1,13345,88.7799987792969,0,2,3,3,1,254.245880126953,344.290008544922,0.0775713175535202
45,0,1,1,1,1,13346,76.7699966430664,0,1,1,1,0,355.026031494141,356.920013427734,0.0740510076284409
NA,1,1,4,1,1,13347,40.4599990844727,0,4,2,3,1,165.630844116211,201.990005493164,0.0303501505404711
54,1,1,4,1,1,13349,58.2700004577637,1,3,1,2,1,190.222305297852,313.899993896484,0.217385172843933
46,1,1,1,1,1,13350,100.980003356934,0,1,1,2,0,471.439697265625,505.630004882812,0.0761880278587341
43,0,1,4,1,1,13352,46.9900016784668,0,1,1,1,1,169.838333129883,260.019989013672,0.15439061820507
47,1,1,2,1,1,13353,83.129997253418,0,1,3,3,0,364.464080810547,385.679992675781,0.0189423989504576
51,1,1,1,1,1,13354,NA,NA,NA,NA,NA,0,0,0,NA
44,1,1,2,1,1,13356,99.1699981689453,0,1,1,1,0,434.39697265625,413.760009765625,0.0949993953108788
50,1,1,1,1,1,13358,95.0465087890625,0,2,1,1,0,574.102233886719,576.700012207031,0.0888515189290047
37,1,1,4,1,1,13359,108.23999786377,0,4,1,1,1,412.193786621094,462.529998779297,0.143576696515083
50,1,1,2,1,1,13361,139.070465087891,0,1,2,2,0,1366.08569335938,1183.9599609375,0.0221572518348694
46,1,1,1,1,1,13362,108.440002441406,0,3,2,3,0,517.867431640625,515.460021972656,0.0123294442892075
46,0,1,2,1,1,13366,NA,NA,NA,NA,NA,0,0,0,NA
45,0,1,3,1,1,13370,115.189758300781,0,4,2,3,1,797.206298828125,683.710021972656,0.0251597817987204
44,1,1,1,1,1,13371,175.029266357422,0,1,3,3,0,768.220581054688,685.840026855469,0.0113522093743086
51,1,1,2,1,1,13372,75.9080963134766,0,2,2,2,0,754.961059570312,654.859985351562,0.0235107559710741
40,1,1,2,1,1,13373,84.379997253418,0,2,1,1,0,385.355377197266,474.720001220703,0.0878804698586464
49,1,1,4,1,1,13374,22.6100006103516,1,2,1,2,1,81.3169097900391,204.070007324219,0.180260613560677
58,1,1,2,1,1,13375,42.5699996948242,1,2,1,1,0,162.949447631836,233.229995727539,0.171321347355843
51,0,1,2,1,1,13376,40.810001373291,1,2,1,1,0,158.57861328125,231.979995727539,0.121201261878014
48,1,1,2,1,1,13379,74.5100021362305,0,1,1,1,0,318.744323730469,344.589996337891,0.107379741966724
45,1,1,3,1,1,13381,110.650001525879,0,3,2,1,1,445.681762695312,481.440002441406,0.025066651403904
48,1,1,1,1,1,13383,175.828186035156,0,1,2,3,0,1080.50036621094,930.210021972656,0.0136091280728579
57,1,1,2,1,1,13384,69.0599975585938,1,1,1,2,0,245.994201660156,293.739990234375,0.162160560488701
37,1,1,3,1,1,13385,82.75,0,1,3,3,1,360.221740722656,391.489990234375,0.0210679080337286
38,1,1,3,1,1,13390,103.273956298828,0,1,1,2,1,477.968719482422,561.940002441406,0.112503193318844
45,1,1,2,1,1,13392,83.129997253418,0,1,2,2,0,376.163146972656,406.690002441406,0.0173819325864315
51,0,1,2,1,1,13393,59.5330429077148,0,1,1,2,0,720.251342773438,658.570007324219,0.121201261878014
48,1,1,1,1,1,13395,91.9199981689453,0,4,2,2,0,430.958374023438,588.869995117188,0.0136091280728579
43,1,1,3,1,1,13398,430.720001220703,0,2,2,3,1,181.478775024414,370.519989013672,0.0234523471444845
47,0,1,3,1,1,13400,32.1199989318848,1,5,1,1,1,117.440124511719,176.429992675781,0.134207084774971
45,1,1,3,1,1,13401,20.6200008392334,1,2,2,3,1,101.885803222656,194.970001220703,0.025066651403904
58,1,1,4,1,1,13402,74.8899993896484,1,4,3,3,1,221.893432617188,333.179992675781,0.072155237197876
41,1,1,4,1,1,13403,36.1599998474121,0,3,1,1,1,140.554428100586,195.860000610352,0.148928374052048
41,0,1,2,1,1,13405,157.134384155273,0,3,1,1,0,886.532958984375,734.700012207031,0.0894742757081985
50,1,1,1,1,1,13406,100.809997558594,0,1,1,1,0,460.994262695312,493.829986572266,0.0888515189290047
41,1,1,3,1,1,13407,42.7400016784668,0,3,1,2,1,178.080154418945,261.390014648438,0.116373218595982
45,0,1,4,1,1,13408,93.7900009155273,0,2,1,1,1,335.089294433594,329.649993896484,0.161221995949745
46,1,1,4,1,1,13409,60.1410484313965,0,4,3,3,1,753.165893554688,716.72998046875,0.0367362052202225
46,1,1,1,1,1,13413,77.370002746582,0,1,3,3,0,384.607025146484,434.709991455078,0.0123294442892075
49,0,1,1,1,1,13414,51.3899993896484,0,2,3,3,0,241.736740112305,280.260009765625,0.0144399981945753
45,1,1,1,1,1,13415,40.560001373291,0,1,3,3,0,216.744644165039,278.869995117188,0.0118063986301422
48,1,1,2,1,1,13416,44.060001373291,0,1,1,1,0,186.262512207031,314.059997558594,0.107379741966724
42,1,1,3,1,1,13417,49.1800003051758,0,1,1,2,1,209.986099243164,282.709991455078,0.11834279447794
36,0,1,2,1,1,13418,90.0999984741211,0,4,2,3,0,426.526977539062,391.380004882812,0.0144615415483713
61,0,1,4,1,1,13420,150.418197631836,0,3,1,1,1,340.872619628906,440.390014648438,0.300541430711746
53,1,1,1,1,1,13421,319.630004882812,0,1,1,NA,0,26.8031711578369,0,0.10242211073637
49,1,1,3,1,1,13423,70.8000030517578,0,2,1,NA,1,55.0604934692383,0,0.143065959215164
49,0,1,2,1,1,13424,114.190170288086,0,1,2,3,0,751.087951660156,661.340026855469,0.0210339762270451
51,1,1,2,1,1,13432,25.6900005340576,1,1,1,2,0,113.740043640137,136.479995727539,0.120881728827953
47,1,1,3,1,1,13434,NA,NA,NA,NA,NA,1,0,0,NA
50,0,1,4,1,1,13436,94.6900024414062,0,3,1,2,1,318.542663574219,330.220001220703,0.186879724264145
50,1,1,3,1,1,13438,41.3600006103516,1,2,1,2,1,159.303070068359,169.160003662109,0.148401319980621
44,1,1,3,1,1,13439,34.0099983215332,0,2,1,1,1,140.365646362305,278.880004882812,0.123368881642818
58,0,1,4,1,1,13441,55.6199989318848,1,4,3,3,1,170.017852783203,164.410003662109,0.0723736733198166
43,1,1,2,1,1,13443,69.25,0,1,2,2,0,319.058929443359,310.640014648438,0.0162003077566624
58,0,1,1,1,1,13446,44.8899993896484,1,1,1,2,0,164.946182250977,174.009994506836,0.135744050145149
37,1,1,1,1,1,13447,157.32861328125,0,1,2,2,0,860.922607421875,781.380004882812,0.00972679909318686
45,1,1,2,1,1,13452,46.6800003051758,0,2,3,3,0,215.353897094727,241.199996948242,0.0173819325864315
48,0,1,1,1,1,13453,112.694641113281,0,1,3,3,0,1117.81555175781,1101.96997070312,0.0136645175516605
54,0,1,4,1,1,13455,100.349998474121,0,3,2,2,1,317.114410400391,391.709991455078,0.0553580150008202
55,1,1,1,1,1,13456,33.3499984741211,1,1,3,3,0,161.826019287109,228.75,0.0216021966189146
40,1,1,4,1,1,13458,65.1100006103516,0,2,2,3,1,261.193603515625,254.119995117188,0.0310982502996922
47,1,1,3,1,1,13459,100.48999786377,0,2,2,2,1,400.670867919922,441.220001220703,0.0271882247179747
37,1,1,3,1,1,13460,71.5400009155273,0,4,2,1,1,316.046569824219,403.809997558594,0.0210679080337286
40,1,1,2,1,1,13461,104.632720947266,0,1,3,3,0,525.803527832031,584.989990234375,0.0150246862322092
49,1,1,1,1,1,13462,44.2700004577637,1,1,3,3,0,230.399719238281,255.559997558594,0.0143819181248546
39,0,1,4,1,1,13463,46.7299995422363,0,4,3,3,1,178.955383300781,202.479995727539,0.0307436883449554
39,1,1,1,1,1,13465,89.6999969482422,0,1,1,2,0,443.3916015625,420.269989013672,0.0651568323373795
61,1,1,1,1,1,13469,100.550003051758,0,1,3,3,0,371.123657226562,370.440002441406,0.0361862778663635
53,1,1,1,1,1,13472,NA,NA,NA,NA,NA,0,0,0,NA
54,1,1,3,1,1,13473,50.1100006103516,1,1,3,3,1,188.827270507812,232.919998168945,0.0401590019464493
52,1,1,3,1,1,13474,106.029998779297,0,2,3,3,1,391.954895019531,441.260009765625,0.0353679284453392
56,1,1,3,1,1,13475,28.7999992370605,1,2,1,2,1,96.8297119140625,232.789993286133,0.192604705691338
47,1,1,4,1,1,13477,84.8899993896484,0,4,1,1,1,297.857543945312,341.649993896484,0.169526964426041
52,1,1,3,1,1,13480,46.25,1,1,1,1,1,177.49609375,365.5,0.160683274269104
45,1,1,3,1,1,13481,61.3573837280273,0,1,1,1,1,449.373992919922,480.279998779297,0.126455187797546
43,0,1,1,1,1,13482,672.150024414062,0,1,3,3,0,314.338562011719,291.369995117188,0.0110072176903486
46,0,1,4,1,1,13483,105.779998779297,0,2,2,3,1,377.459991455078,365.799987792969,0.0368640124797821
55,1,1,3,1,1,13484,83.120002746582,0,1,1,1,1,293.062835693359,258.519989013672,0.183617144823074
44,1,1,4,1,1,13485,42.3899993896484,0,2,3,3,1,166.810913085938,348.869995117188,0.0342614911496639
48,0,1,3,1,1,13486,100.720001220703,0,2,1,1,1,380.703399658203,360.029998779297,0.138579607009888
36,1,1,2,1,1,13489,76.8105010986328,0,1,3,3,0,533.619079589844,530.369995117188,0.0144033869728446
55,1,1,4,1,1,13490,41.8899993896484,1,5,1,1,1,137.164001464844,276.119995117188,0.22681026160717
49,1,1,4,1,1,13491,42.4099998474121,1,3,1,2,1,156.985595703125,203.75,0.180260613560677
42,1,1,1,1,1,13492,26.6299991607666,0,1,3,3,0,141.56559753418,378.670013427734,0.0106288930401206
54,1,1,4,1,1,13493,56.6800003051758,1,2,2,3,1,188.604598999023,259.980010986328,0.0551807284355164
55,1,1,4,1,1,13494,57.2200012207031,0,1,1,NA,1,35.4649200439453,0,0.22681026160717
39,1,1,2,1,1,13495,42.060001373291,0,1,1,1,0,203.978851318359,308.450012207031,0.0868212208151817
46,1,1,1,1,1,13496,62.939998626709,0,1,2,2,0,318.659851074219,349.480010986328,0.0123294442892075
47,1,1,1,1,1,13498,48.0800018310547,0,4,1,1,0,228.070846557617,360.480010986328,0.0788489952683449
43,1,1,4,1,1,13499,105.169998168945,0,4,3,3,1,400.012451171875,369.679992675781,0.0332612656056881
45,0,1,1,1,1,13500,45.4099998474121,0,1,1,2,0,208.82421875,228.759994506836,0.0740510076284409
49,1,1,1,1,1,13501,104.099998474121,0,1,3,3,0,483.047515869141,456.890014648438,0.0143819181248546
45,0,1,3,1,1,13503,21.5900001525879,1,3,1,1,1,88.9784774780273,151.910003662109,0.126784920692444
50,1,1,3,1,1,13505,61.25,0,3,2,3,1,250.289184570312,326.649993896484,0.0315255858004093
51,1,1,4,1,1,13506,NA,NA,NA,NA,NA,1,0,0,NA
54,1,1,4,1,1,13507,63.1599998474121,1,2,3,3,1,208.183212280273,196.020004272461,0.0551807284355164
54,1,1,1,1,1,13508,84.1500015258789,0,2,1,2,0,351.142608642578,377.540008544922,0.107881277799606
43,1,1,2,1,1,13509,92.0999984741211,0,1,2,2,0,411.457855224609,437.470001220703,0.0162003077566624
52,1,1,3,1,1,13510,NA,NA,NA,NA,NA,1,0,0,NA
52,1,1,1,1,1,13515,45.1199989318848,1,1,1,1,0,200.039001464844,310.359985351562,0.0974532663822174
47,1,1,1,1,1,13516,82.8899993896484,0,1,2,2,0,394.152557373047,361.079986572266,0.0129278525710106
57,1,1,1,1,1,13517,64.6699981689453,0,1,2,NA,0,53.3331985473633,0,0.025385744869709
52,1,1,2,1,1,13519,NA,NA,NA,NA,NA,0,0,0,NA
49,1,1,2,1,1,13521,NA,NA,NA,NA,NA,0,0,0,NA
50,1,1,4,1,1,13526,53.4300003051758,0,2,1,1,1,183.807174682617,297.910003662109,0.186453565955162
48,1,1,1,1,1,13527,101.949996948242,0,2,1,3,0,465.460510253906,514.820007324219,0.0818314552307129
64,1,1,1,1,1,13528,NA,NA,NA,NA,NA,0,0,0,NA
61,0,1,2,1,1,13530,24.2036056518555,1,1,1,1,0,537.310913085938,493.920013427734,0.204007863998413
49,1,1,3,1,1,13532,NA,NA,NA,NA,NA,1,0,0,NA
54,1,1,4,1,1,13533,48.5900001525879,1,5,3,3,1,170.058288574219,248.479995727539,0.0551807284355164
57,1,1,3,1,1,13538,46.7700004577637,1,2,1,2,1,164.201995849609,272.630004882812,0.202325507998466
35,1,1,4,1,1,13539,110.23999786377,0,3,1,2,1,420.052368164062,474.339996337891,0.143197506666183
60,1,1,3,1,1,13540,15.7299995422363,1,1,1,NA,1,10.7226362228394,0,0.236266508698463
43,1,1,3,1,1,13543,47.1399993896484,0,3,2,3,1,210.048767089844,249.479995727539,0.0234523471444845
56,0,1,2,1,1,13544,117.290000915527,0,1,1,NA,0,91.3160934448242,0,0.154095888137817
54,1,1,3,1,1,13545,82.0834808349609,0,2,3,2,1,501.199981689453,451.989990234375,0.0401590019464493
48,1,1,1,1,1,13546,113.045951843262,0,1,1,3,0,591.043701171875,534.510009765625,0.0818314552307129
58,1,1,1,1,1,13547,NA,NA,NA,NA,NA,0,0,0,NA
43,1,1,2,1,1,13551,74.7699966430664,0,1,2,3,0,338.011291503906,333.149993896484,0.0162003077566624
52,1,1,3,1,1,13556,85.4493408203125,0,1,3,3,1,613.942443847656,591.289978027344,0.0353679284453392
48,1,1,3,1,1,13557,88.8634796142578,0,1,3,3,1,673.1748046875,586.5,0.0284663792699575
48,1,1,3,1,1,13558,NA,NA,NA,NA,NA,1,0,0,NA
48,1,1,4,1,1,13559,84.6500015258789,0,4,1,1,1,298.578796386719,331.720001220703,0.174626991152763
44,1,1,1,1,1,13560,40.6300010681152,0,2,1,2,0,191.005752563477,238.289993286133,0.0717533752322197
53,1,1,4,1,1,13562,47.8199996948242,0,5,3,NA,1,33.8326263427734,0,0.0519145950675011
54,1,1,2,1,1,13565,49.7599983215332,1,1,1,2,0,192.521209716797,202.970001220703,0.138827696442604
42,0,1,2,1,1,13567,88.6900024414062,0,1,1,3,0,391.7822265625,485.790008544922,0.0911023318767548
45,1,1,2,1,1,13568,101.550003051758,0,3,1,1,0,446.210205078125,437.070007324219,0.0975597128272057
52,0,1,1,1,1,13571,55.3699989318848,1,1,1,3,0,238.895263671875,269.350006103516,0.097726970911026
41,1,1,3,1,1,13572,37.8523178100586,0,4,1,1,1,880.873840332031,764.539978027344,0.116373218595982
53,1,1,4,1,1,13573,103.51000213623,0,4,1,1,1,330.415283203125,347.679992675781,0.208668306469917
44,1,1,1,1,1,13574,53.6800003051758,0,1,3,3,0,289.496765136719,371.850006103516,0.0113522093743086
45,1,1,3,1,1,13575,190.552154541016,0,3,1,2,1,491.818756103516,455.140014648438,0.126455187797546
50,1,1,3,1,1,13578,80.0899963378906,0,2,3,3,1,315.302093505859,316.170013427734,0.0315255858004093
44,0,1,4,1,1,13580,58.939998626709,0,1,3,3,1,212.892120361328,293.600006103516,0.0343822166323662
39,0,1,4,1,1,13581,34.7999992370605,0,4,1,1,1,131.178497314453,175.070007324219,0.145836547017097
57,1,1,1,1,1,13583,65.9300003051758,0,1,1,NA,0,124.110389709473,0,0.127583175897598
46,1,1,3,1,1,13585,45.4199981689453,0,2,2,3,1,191.801422119141,221.509994506836,0.026058966293931
42,1,1,4,1,1,13586,54.9900016784668,0,5,3,3,1,217.43701171875,222.149993896484,0.0324058644473553
46,1,1,1,1,1,13589,49.8899993896484,0,2,3,3,0,250.982345581055,275.339996337891,0.0123294442892075
57,1,1,4,1,1,13590,70.5375595092773,1,3,1,1,1,327.113739013672,386.380004882812,0.247913494706154
52,1,1,2,1,1,13591,NA,NA,NA,NA,NA,0,0,0,NA
44,1,1,4,1,1,13592,44.5400009155273,0,1,3,3,1,180.121292114258,266.630004882812,0.0342614911496639
47,1,1,1,1,1,13595,88.2099990844727,0,1,1,1,0,414.675415039062,410.619995117188,0.0788489952683449
47,1,1,1,1,1,13596,102.370002746582,0,1,2,2,0,482.666320800781,455.739990234375,0.0129278525710106
56,1,1,3,1,1,13598,114.501525878906,0,1,3,3,1,686.848022460938,727.75,0.0461049638688564
40,0,1,3,1,1,13599,56.7400016784668,0,1,2,2,1,244.989974975586,287.140014648438,0.0219220574945211
30,1,1,4,1,1,13600,84.3300018310547,0,3,1,1,1,317.180999755859,399.970001220703,0.148915410041809
54,1,1,1,1,1,13603,25.9599990844727,1,1,1,NA,0,80.4276580810547,0,0.107881277799606
43,1,1,2,1,1,13608,69.8099975585938,0,1,1,NA,0,61.6068840026855,0,0.0927653014659882
37,1,1,4,1,1,13609,45.0099983215332,0,3,1,2,1,176.23176574707,195.75,0.143576696515083
45,1,1,2,1,1,13610,104.467071533203,0,1,3,3,0,749.404968261719,657.159973144531,0.0173819325864315
41,1,1,1,1,1,13612,106.074371337891,0,1,1,1,0,997.654663085938,888.280029296875,0.0670847371220589
42,1,1,2,1,1,13613,60.9732055664062,0,2,1,1,0,729.705749511719,626.47998046875,0.0908424407243729
57,1,1,4,1,1,13615,NA,NA,NA,NA,NA,1,0,0,NA
39,1,1,2,1,1,13616,94.0100021362305,0,1,2,3,0,434.733215332031,441.549987792969,0.0147735681384802
45,1,1,4,1,1,13617,39.3600006103516,0,4,1,NA,1,109.528915405273,0,0.160834074020386
57,1,1,4,1,1,13618,46.4500007629395,1,3,3,3,1,154.595275878906,186.740005493164,0.0672504752874374
52,1,1,3,1,1,13619,35.5,1,3,1,3,1,138.571319580078,184.649993896484,0.160683274269104
45,1,1,1,1,1,13621,84.9400024414062,0,1,3,3,0,410.225860595703,473.209991455078,0.0118063986301422
44,1,1,1,1,1,13622,111.230003356934,0,1,3,3,0,537.853149414062,509.420013427734,0.0113522093743086
48,0,1,2,1,1,13624,78.3300018310547,0,1,1,NA,0,64.7798004150391,0,0.107673399150372
41,1,1,1,1,1,13627,192.224853515625,0,1,3,3,0,989.985473632812,886.049987792969,0.0103509724140167
38,1,1,3,1,1,13633,23.2299995422363,0,2,3,3,1,110.309844970703,187.509994506836,0.021237351000309
64,1,1,4,1,1,13634,32.9000015258789,1,1,1,NA,1,14.7156276702881,0,0.348468720912933
49,1,1,3,1,1,13636,48.189998626709,0,2,1,1,1,184.124389648438,215.440002441406,0.143065959215164
44,1,1,2,1,1,13638,96.8899993896484,0,1,3,3,0,430.014831542969,468.720001220703,0.016747523099184
46,1,1,4,1,1,13639,67.6500015258789,0,4,1,1,1,244.697296142578,299.380004882812,0.164936676621437
46,1,1,3,1,1,13640,108.849998474121,0,3,1,1,1,427.316467285156,469.899993896484,0.12994684278965
45,1,1,2,1,1,13641,160.208740234375,0,1,1,1,0,506.269744873047,643.409973144531,0.0975597128272057
53,1,1,4,1,1,13642,25.3899993896484,1,2,3,2,1,100.361267089844,164.820007324219,0.0519145950675011
62,1,1,4,1,1,13643,NA,NA,NA,NA,NA,1,0,0,NA
43,1,1,2,1,1,13646,102.449996948242,0,3,1,1,0,456.235137939453,457.679992675781,0.0927653014659882
46,1,1,1,1,1,13647,401.579986572266,0,3,1,2,0,183.520233154297,291.5,0.0761880278587341
42,1,1,4,1,1,13648,48.75,0,3,1,1,1,193.560104370117,251.850006103516,0.151261359453201
39,0,1,4,1,1,13650,89.2177658081055,0,5,2,3,1,449.686279296875,401.380004882812,0.0307436883449554
42,1,1,4,1,1,13651,65.4899978637695,0,3,1,1,1,243.074508666992,320.220001220703,0.151261359453201
41,1,1,3,1,1,13655,46.2900009155273,0,2,3,3,1,201.969757080078,293.779998779297,0.0222775880247355
48,1,1,1,1,1,13658,71.0999984741211,0,1,3,NA,0,66.7494354248047,0,0.0136091280728579
53,1,1,3,1,1,13660,105.349998474121,0,5,2,2,1,387.845489501953,405.549987792969,0.0376330204308033
46,1,1,2,1,1,13662,112.083038330078,0,1,1,1,0,520.949462890625,547.549987792969,0.100463390350342
46,1,1,2,1,1,13664,99.2307968139648,0,1,1,1,0,853.794921875,754.429992675781,0.100463390350342
49,1,1,4,1,1,13666,80.0500030517578,0,4,1,1,1,279.215942382812,327.640014648438,0.180260613560677
41,1,1,4,1,1,13667,60.5200004577637,0,5,2,3,1,234.989517211914,278.029998779297,0.0316871404647827
42,1,1,4,1,1,13670,60.9199981689453,0,3,1,1,1,237.953750610352,255.479995727539,0.151261359453201
44,1,1,1,1,1,13672,50.4700012207031,0,1,3,3,0,261.607879638672,317.140014648438,0.0113522093743086
71,0,1,2,1,1,13675,NA,NA,NA,NA,NA,0,0,0,NA
46,1,1,1,1,1,13676,74.7139663696289,0,1,2,3,0,923.919311523438,832.989990234375,0.0123294442892075
49,0,1,1,1,1,13677,56.0999984741211,0,3,1,2,0,245.414489746094,315.75,0.0854051560163498
52,1,1,4,1,1,13680,59.337043762207,0,5,3,3,1,657.185302734375,661.900024414062,0.0489727929234505
41,1,1,2,1,1,13682,61.5800018310547,0,1,1,NA,0,55.0522346496582,0,0.0892178490757942
45,1,1,2,1,1,13683,119.813293457031,0,1,3,3,0,515.384948730469,492.299987792969,0.0173819325864315
39,1,1,4,1,1,13686,45.6599998474121,0,4,1,2,1,176.832000732422,226.389999389648,0.145473584532738
57,1,1,4,1,1,13688,40.0299987792969,1,2,2,2,1,131.741012573242,396.359985351562,0.0672504752874374
56,0,1,4,1,1,13689,NA,NA,NA,NA,NA,1,0,0,NA
56,0,1,2,1,1,13691,NA,NA,NA,NA,NA,0,0,0,NA
43,1,1,4,1,1,13695,104.040000915527,0,4,1,1,1,389.002075195312,419.730010986328,0.154013589024544
58,1,1,1,1,1,13699,88.2200012207031,0,1,2,2,0,355.520812988281,348.130004882812,0.027635121718049
47,0,1,1,1,1,13700,71.4300003051758,0,1,1,1,0,330.207214355469,331.730010986328,0.0790827199816704
44,0,1,1,1,1,13701,58.6399993896484,0,1,2,3,0,288.046203613281,311.739990234375,0.0113995503634214
40,1,1,1,1,1,13703,25.4500007629395,0,1,1,2,0,130.965255737305,455.220001220703,0.0660083815455437
46,1,1,4,1,1,13704,45.1800003051758,0,2,1,2,1,161.879592895508,178.639999389648,0.164936676621437
50,1,1,4,1,1,13706,38.7799987792969,1,3,1,1,1,139.97412109375,227.100006103516,0.186453565955162
56,1,1,1,1,1,13710,90.273551940918,0,1,3,3,0,1321.67492675781,1130.33996582031,0.0233837105333805
52,0,1,1,1,1,13712,57.1500015258789,0,1,2,2,0,248.362213134766,272.989990234375,0.0174236465245485
50,1,1,2,1,1,13714,37.4900016784668,1,2,1,2,0,176.729705810547,321.489990234375,0.11592873185873
46,0,1,2,1,1,13715,50.9809417724609,0,1,1,1,0,919.251770019531,827.789978027344,0.10074320435524
48,1,1,3,1,1,13717,73.7399978637695,0,2,1,2,1,279.702209472656,349.059997558594,0.138228967785835
NA,1,1,4,1,1,13722,48.189998626709,0,5,1,2,1,193.425247192383,300.309997558594,0.144536748528481
NA,NA,1,4,1,1,13723,46.7599983215332,1,5,3,3,1,191.330841064453,279.559997558594,0.0303501505404711
37,1,1,3,1,1,13724,426.25,0,3,3,3,1,184.722137451172,247.800003051758,0.0210679080337286
52,1,1,1,1,1,13725,30.2900009155273,1,1,3,3,0,151.062789916992,165.089996337891,0.017355402931571
51,1,1,1,1,1,13726,98.0599975585938,0,1,1,1,0,429.153198242188,394.549987792969,0.0929403752088547
51,1,1,3,1,1,13727,153.134338378906,0,1,3,3,1,463.200378417969,441.049987792969,0.033339399844408
54,0,1,4,1,1,13730,83.8399963378906,0,4,2,3,1,259.374633789062,380.299987792969,0.0553580150008202
49,1,1,4,1,1,13731,25.5400009155273,1,3,1,1,1,97.8189239501953,124.419998168945,0.180260613560677
40,0,1,4,1,1,13732,80.4199981689453,0,3,2,3,1,305.317749023438,307.119995117188,0.0312097109854221
50,1,1,3,1,1,13738,17.9599990844727,1,1,1,NA,1,14.0995616912842,0,0.148401319980621
38,1,1,1,1,1,13741,60.1800003051758,0,1,1,1,0,299.912841796875,495.799987792969,0.0645236372947693
49,1,1,2,1,1,13742,44.6500015258789,1,1,2,3,0,198.92790222168,196.039993286133,0.020953880622983
60,0,1,1,1,1,13744,117.43790435791,0,1,1,2,0,788.429138183594,784.169982910156,0.153550744056702
50,1,1,2,1,1,13745,109.350166320801,0,3,2,3,0,833.821411132812,809.159973144531,0.0221572518348694
53,1,1,1,1,1,13746,NA,NA,NA,NA,NA,0,0,0,NA
45,1,1,3,1,1,13752,37.4500007629395,0,2,2,2,1,160.68115234375,190.520004272461,0.025066651403904
35,1,1,3,1,1,13753,83.4300003051758,0,1,1,1,1,350.309448242188,329.019989013672,0.11154805123806
56,1,1,3,1,1,13754,NA,NA,NA,NA,NA,1,0,0,NA
49,1,1,1,1,1,13756,74.6569747924805,0,1,2,2,0,572.095581054688,602.309997558594,0.0143819181248546
60,1,1,3,1,1,13757,NA,NA,NA,NA,NA,1,0,0,NA
42,0,1,1,1,1,13758,73.3757476806641,0,1,3,3,0,671.021667480469,626.640014648438,0.010673594661057
41,0,1,2,1,1,13759,42.4500007629395,0,1,1,2,0,196.290390014648,311.179992675781,0.0894742757081985
43,1,1,1,1,1,13760,90.9700012207031,0,1,3,3,0,440.386383056641,445.429992675781,0.0109612951055169
48,1,1,1,1,1,13762,85.0222091674805,0,1,2,3,0,924.092346191406,887.169982910156,0.0136091280728579
32,1,1,4,1,1,13763,31.9799995422363,0,3,2,3,1,133.563568115234,174.199996948242,0.0306311454623938
46,1,1,4,1,1,13764,53.6762924194336,0,3,1,1,1,863.871948242188,823.299987792969,0.164936676621437
45,1,1,1,1,1,13765,98.0199966430664,0,1,3,3,0,472.764801025391,490.670013427734,0.0118063986301422
56,1,1,1,1,1,13767,107.980003356934,0,1,2,2,0,444.652252197266,400.600006103516,0.0233837105333805
51,1,1,4,1,1,13768,54.9700012207031,0,4,2,3,1,200.322723388672,253.240005493164,0.0463271252810955
57,0,1,3,1,1,13769,75.7399978637695,0,1,1,NA,1,47.4480285644531,0,0.202773317694664
46,1,1,1,1,1,13770,83.4199981689453,0,2,1,2,0,392.170379638672,437.410003662109,0.0761880278587341
39,1,1,2,1,1,13771,30.2099990844727,0,1,1,1,0,154.27961730957,270.079986572266,0.0868212208151817
48,1,1,1,1,1,13772,20.0499992370605,0,2,1,NA,0,18.7417945861816,0,0.0818314552307129
43,1,1,2,1,1,13773,85.4899978637695,0,1,1,2,0,381.471740722656,391.170013427734,0.0927653014659882
45,1,1,1,1,1,13774,165.162734985352,0,1,3,3,0,1828.35327148438,1488.21997070312,0.0118063986301422
54,1,1,1,1,1,13776,71.1999969482422,0,1,1,NA,0,60.0569763183594,0,0.107881277799606
44,1,1,4,1,1,13777,45.5800018310547,0,1,3,3,1,193.871246337891,196.169998168945,0.0342614911496639
46,0,1,1,1,1,13778,69.8907012939453,0,1,1,1,0,566.748474121094,507.260009765625,0.0764157250523567
43,0,1,3,1,1,13781,105.449996948242,0,5,1,1,1,416.754516601562,497.049987792969,0.120989188551903
44,1,1,1,1,1,13782,43.2799987792969,0,1,1,1,0,211.321029663086,273.179992675781,0.0717533752322197
35,1,1,2,1,1,13783,29.6021423339844,0,2,1,1,0,657.429748535156,715.590026855469,0.0852482914924622
57,1,1,2,1,1,13784,88.5100021362305,0,1,2,2,0,329.130615234375,321.549987792969,0.0358409658074379
51,1,1,4,1,1,13785,17.5599994659424,1,3,2,NA,1,14.7590589523315,0,0.0463271252810955
51,1,1,4,1,1,13787,33.0299987792969,0,4,1,NA,1,76.7511520385742,0,0.193233087658882
40,0,1,4,1,1,13789,112.238227844238,0,4,1,1,1,423.283111572266,434.589996337891,0.147367998957634
47,1,1,4,1,1,13790,95.25,0,3,2,2,1,351.604522705078,406.269989013672,0.0382344610989094
48,1,1,2,1,1,13791,50.9500007629395,0,1,3,3,0,230.4384765625,263.630004882812,0.0198864433914423
48,1,1,1,1,1,13793,97.0147018432617,0,1,3,3,0,528.153625488281,522.169982910156,0.0136091280728579
42,1,1,2,1,1,13794,76.7799987792969,0,1,1,2,0,343.943817138672,361.920013427734,0.0908424407243729
56,0,1,2,1,1,13795,50.8600006103516,1,2,2,3,0,189.494766235352,208.589996337891,0.0332869701087475
45,1,1,1,1,1,13797,76.2600021362305,0,1,2,2,0,375.499481201172,441.809997558594,0.0118063986301422
50,1,1,1,1,1,13799,63.8800010681152,0,1,1,NA,0,149.831558227539,0,0.0888515189290047
51,1,1,1,1,1,13800,84.9300003051758,0,1,2,3,0,383.730194091797,398.450012207031,0.0162429753690958
50,1,1,4,1,1,13801,42.5999984741211,1,1,3,3,1,164.177963256836,208.289993286133,0.0439522080123425
69,1,1,1,1,1,13803,NA,NA,NA,NA,NA,0,0,0,NA
45,0,1,2,1,1,13807,80.4499969482422,0,1,3,3,0,346.798797607422,376.429992675781,0.0174502655863762
46,1,1,4,1,1,13808,76.1179656982422,0,1,1,1,1,758.890075683594,745.02001953125,0.164936676621437
41,1,1,1,1,1,13809,74.8899993896484,0,1,2,2,0,369.759185791016,378.119995117188,0.0103509724140167
54,1,1,1,1,1,13811,50.0400009155273,1,2,1,1,0,213.400482177734,222.770004272461,0.107881277799606
49,0,1,2,1,1,13813,45.8699989318848,1,1,3,3,0,193.088470458984,242.399993896484,0.0210339762270451
49,1,1,1,1,1,13814,28.9599990844727,1,2,1,2,0,135.616027832031,244.300003051758,0.0851575210690498
52,1,1,4,1,1,13815,44.2299995422363,1,5,1,2,1,145.194641113281,255.520004272461,0.200628027319908
50,1,1,2,1,1,13816,64.4199981689453,0,2,1,1,0,268.855255126953,347.230010986328,0.11592873185873
45,1,1,1,1,1,13817,84.1500015258789,0,1,1,2,0,396.473754882812,449.279998779297,0.0738287270069122
44,1,1,3,1,1,13818,30.3999996185303,1,3,2,2,1,146.999298095703,136.979995727539,0.0242007970809937
43,0,1,2,1,1,13819,110.457672119141,0,2,1,2,0,534.309020996094,512.530029296875,0.0930292531847954
47,1,1,2,1,1,13823,81.4000015258789,0,1,1,2,0,345.640563964844,456.450012207031,0.10372956097126
60,1,1,3,1,1,13824,55.4300003051758,0,1,1,NA,1,61.4119148254395,0,0.236266508698463
38,0,1,2,1,1,13826,91.4000015258789,0,1,3,3,0,423.593200683594,458.260009765625,0.0146463569253683
43,1,1,4,1,1,13828,175.364227294922,0,3,1,1,1,514.737670898438,504.339996337891,0.154013589024544
54,1,1,1,1,1,13830,90.9000015258789,0,1,3,3,0,407.103637695312,467.920013427734,0.0200173575431108
57,1,1,2,1,1,13832,NA,NA,NA,NA,NA,0,0,0,NA
47,1,1,4,1,1,13833,101.930000305176,0,5,1,1,1,357.377593994141,335.089996337891,0.169526964426041
44,0,1,2,1,1,13836,97.083625793457,0,1,3,3,0,499.332427978516,660.049987792969,0.0168137196451426
50,1,1,3,1,1,13839,53.4799995422363,0,1,3,3,1,215.6630859375,252.509994506836,0.0315255858004093
44,1,1,1,1,1,13841,52.1694259643555,0,2,2,1,0,605.43408203125,574.559997558594,0.0113522093743086
48,0,1,4,1,1,13842,20.8999996185303,1,4,3,3,1,95.4796752929688,169.610000610352,0.0400621071457863
47,1,1,4,1,1,13843,108.330001831055,0,4,1,1,1,389.190887451172,429.190002441406,0.169526964426041
48,0,1,1,1,1,13844,44.1399993896484,0,1,2,3,0,204.366821289062,301.070007324219,0.0136645175516605
46,1,1,2,1,1,13846,97.6989669799805,0,1,2,3,0,528.787292480469,465.679992675781,0.0181107763200998
46,0,1,4,1,1,13847,91.8099975585938,0,3,1,1,1,325.608947753906,344.079986572266,0.165330946445465
44,0,1,1,1,1,13848,245.493255615234,0,1,2,2,0,1787.5107421875,1489.0400390625,0.0113995503634214
43,1,1,2,1,1,13849,23.9400005340576,1,1,2,2,0,127.800025939941,169.949996948242,0.0162003077566624
53,1,1,4,1,1,13850,20.25,1,1,1,2,1,70.092155456543,120.970001220703,0.208668306469917
46,1,1,2,1,1,13851,60.8199996948242,0,3,1,2,0,285.326995849609,281.839996337891,0.100463390350342
51,0,1,2,1,1,13852,46.5999984741211,1,1,2,2,0,201.594268798828,216.360000610352,0.0235990229994059
47,0,1,3,1,1,13853,51.25,0,3,1,1,1,191.771118164062,259.160003662109,0.134207084774971
49,0,1,1,1,1,13854,120.979194641113,0,1,3,3,0,1650.72045898438,1502.10998535156,0.0144399981945753
38,1,1,1,1,1,13856,54.25,0,3,1,1,0,275.540161132812,318.880004882812,0.0645236372947693
50,1,1,2,1,1,13860,86.2689666748047,0,2,3,3,0,490.199401855469,502.359985351562,0.0221572518348694
45,0,1,2,1,1,13861,80.2699966430664,0,1,1,NA,0,133.906219482422,0,0.0978336408734322
54,0,1,2,1,1,13862,64.1575698852539,1,1,3,3,0,459.336334228516,464.470001220703,0.028747433796525
43,1,1,3,1,1,13864,51.7299995422363,0,1,1,2,1,212.499526977539,270.950012207031,0.120670042932034
49,1,1,3,1,1,13865,25.1299991607666,1,1,2,1,1,111.933784484863,208.610000610352,0.0299070440232754
50,1,1,2,1,1,13866,58.0200004577637,0,2,1,1,0,253.606094360352,323.640014648438,0.11592873185873
42,1,1,4,1,1,13867,101.5,0,5,1,2,1,376.681335449219,416.640014648438,0.151261359453201
50,1,1,4,1,1,13869,101.449996948242,0,5,2,2,1,355.172271728516,367.130004882812,0.0439522080123425
44,1,1,3,1,1,13870,106.76000213623,0,1,3,3,1,437.122741699219,416.359985351562,0.0242007970809937
54,1,1,3,1,1,13871,47.0400009155273,1,1,3,3,1,191.712219238281,251.429992675781,0.0401590019464493
45,1,1,4,1,1,13873,28.9899997711182,1,3,1,3,1,111.685470581055,177.979995727539,0.160834074020386
41,0,1,2,1,1,13874,50.4599990844727,0,1,1,1,0,216.888336181641,223.710006713867,0.0894742757081985
NA,1,1,2,1,1,13875,107.839996337891,0,3,1,1,0,408.820526123047,465.459991455078,0.144536748528481
NA,1,1,1,1,1,13878,NA,NA,NA,NA,NA,0,0,0,NA
53,1,1,2,1,1,13882,61.5099983215332,0,2,1,1,0,242.817886352539,257.010009765625,0.132297292351723
47,0,1,2,1,1,13883,141.541595458984,0,1,1,1,0,843.697692871094,770.880004882812,0.104015998542309
41,1,1,3,1,1,13884,67.0800018310547,0,2,2,2,1,293.964111328125,338.190002441406,0.0222775880247355
54,0,1,3,1,1,13885,80.6500015258789,0,1,1,1,1,275.342987060547,402.119995117188,0.175735384225845
43,1,1,4,1,1,13887,44.4900016784668,0,3,1,1,1,168.740432739258,207.880004882812,0.154013589024544
44,1,1,4,1,1,13891,46.060001373291,0,5,1,1,1,180.947463989258,318.519989013672,0.157199114561081
35,1,1,1,1,1,13892,112.638511657715,0,1,2,2,0,773.833129882812,659.780029296875,0.00968327559530735
47,1,1,3,1,1,13893,80.370002746582,0,2,2,2,1,335.637115478516,294.390014648438,0.0271882247179747
48,0,1,1,1,1,13894,77.8000030517578,0,1,3,3,0,354.719421386719,319.980010986328,0.0136645175516605
45,1,1,1,1,1,13895,85.3000030517578,0,1,2,1,0,416.496795654297,422.309997558594,0.0118063986301422
52,0,1,1,1,1,13896,44.6599998474121,0,1,1,NA,0,74.4112701416016,0,0.097726970911026
63,1,1,1,1,1,13898,147.70930480957,0,1,2,2,0,455.286437988281,510.730010986328,0.0437763296067715
41,1,1,2,1,1,13899,41.4500007629395,0,1,1,2,0,187.951644897461,231.770004272461,0.0892178490757942
51,1,1,1,1,1,13901,70.0699996948242,0,1,1,NA,0,112.965896606445,0,0.0929403752088547
52,1,1,3,1,1,13903,109.870002746582,0,3,1,2,1,394.241058349609,401.089996337891,0.160683274269104
42,1,1,2,1,1,13904,129.471740722656,0,1,3,3,0,827.143615722656,724.719970703125,0.0157341063022614
44,1,1,2,1,1,13905,76.1281661987305,0,1,2,2,0,503.013061523438,572.75,0.016747523099184
45,1,1,4,1,1,13909,81.5400009155273,0,3,1,NA,1,110.344459533691,0,0.160834074020386
37,0,1,2,1,1,13910,107.589996337891,0,1,1,1,0,478.483673095703,443.579986572266,0.0857584252953529
55,1,1,4,1,1,13911,NA,NA,NA,NA,NA,1,0,0,NA
55,1,1,3,1,1,13912,NA,NA,NA,NA,NA,1,0,0,NA
49,1,1,1,1,1,13913,43.9099998474121,1,1,1,3,0,202.976165771484,253.809997558594,0.0851575210690498
NA,1,1,4,1,1,13914,79.1999969482422,0,4,2,NA,1,63.04541015625,0,0.0303501505404711
48,1,1,3,1,1,13915,44.1599998474121,0,3,1,1,1,176.491455078125,341.910003662109,0.138228967785835
42,1,1,2,1,1,13916,176.66047668457,0,1,2,3,0,892.489868164062,800.609985351562,0.0157341063022614
60,1,1,2,1,1,13917,63.2736663818359,1,1,3,3,0,657.238098144531,686.75,0.0458831638097763
51,1,1,3,1,1,13919,NA,NA,NA,NA,NA,1,0,0,NA
44,1,1,2,1,1,13920,23.0200004577637,1,1,1,1,0,107.126815795898,152.610000610352,0.0949993953108788
37,1,1,2,1,1,13921,43.2200012207031,0,1,3,3,0,207.583831787109,273.600006103516,0.0144646111875772
61,1,1,2,1,1,13922,42.7999992370605,1,4,1,1,0,143.158813476562,215.039993286133,0.203558370471001
51,1,1,4,1,1,13923,269.419128417969,0,5,1,1,1,680.222534179688,641.02001953125,0.193233087658882
46,1,1,3,1,1,13925,43.6199989318848,0,3,2,3,1,194.24641418457,258.609985351562,0.026058966293931
56,1,1,2,1,1,13926,61.5499992370605,0,2,1,NA,0,46.336009979248,0,0.153719335794449
48,1,1,1,1,1,13928,80.75,0,1,1,2,0,373.394195556641,373.899993896484,0.0818314552307129
43,0,1,2,1,1,13929,110.620002746582,0,1,2,2,0,484.364440917969,478.760009765625,0.0162646491080523
39,1,1,4,1,1,13930,64.3899993896484,0,3,1,1,1,252.080551147461,232.039993286133,0.145473584532738
54,1,1,4,1,1,13933,41.7799987792969,1,3,1,3,1,142.552993774414,147.360000610352,0.217385172843933
33,1,1,3,1,1,13934,24.2800006866455,0,1,2,2,1,122.993530273438,162.429992675781,0.02123605273664
45,1,1,4,1,1,13936,87.9599990844727,0,3,1,2,1,321.732330322266,340.859985351562,0.160834074020386
50,1,1,3,1,1,13938,30.0699996948242,0,2,1,NA,1,23.0004997253418,0,0.148401319980621
52,1,1,2,1,1,13940,87.9766082763672,0,1,3,3,0,841.579528808594,714.619995117188,0.0250304825603962
58,0,1,2,1,1,13941,71.8300018310547,0,1,1,NA,0,179.162368774414,0,0.171725422143936
44,1,1,1,1,1,13944,102.959999084473,0,1,3,3,0,506.329467773438,580.859985351562,0.0113522093743086
52,0,1,2,1,1,13946,103.879997253418,0,2,1,1,0,406.123474121094,415.940002441406,0.126656502485275
37,1,1,2,1,1,13948,NA,NA,NA,NA,NA,0,0,0,NA
51,1,1,2,1,1,13949,81.8899993896484,0,1,1,2,0,339.457061767578,370.519989013672,0.120881728827953
49,0,1,2,1,1,13950,46.2099990844727,1,1,1,1,0,188.892501831055,217.160003662109,0.111739084124565
46,1,1,3,1,1,13951,77.0199966430664,0,3,1,3,1,305.836517333984,361.170013427734,0.12994684278965
47,1,1,4,1,1,13955,46.9500007629395,0,1,1,3,1,170.703308105469,226.949996948242,0.169526964426041
49,1,1,4,1,1,13958,83.8099975585938,0,5,3,2,1,301.320648193359,434.100006103516,0.0418251156806946
44,0,1,4,1,1,13959,83.7200012207031,0,3,1,1,1,294.080535888672,286.070007324219,0.157581269741058
44,1,1,1,1,1,13960,185.262664794922,0,1,1,1,0,617.758422851562,628.289978027344,0.0717533752322197
45,1,1,4,1,1,13962,47.8400001525879,0,2,2,1,1,182.868988037109,239.080001831055,0.0354161076247692
47,1,1,4,1,1,13963,74.0999984741211,0,3,3,3,1,270.453399658203,473.600006103516,0.0382344610989094
56,0,1,1,1,1,13966,75.9519805908203,0,1,1,1,0,508.280944824219,546.400024414062,0.120739750564098
42,1,1,3,1,1,13967,124.439086914062,0,3,1,1,1,1189.59106445312,1070.41003417969,0.11834279447794
43,1,1,2,1,1,13969,96.4902420043945,0,2,1,2,0,550.787719726562,535.97998046875,0.0927653014659882
56,1,1,3,1,1,13970,NA,NA,NA,NA,NA,1,0,0,NA
54,0,1,4,1,1,13971,82.4499969482422,0,1,3,3,1,263.621246337891,287.420013427734,0.0553580150008202
42,1,1,3,1,1,13974,92.4800033569336,0,2,3,3,1,387.039154052734,411.079986572266,0.0228134952485561
55,0,1,2,1,1,13976,32.4491539001465,1,1,3,3,0,494.108978271484,457.739990234375,0.0308902524411678
52,1,1,2,1,1,13978,109.959999084473,0,1,2,2,0,447.787658691406,436.709991455078,0.0250304825603962
40,1,1,2,1,1,13979,81.9700012207031,0,1,2,2,0,392.554595947266,466.010009765625,0.0150246862322092
42,1,1,1,1,1,13981,175.697036743164,0,3,2,2,0,598.191345214844,550.710021972656,0.0106288930401206
61,1,1,3,1,1,13982,NA,NA,NA,NA,NA,1,0,0,NA
55,1,1,4,1,1,13986,83.1399993896484,0,3,1,NA,1,50.9240570068359,0,0.22681026160717
41,1,1,1,1,1,13988,65.3300018310547,0,1,3,3,0,335.294708251953,352.320007324219,0.0103509724140167
38,1,1,4,1,1,13989,110.779998779297,0,3,1,2,1,416.889312744141,433.459991455078,0.144333705306053
48,1,1,3,1,1,13990,50.5200004577637,0,4,2,1,1,208.220596313477,292.790008544922,0.0284663792699575
47,0,1,4,1,1,13996,105.480003356934,0,4,1,1,1,363.549041748047,359.339996337891,0.169928267598152
36,1,1,1,1,1,13997,42.5699996948242,0,1,2,3,0,219.553741455078,277.809997558594,0.0096834059804678
40,1,1,2,1,1,13998,43.3300018310547,0,1,3,2,0,217.169143676758,277.179992675781,0.0150246862322092
50,0,1,1,1,1,13999,127.139831542969,0,1,1,2,0,544.756164550781,513.090026855469,0.0891071707010269
53,1,1,1,1,1,14002,82.5100021362305,0,1,3,3,0,361.577880859375,331.459991455078,0.0186080075800419
42,1,1,2,1,1,14003,41.2999992370605,0,1,1,2,0,185.178588867188,265.299987792969,0.0908424407243729
57,1,1,3,1,1,14005,41.6199989318848,1,2,1,1,1,147.619979858398,196.850006103516,0.202325507998466
45,1,1,1,1,1,14009,83.3163909912109,0,1,3,3,0,944.398193359375,837.530029296875,0.0118063986301422
54,0,1,2,1,1,14010,48.1800003051758,1,1,1,2,0,180.037628173828,232.080001831055,0.139179348945618
48,1,1,1,1,1,14011,16.0599994659424,1,1,1,NA,0,16.1390342712402,0,0.0818314552307129
42,1,1,3,1,1,14012,21.9699993133545,1,1,1,3,1,96.2151718139648,177.149993896484,0.11834279447794
48,1,1,1,1,1,14013,97.9943161010742,0,1,3,3,0,1071.96484375,965.47998046875,0.0136091280728579
41,1,1,2,1,1,14015,52.9799995422363,0,1,2,2,0,260.830444335938,272.100006103516,0.0153436884284019
50,1,1,2,1,1,14017,77.6999969482422,0,1,2,NA,0,108.319885253906,0,0.0221572518348694
46,1,1,2,1,1,14019,97.4300003051758,0,1,1,3,0,433.047454833984,515.27001953125,0.100463390350342
60,1,1,3,1,1,14020,191.736465454102,0,4,3,2,1,389.873657226562,410.839996337891,0.0625296235084534
31,1,1,4,1,1,14022,61.2900009155273,0,2,1,1,1,227.685195922852,274.769989013672,0.146991953253746
46,0,1,3,1,1,14023,71.0299987792969,0,1,1,1,1,276.798095703125,329.869995117188,0.130282923579216
46,0,1,4,1,1,14024,NA,NA,NA,NA,NA,1,0,0,NA
52,1,1,1,1,1,14025,64.6800003051758,0,1,1,1,0,279.312561035156,320.459991455078,0.0974532663822174
49,1,1,4,1,1,14027,112.700942993164,0,3,3,3,1,807.311706542969,717.210021972656,0.0418251156806946
60,1,1,1,1,1,14033,94.4945068359375,0,1,2,3,0,667.001953125,600.210021972656,0.0329997949302197
47,1,1,1,1,1,14034,66.4899978637695,0,1,1,NA,0,63.6398010253906,0,0.0788489952683449
46,1,1,1,1,1,14036,70.1024169921875,0,1,2,2,0,569.035339355469,518.159973144531,0.0123294442892075
44,1,1,2,1,1,14037,162.663650512695,0,1,2,2,0,1070.46618652344,899.090026855469,0.016747523099184
52,1,1,3,1,1,14038,73.6478118896484,0,3,1,1,1,430.218322753906,453.170013427734,0.160683274269104
53,1,1,1,1,1,14039,88.1500015258789,0,1,1,2,0,398.618896484375,375.309997558594,0.10242211073637
47,1,1,4,1,1,14040,75.9700012207031,0,3,1,NA,1,54.756965637207,0,0.169526964426041
41,1,1,1,1,1,14041,30.6399993896484,0,1,3,3,0,177.441177368164,201.330001831055,0.0103509724140167
32,1,1,1,1,1,14043,62.3984146118164,0,1,2,2,0,1168.18298339844,1177.16003417969,0.00994497258216143
53,1,1,2,1,1,14044,151.89665222168,0,1,3,3,0,836.322631835938,740.169982910156,0.0267345290631056
52,1,1,2,1,1,14045,60.4000015258789,0,1,1,1,0,247.495483398438,273.040008544922,0.126327008008957
59,1,1,1,1,1,14047,207.062347412109,0,1,1,1,0,504.136810302734,547.5,0.143912896513939
45,1,1,4,1,1,14048,98.2600021362305,0,5,1,1,1,358.252075195312,343.290008544922,0.160834074020386
45,1,1,2,1,1,14049,43.8600006103516,0,1,1,1,0,197.632843017578,284.209991455078,0.0975597128272057
40,1,1,2,1,1,14050,81.7600021362305,0,1,1,2,0,365.762512207031,429.480010986328,0.0878804698586464
47,1,1,4,1,1,14051,26.6000003814697,1,3,2,2,1,109.566215515137,153.539993286133,0.0382344610989094
48,1,1,3,1,1,14052,103.319999694824,0,3,1,2,1,401.305786132812,404.059997558594,0.138228967785835
46,1,1,2,1,1,14054,97.2685852050781,0,1,1,1,0,861.518432617188,733.919982910156,0.100463390350342
39,1,1,3,1,1,14059,90.6600036621094,0,1,3,3,1,388.321746826172,403.309997558594,0.0214935410767794
44,0,1,2,1,1,14060,NA,NA,NA,NA,NA,0,0,0,NA
51,0,1,1,1,1,14061,45.7000007629395,1,1,3,3,0,208.219619750977,344.720001220703,0.0163074526935816
49,1,1,3,1,1,14065,78.3099975585938,0,3,1,1,1,296.837799072266,354.609985351562,0.143065959215164
46,1,1,1,1,1,14066,20.4500007629395,1,1,1,1,0,100.332344055176,159.300003051758,0.0761880278587341
46,1,1,3,1,1,14071,104.379997253418,0,1,3,3,1,421.324737548828,501.910003662109,0.026058966293931
58,1,1,1,1,1,14072,23.7787227630615,1,1,2,3,0,448.946136474609,440.399993896484,0.027635121718049
46,0,1,1,1,1,14073,132.78401184082,0,1,2,2,0,987.467407226562,843.5,0.0123803000897169
37,1,1,2,1,1,14074,82.0100021362305,0,1,2,3,0,381.337677001953,343.880004882812,0.0144646111875772
39,1,1,1,1,1,14081,88.3499984741211,0,1,1,1,0,431.512390136719,411.119995117188,0.0651568323373795
46,1,1,1,1,1,14083,44.8042678833008,0,1,1,1,0,923.898010253906,810.090026855469,0.0761880278587341
56,1,1,1,1,1,14084,NA,NA,NA,NA,NA,0,0,0,NA
53,1,1,2,1,1,14086,53.2400016784668,1,1,3,3,0,219.086212158203,284.709991455078,0.0267345290631056
48,1,1,3,1,1,14087,53.9300003051758,0,2,1,1,1,212.254684448242,246.759994506836,0.138228967785835
52,1,1,1,1,1,14091,94.9899978637695,0,1,3,2,0,416.880187988281,376.760009765625,0.017355402931571
56,0,1,4,1,1,14092,41.5,1,3,1,1,1,122.050346374512,179.289993286133,0.237466156482697
47,1,1,2,1,1,14093,47.6800003051758,0,3,1,1,0,210.314407348633,186.25,0.10372956097126
49,1,1,2,1,1,14095,42.6699981689453,1,1,3,3,0,197.847381591797,307.040008544922,0.020953880622983
46,1,1,3,1,1,14097,105.819999694824,0,4,1,1,1,419.166412353516,424.040008544922,0.12994684278965
37,1,1,3,1,1,14098,80.6699981689453,0,2,2,1,1,363.343109130859,379.739990234375,0.0210679080337286
43,1,1,1,1,1,14099,NA,NA,NA,NA,NA,0,0,0,NA
52,1,1,3,1,1,14100,26.5200004577637,1,1,3,2,1,105.969833374023,175.830001831055,0.0353679284453392
37,0,1,3,1,1,14101,111.145706176758,0,1,1,2,1,562.950256347656,528.219970703125,0.112169198691845
64,1,1,1,1,1,14105,NA,NA,NA,NA,NA,0,0,0,NA
37,1,1,3,1,1,14106,32.3499984741211,0,2,1,1,1,149.107055664062,181.050003051758,0.111866742372513
47,1,1,3,1,1,14107,44.7999992370605,0,2,1,1,1,177.541015625,214.279998779297,0.133864060044289
52,0,1,1,1,1,14108,48.3600006103516,1,3,1,2,0,210.110885620117,265.329986572266,0.097726970911026
53,1,1,1,1,1,14110,97.3011932373047,0,1,1,2,0,598.435791015625,516.580017089844,0.10242211073637
48,1,1,3,1,1,14111,50.2900009155273,0,3,2,2,1,202.527328491211,205.550003051758,0.0284663792699575
NA,NA,1,2,1,1,14112,91.3300018310547,0,1,1,1,0,345.554840087891,326.920013427734,0.144536748528481
45,1,1,1,1,1,14113,115.337051391602,0,1,3,3,0,589.262878417969,527.630004882812,0.0118063986301422
54,1,1,4,1,1,14115,NA,NA,NA,NA,NA,1,0,0,NA
48,1,1,1,1,1,14116,65.1322555541992,0,1,3,3,0,917.585388183594,822.590026855469,0.0136091280728579
38,1,1,4,1,1,14117,43.1399993896484,0,4,1,1,1,166.27946472168,287.459991455078,0.144333705306053
43,1,1,3,1,1,14118,103.819999694824,0,2,1,2,1,418.417449951172,392.010009765625,0.120670042932034
52,1,1,2,1,1,14119,108.309997558594,0,2,3,3,0,439.242156982422,414.380004882812,0.0250304825603962
43,1,1,4,1,1,14121,46.7599983215332,0,4,1,2,1,188.948852539062,240.050003051758,0.154013589024544
31,1,1,2,1,1,14122,199.655548095703,0,1,3,3,0,930.236206054688,863.440002441406,0.0150229539722204
46,0,1,3,1,1,14125,110.300003051758,0,3,3,3,1,433.327545166016,426.380004882812,0.02615518681705
50,1,1,2,1,1,14128,70.9899978637695,0,2,1,2,0,296.177612304688,319,0.11592873185873
51,1,1,3,1,1,14131,81.0599975585938,0,1,1,1,1,303.222320556641,316.25,0.15426367521286
50,1,1,3,1,1,14132,58.3699989318848,0,1,2,3,1,229.207870483398,270.480010986328,0.0315255858004093
42,1,1,1,1,1,14133,25.3440093994141,0,1,1,3,0,936.963317871094,869.260009765625,0.0683941096067429
49,1,1,4,1,1,14135,45.8899993896484,0,4,1,1,1,165.202926635742,222.020004272461,0.180260613560677
51,1,1,2,1,1,14137,NA,NA,NA,NA,NA,0,0,0,NA
46,0,1,3,1,1,14141,46.2599983215332,0,3,1,1,1,175.271682739258,283.290008544922,0.130282923579216
NA,NA,1,4,1,1,14142,67.370002746582,0,4,1,2,1,258.944000244141,287.450012207031,0.144536748528481
50,1,1,3,1,1,14143,45.2999992370605,1,2,2,2,1,188.950347900391,244.320007324219,0.0315255858004093
59,0,1,1,1,1,14144,NA,NA,NA,NA,NA,0,0,0,NA
55,1,1,1,1,1,14152,253.367279052734,0,1,3,3,0,483.149932861328,495.510009765625,0.0216021966189146
49,0,1,2,1,1,14153,107.680000305176,0,1,3,3,0,452.029479980469,563.369995117188,0.0210339762270451
NA,1,1,1,1,1,14154,92.4700012207031,0,1,2,2,0,364.715179443359,431.690002441406,0.0303501505404711
52,1,1,1,1,1,14157,NA,NA,NA,NA,NA,0,0,0,NA
52,1,1,2,1,1,14158,82.1900024414062,0,1,1,2,0,329.166870117188,384.559997558594,0.126327008008957
53,0,1,2,1,1,14159,48.3699989318848,0,1,1,NA,0,36.0309371948242,0,0.132637545466423
57,1,1,2,1,1,14160,32.2999992370605,1,2,1,NA,0,25.5911865234375,0,0.162160560488701
59,1,1,1,1,1,14161,83.2699966430664,0,1,1,NA,0,67.138069152832,0,0.143912896513939
50,1,1,1,1,1,14162,100.459999084473,0,1,3,3,0,468.389373779297,460.260009765625,0.0152560928836465
44,1,1,4,1,1,14164,24.2199993133545,1,3,1,1,1,99.4086456298828,156.669998168945,0.157199114561081
52,0,1,3,1,1,14166,43.3400001525879,1,3,2,2,1,159.222122192383,240.679992675781,0.0354918427765369
46,1,1,4,1,1,14168,205.579467773438,0,3,1,1,1,729.875366210938,785.739990234375,0.164936676621437
40,1,1,2,1,1,14170,56.4199981689453,0,1,3,3,0,273.084442138672,288.059997558594,0.0150246862322092
37,1,1,1,1,1,14171,80.9800033569336,0,2,2,2,0,406.520599365234,430.429992675781,0.00972679909318686
46,1,1,3,1,1,14172,41.6500015258789,0,1,2,2,1,176.107040405273,207.270004272461,0.026058966293931
45,0,1,1,1,1,14173,80.8499984741211,0,1,1,1,0,365.513031005859,377.679992675781,0.0740510076284409
35,1,1,2,1,1,14176,80.3199996948242,0,1,2,2,0,382.329956054688,399.709991455078,0.0144031969830394
57,1,1,2,1,1,14177,NA,NA,NA,NA,NA,0,0,0,NA
56,0,1,1,1,1,14178,55.9834747314453,1,1,2,1,0,820.419311523438,725.039978027344,0.02347157523036
50,1,1,3,1,1,14179,571.659973144531,0,1,1,1,1,210.698944091797,252.869995117188,0.148401319980621
52,1,1,3,1,1,14180,66.1600036621094,0,1,1,1,1,248.660629272461,231.710006713867,0.160683274269104
51,1,1,1,1,1,14181,84.8099975585938,0,1,2,2,0,394.504821777344,405.079986572266,0.0162429753690958
46,0,1,1,1,1,14184,130.914306640625,0,1,3,3,0,587.97998046875,517.380004882812,0.0123803000897169
52,1,1,1,1,1,14188,83.4000015258789,0,1,2,3,0,374.090881347656,391.290008544922,0.017355402931571
50,1,1,3,1,1,14190,140.125,0,4,1,1,1,1148.76354980469,1025.5400390625,0.148401319980621
33,1,1,1,1,1,14192,42.5999984741211,0,1,3,3,0,226.77685546875,238.389999389648,0.00981329195201397
51,1,1,4,1,1,14193,67.6800003051758,0,3,1,1,1,224.333862304688,257.350006103516,0.193233087658882
48,1,1,4,1,1,14194,NA,NA,NA,NA,NA,1,0,0,NA
44,1,1,1,1,1,14196,46.4700012207031,0,2,2,2,0,236.375732421875,271.190002441406,0.0113522093743086
48,0,1,1,1,1,14197,103.319999694824,0,1,2,2,0,467.885406494141,424.549987792969,0.0136645175516605
50,1,1,3,1,1,14198,114.399978637695,0,1,1,2,1,765.531860351562,724.359985351562,0.148401319980621
45,1,1,2,1,1,14202,94.9700012207031,0,1,2,2,0,433.628784179688,407.940002441406,0.0173819325864315
45,0,1,4,1,1,14203,70.7600021362305,0,1,1,1,1,244.091064453125,258.890014648438,0.161221995949745
NA,1,1,1,1,1,14205,86.5400009155273,0,1,3,3,0,355.269256591797,379.059997558594,0.0303501505404711
46,1,1,1,1,1,14208,58.5509872436523,0,1,2,2,0,971.938903808594,898.119995117188,0.0123294442892075
39,1,1,3,1,1,14209,20.4599990844727,0,4,1,1,1,99.9795989990234,175.589996337891,0.113462187349796
53,1,1,2,1,1,14211,NA,NA,NA,NA,NA,0,0,0,NA
50,1,1,3,1,1,14212,54.3699989318848,0,4,3,3,1,231.426956176758,253.070007324219,0.0315255858004093
54,1,1,4,1,1,14214,45.5499992370605,1,3,1,1,1,149.131698608398,278.029998779297,0.217385172843933
61,0,1,3,1,1,14217,64.5199966430664,1,2,1,2,1,177.477416992188,230.229995727539,0.249800637364388
47,1,1,1,1,1,14218,109.040000915527,0,1,3,3,0,514.671508789062,533.070007324219,0.0129278525710106
NA,1,1,1,1,1,14219,37.1100006103516,1,2,1,1,0,142.398040771484,265.299987792969,0.144536748528481
41,1,1,3,1,1,14220,88.8000030517578,0,1,3,3,1,374.301696777344,388.929992675781,0.0222775880247355
55,1,1,2,1,1,14222,59.7700004577637,1,2,1,2,0,225.344818115234,223.5,0.145955368876457
39,1,1,1,1,1,14224,73.4054794311523,0,1,2,3,0,654.322448730469,579.02001953125,0.00994591135531664
45,1,1,1,1,1,14225,25.2800006866455,1,2,1,1,0,121.575141906738,156.729995727539,0.0738287270069122
50,0,1,1,1,1,14226,NA,NA,NA,NA,NA,0,0,0,NA
60,0,1,1,1,1,14227,102.111747741699,0,1,2,2,0,565.45458984375,517.349975585938,0.0331168472766876
41,1,1,3,1,1,14228,67.9700012207031,0,4,1,1,1,278.307495117188,245.389999389648,0.116373218595982
61,1,1,3,1,1,14230,68.3499984741211,0,1,3,NA,1,42.2966690063477,0,0.067820630967617
41,1,1,4,1,1,14231,69.9800033569336,0,4,2,2,1,271.667236328125,327.359985351562,0.0316871404647827
53,1,1,4,1,1,14233,NA,NA,NA,NA,NA,1,0,0,NA
39,1,1,3,1,1,14235,109.5,0,1,3,3,1,466.508422851562,527.359985351562,0.0214935410767794
43,1,1,1,1,1,14237,35.6199989318848,0,2,1,3,0,191.736679077148,255.880004882812,0.0699463859200478
51,1,1,4,1,1,14238,69.1600036621094,0,5,1,1,1,232.448135375977,311.720001220703,0.193233087658882
49,1,1,3,1,1,14241,82.3362045288086,0,3,2,3,1,616.696105957031,588.02001953125,0.0299070440232754
42,1,1,2,1,1,14242,NA,NA,NA,NA,NA,0,0,0,NA
57,1,1,2,1,1,14245,45.2900009155273,1,1,1,1,0,172.484497070312,175.770004272461,0.162160560488701
44,1,1,1,1,1,14246,63.5,0,1,2,2,0,317.755706787109,363.410003662109,0.0113522093743086
49,1,1,1,1,1,14247,113.751983642578,0,3,1,1,0,534.250732421875,653.390014648438,0.0851575210690498
41,1,1,1,1,1,14248,85.3081817626953,0,1,1,2,0,549.737426757812,542.450012207031,0.0670847371220589
52,1,1,1,1,1,14251,54.5299987792969,1,1,3,3,0,262.394958496094,274.429992675781,0.017355402931571
54,1,1,1,1,1,14253,65.8300018310547,0,1,1,NA,0,57.7319221496582,0,0.107881277799606
37,1,1,1,1,1,14254,46.060001373291,0,1,2,2,0,251.045791625977,316.329986572266,0.00972679909318686
52,0,1,4,1,1,14256,21.9899997711182,1,3,1,1,1,66.1626586914062,136.559997558594,0.201073586940765
48,1,1,3,1,1,14258,25.1299991607666,1,1,2,2,1,115.836753845215,146.089996337891,0.0284663792699575
43,1,1,3,1,1,14261,82.620002746582,0,2,3,3,1,343.806640625,363.519989013672,0.0234523471444845
49,1,1,4,1,1,14262,53.2200012207031,0,2,1,1,1,184.28369140625,209.020004272461,0.180260613560677
54,0,1,4,1,1,14265,38.1236534118652,1,3,1,1,1,344.966796875,338,0.217852309346199
46,1,1,2,1,1,14267,73.3300018310547,0,2,1,1,0,315.716735839844,314.220001220703,0.100463390350342
47,1,1,3,1,1,14269,96.7300033569336,0,1,3,3,1,395.311279296875,430.119995117188,0.0271882247179747
37,1,1,1,1,1,14271,50.5200004577637,0,1,1,3,0,265.566528320312,288.269989013672,0.0641039609909058
55,0,1,1,1,1,14272,77.4700012207031,0,1,1,NA,0,125.176414489746,0,0.114174045622349
38,1,1,3,1,1,14274,50.0251350402832,0,3,3,3,1,884.204772949219,909.27001953125,0.021237351000309
45,1,1,3,1,1,14275,49.9599990844727,0,1,2,2,1,214.126419067383,341.170013427734,0.025066651403904
52,1,1,2,1,1,14276,61.6199989318848,0,1,3,3,0,262.947692871094,287.140014648438,0.0250304825603962
45,1,1,4,1,1,14277,56.0999984741211,0,4,2,3,1,230.698028564453,319.609985351562,0.0354161076247692
48,1,1,4,1,1,14278,89.620002746582,0,2,1,1,1,319.356964111328,341.989990234375,0.174626991152763
46,0,1,3,1,1,14279,55.1300010681152,0,2,2,2,1,222.286407470703,288.989990234375,0.02615518681705
39,1,1,4,1,1,14280,82.6600036621094,0,5,1,2,1,319.373779296875,378.25,0.145473584532738
53,1,1,4,1,1,14281,NA,NA,NA,NA,NA,1,0,0,NA
58,1,1,4,1,1,14282,45.8199996948242,1,3,3,3,1,138.373626708984,197.259994506836,0.072155237197876
47,1,1,1,1,1,14284,36.9000015258789,1,2,1,1,0,190.664840698242,264.619995117188,0.0788489952683449
52,1,1,2,1,1,14285,66.8391723632812,0,1,2,2,0,595.9755859375,578.400024414062,0.0250304825603962
43,1,1,2,1,1,14286,32.439998626709,0,2,2,2,0,166.283172607422,232.179992675781,0.0162003077566624
39,1,1,2,1,1,14289,91.1399993896484,0,1,3,3,0,420.316528320312,504.320007324219,0.0147735681384802
51,1,1,1,1,1,14290,NA,NA,NA,NA,NA,0,0,0,NA
51,1,1,4,1,1,14291,41.1800003051758,1,4,1,1,1,145.787231445312,190.320007324219,0.193233087658882
58,1,1,2,1,1,14293,20.3199996948242,1,2,1,1,0,75.9938354492188,116.330001831055,0.171321347355843
47,1,1,4,1,1,14296,33.792049407959,1,4,1,2,1,479.960205078125,507.600006103516,0.169526964426041
65,1,1,3,1,1,14297,34.6699981689453,1,2,1,NA,1,73.5586090087891,0,0.310862272977829
58,1,1,2,1,1,14298,68.0153579711914,1,1,1,1,0,521.024597167969,489.859985351562,0.171321347355843
51,1,1,2,1,1,14299,81.4199981689453,0,1,1,NA,0,122.759902954102,0,0.120881728827953
55,1,1,2,1,1,14300,41.3300018310547,1,1,3,3,0,174.240600585938,284.179992675781,0.03077975474298
56,1,1,1,1,1,14301,47.3800010681152,1,2,2,2,0,201.320327758789,306.309997558594,0.0233837105333805
43,1,1,4,1,1,14302,60.0099983215332,0,4,1,1,1,238.995666503906,298.200012207031,0.154013589024544
40,1,1,3,1,1,14303,24.4899997711182,0,2,1,1,1,113.315376281738,163.720001220703,0.114749625325203
63,1,1,1,1,1,14304,49.2700004577637,1,1,1,NA,0,65.3394317626953,0,0.185945942997932
55,1,1,3,1,1,14305,NA,NA,NA,NA,NA,1,0,0,NA
49,1,1,1,1,1,14306,46.7332305908203,0,1,2,3,0,1050.404296875,959.760009765625,0.0143819181248546
47,1,1,1,1,1,14308,143.953948974609,0,3,3,3,0,911.520385742188,871.820007324219,0.0129278525710106
49,1,1,2,1,1,14309,87.2300033569336,0,4,2,2,0,386.810150146484,379.679992675781,0.020953880622983
58,1,1,4,1,1,14311,NA,NA,NA,NA,NA,1,0,0,NA
41,1,1,1,1,1,14312,56.25,0,1,3,3,0,288.943145751953,294.989990234375,0.0103509724140167
44,1,1,1,1,1,14313,695.130004882812,0,1,2,2,0,333.316650390625,338.540008544922,0.0113522093743086
54,1,1,4,1,1,14315,102.199996948242,0,3,2,3,1,331.498779296875,459.660003662109,0.0551807284355164
56,1,1,3,1,1,14316,51.1500015258789,1,3,2,3,1,187.488510131836,185.839996337891,0.0461049638688564
47,1,1,3,1,1,14320,41.8699989318848,0,2,2,2,1,181.527847290039,224.899993896484,0.0271882247179747
36,1,1,2,1,1,14323,105.660003662109,0,1,1,1,0,476.005859375,450.510009765625,0.0852490961551666
43,1,1,2,1,1,14326,43.2099990844727,0,1,2,1,0,212.408798217773,197.830001831055,0.0162003077566624
44,0,1,3,1,1,14329,32.810001373291,0,2,2,2,1,140.627838134766,196.070007324219,0.0242912359535694
44,1,1,2,1,1,14330,98.2230758666992,0,1,3,3,0,596.405334472656,567.929992675781,0.016747523099184
45,0,1,3,1,1,14341,48.6199989318848,0,1,2,3,1,194.13427734375,255.830001831055,0.0251597817987204
49,1,1,4,1,1,14342,69.2399978637695,0,3,1,1,1,236.839935302734,256.630004882812,0.180260613560677
43,1,1,3,1,1,14345,58.8800010681152,0,3,1,2,1,244.717651367188,271.480010986328,0.120670042932034
NA,NA,1,2,1,1,14346,91.4398880004883,0,1,1,1,0,452.178863525391,429.570007324219,0.144536748528481
44,1,1,1,1,1,14347,NA,NA,NA,NA,NA,0,0,0,NA
41,1,1,2,1,1,14348,72.129997253418,0,2,1,1,0,319.435668945312,360.029998779297,0.0892178490757942
37,1,1,1,1,1,14351,97.620002746582,0,1,1,1,0,466.805206298828,464.630004882812,0.0641039609909058
53,1,1,4,1,1,14353,45.2400016784668,1,2,1,1,1,149.218643188477,213.949996948242,0.208668306469917
50,1,1,3,1,1,14354,NA,NA,NA,NA,NA,1,0,0,NA
38,1,1,4,1,1,14356,27.7600002288818,0,3,1,1,1,116.959732055664,175.220001220703,0.144333705306053
51,1,1,2,1,1,14357,42.6399993896484,1,1,2,2,0,195.912536621094,315.420013427734,0.0235107559710741
31,1,1,4,1,1,14359,103.660003662109,0,4,1,1,1,387.860229492188,501.019989013672,0.146991953253746
42,1,1,3,1,1,14363,NA,NA,NA,NA,NA,1,0,0,NA
50,1,1,1,1,1,14364,93.9000015258789,0,1,3,3,0,426.57373046875,391.369995117188,0.0152560928836465
44,1,1,3,1,1,14365,101.529998779297,0,1,1,1,1,413.702178955078,350.010009765625,0.123368881642818
44,0,1,1,1,1,14366,32.3899993896484,0,1,2,2,0,154.337814331055,199.850006103516,0.0113995503634214
NA,0,1,4,1,1,14367,42.7299995422363,1,2,1,2,1,159.540618896484,199.929992675781,0.144536748528481
53,1,1,4,1,1,14369,108.410003662109,0,5,1,1,1,352.169219970703,336.829986572266,0.208668306469917
49,1,1,3,1,1,14371,57.1399993896484,0,1,3,3,1,229.95735168457,241.479995727539,0.0299070440232754
55,1,1,3,1,1,14372,NA,NA,NA,NA,NA,1,0,0,NA
53,1,1,4,1,1,14374,23.1299991607666,1,3,1,1,1,88.7959136962891,140.830001831055,0.208668306469917
53,1,1,4,1,1,14375,45.2099990844727,1,3,1,1,1,148.914520263672,191.270004272461,0.208668306469917
41,1,1,3,1,1,14377,42.2299995422363,0,3,1,1,1,176.05339050293,239.419998168945,0.116373218595982
54,0,1,1,1,1,14380,48.8899993896484,1,1,2,3,0,212.378372192383,201.369995117188,0.0200944114476442
50,1,1,2,1,1,14382,52.6599998474121,0,1,1,NA,0,69.3538589477539,0,0.11592873185873
53,0,1,4,1,1,14383,77.870002746582,0,4,1,NA,1,48.3851203918457,0,0.209124460816383
45,1,1,4,1,1,14385,104.449996948242,0,3,1,2,1,392.463439941406,378,0.160834074020386
50,0,1,3,1,1,14389,40.6469345092773,1,1,1,3,1,435.592529296875,473.630004882812,0.148769170045853
59,1,1,2,1,1,14391,98.3892211914062,0,1,3,3,0,691.47021484375,715.380004882812,0.042160589247942
36,1,1,2,1,1,14392,36.356819152832,0,4,3,3,0,523.263977050781,583.549987792969,0.0144033869728446
51,1,1,3,1,1,14394,81.7900009155273,0,1,2,2,1,311.687072753906,302.390014648438,0.033339399844408
46,1,1,4,1,1,14395,31.3600006103516,0,3,1,NA,1,23.1657161712646,0,0.164936676621437
45,1,1,3,1,1,14396,53.2599983215332,0,3,3,2,1,224.426162719727,252.559997558594,0.025066651403904
56,1,1,3,1,1,14397,24.7199993133545,1,2,3,3,1,100.016494750977,271.239990234375,0.0461049638688564
48,1,1,4,1,1,14400,102.129997253418,0,2,2,3,1,365.9140625,484.179992675781,0.0399253256618977
46,1,1,1,1,1,14403,60.2248229980469,0,3,1,1,0,941.240112304688,869.030029296875,0.0761880278587341
42,1,1,3,1,1,14404,40.6300010681152,0,4,1,1,1,177.44758605957,188.589996337891,0.11834279447794
49,1,1,3,1,1,14406,30.2800006866455,1,3,1,3,1,121.039733886719,169.570007324219,0.143065959215164
49,1,1,3,1,1,14407,85.129997253418,0,1,1,2,1,325.247161865234,408.980010986328,0.143065959215164
55,1,1,3,1,1,14408,47.3499984741211,1,1,3,3,1,183.807830810547,208.449996948242,0.0429729633033276
45,0,1,1,1,1,14411,84.3580703735352,0,1,1,2,0,919.580261230469,817.179992675781,0.0740510076284409
39,1,1,4,1,1,14412,49.7599983215332,0,3,1,3,1,189.714569091797,380.040008544922,0.145473584532738
58,1,1,4,1,1,14414,NA,NA,NA,NA,NA,1,0,0,NA
54,0,1,4,1,1,14415,42.5499992370605,1,5,2,3,1,141.789260864258,294.679992675781,0.0553580150008202
46,0,1,1,1,1,14417,187.418365478516,0,1,2,3,0,589.708984375,552.77001953125,0.0123803000897169
41,1,1,3,1,1,14418,32.8400001525879,0,2,3,3,1,154.484008789062,223.259994506836,0.0222775880247355
44,1,1,4,1,1,14419,30.4599990844727,0,5,1,1,1,111.471817016602,139.380004882812,0.157199114561081
49,0,1,2,1,1,14420,100.180000305176,0,1,2,2,0,416.323089599609,422.75,0.0210339762270451
37,1,1,1,1,1,14421,90.8000030517578,0,1,3,3,0,456.908447265625,393.570007324219,0.00972679909318686
47,0,1,3,1,1,14422,71.370002746582,0,1,2,3,1,279.552032470703,369.880004882812,0.0272879134863615
46,1,1,2,1,1,14423,NA,NA,NA,NA,NA,0,0,0,NA
46,1,1,2,1,1,14424,41.4599990844727,0,4,2,3,0,196.854721069336,244.169998168945,0.0181107763200998
51,1,1,3,1,1,14426,478.829986572266,0,1,1,1,1,173.682342529297,234.380004882812,0.15426367521286
32,1,1,2,1,1,14428,92.9199981689453,0,2,1,1,0,420.562835693359,409.529998779297,0.0868155881762505
51,1,1,2,1,1,14430,44.1599998474121,1,1,1,1,0,177.662307739258,188.529998779297,0.120881728827953
45,1,1,1,1,1,14433,60.3600006103516,0,2,3,3,0,296.089263916016,307.130004882812,0.0118063986301422
43,1,1,4,1,1,14434,43.75,0,4,1,2,1,168.750732421875,205.529998779297,0.154013589024544
44,1,1,4,1,1,14435,80.1900024414062,0,3,1,1,1,306.056793212891,380.029998779297,0.157199114561081
45,0,1,4,1,1,14439,64.879997253418,0,1,1,2,1,224.337860107422,242.309997558594,0.161221995949745
48,1,1,2,1,1,14440,94.0400009155273,0,1,2,2,0,407.010314941406,465.320007324219,0.0198864433914423
41,1,1,2,1,1,14442,35.8550605773926,0,1,2,3,0,594.594604492188,559.969970703125,0.0153436884284019
46,0,1,4,1,1,14446,42.2000007629395,0,3,1,2,1,142.416717529297,171.610000610352,0.165330946445465
48,0,1,3,1,1,14448,47.7999992370605,0,3,2,3,1,187.040466308594,208.529998779297,0.0285699553787708
45,1,1,4,1,1,14449,31.6000003814697,1,1,1,1,1,119.329620361328,201.639999389648,0.160834074020386
NA,NA,1,3,1,1,14450,20.5599994659424,0,2,1,1,1,88.4302215576172,168.509994506836,0.144536748528481
44,1,1,3,1,1,14452,56.4099998474121,0,1,2,2,1,243.142318725586,362.829986572266,0.0242007970809937
61,0,1,1,1,1,14453,NA,NA,NA,NA,NA,0,0,0,NA
45,1,1,1,1,1,14454,48.3899993896484,0,1,3,3,0,238.679870605469,240.470001220703,0.0118063986301422
57,1,1,2,1,1,14455,40.0499992370605,1,2,1,2,0,153.456314086914,262.779998779297,0.162160560488701
44,1,1,4,1,1,14457,68.407600402832,0,1,3,3,1,1335.26123046875,1284.17004394531,0.0342614911496639
47,1,1,1,1,1,14458,640.419982910156,0,1,2,3,0,299.6953125,291.260009765625,0.0129278525710106
43,1,1,2,1,1,14459,49.1300010681152,0,1,3,3,0,238.289855957031,265.359985351562,0.0162003077566624
44,1,1,3,1,1,14461,80.0580902099609,0,1,3,3,1,804.986389160156,784.469970703125,0.0242007970809937
49,1,1,3,1,1,14463,92.4100036621094,0,3,1,2,1,352.328948974609,387.940002441406,0.143065959215164
51,1,1,1,1,1,14466,126.819519042969,0,1,3,3,0,558.153991699219,540,0.0162429753690958
42,1,1,4,1,1,14467,42.0299987792969,0,3,1,1,1,172.214996337891,208.979995727539,0.151261359453201
54,0,1,3,1,1,14469,20.3199996948242,1,2,2,2,1,76.3790054321289,87.75,0.0402964502573013
48,1,1,4,1,1,14470,8.68000030517578,1,1,1,1,1,32.2608451843262,134.139999389648,0.174626991152763
42,1,1,4,1,1,14472,106.23999786377,0,3,1,2,1,392.137084960938,372.049987792969,0.151261359453201
NA,1,1,3,1,1,14474,49.1599998474121,1,1,2,2,1,199.839370727539,226.690002441406,0.0303501505404711
56,0,1,4,1,1,14476,NA,NA,NA,NA,NA,1,0,0,NA
49,1,1,4,1,1,14477,21.8700008392334,1,3,2,1,1,87.2563552856445,159.479995727539,0.0418251156806946
45,1,1,2,1,1,14478,98.0396270751953,0,1,2,2,0,554.390258789062,533.25,0.0173819325864315
46,1,1,3,1,1,14479,95.1399993896484,0,4,2,3,1,386.048187255859,482.109985351562,0.026058966293931
48,1,1,2,1,1,14481,82.120002746582,0,1,2,1,0,361.462005615234,322.140014648438,0.0198864433914423
52,1,1,3,1,1,14485,73.8448486328125,0,3,1,1,1,413.232452392578,428.480010986328,0.160683274269104
44,0,1,2,1,1,14486,79.8682250976562,0,1,2,2,0,1387.31140136719,1147.30004882812,0.0168137196451426
45,1,1,2,1,1,14489,25.7299995422363,1,1,3,3,0,137.803787231445,249.960006713867,0.0173819325864315
40,1,1,2,1,1,14490,80.7099990844727,0,1,2,2,0,372.961761474609,374.730010986328,0.0150246862322092
46,0,1,1,1,1,14492,104.079170227051,0,1,1,1,0,754.26611328125,687.760009765625,0.0764157250523567
55,1,1,3,1,1,14496,78.8899993896484,0,3,1,NA,1,54.7550468444824,0,0.183617144823074
51,1,1,3,1,1,14497,NA,NA,NA,NA,NA,1,0,0,NA
45,0,1,4,1,1,14498,31.5499992370605,1,2,2,2,1,121.432098388672,156.860000610352,0.035540159791708
48,0,1,1,1,1,14499,80.7300033569336,0,1,2,3,0,370.845916748047,415.290008544922,0.0136645175516605
51,0,1,4,1,1,14501,74.6500015258789,0,4,1,2,1,242.730041503906,313.140014648438,0.193668693304062
55,0,1,2,1,1,14504,17.0499992370605,1,2,1,NA,0,12.4114675521851,0,0.146319091320038
51,1,1,1,1,1,14506,95.2600021362305,0,1,1,1,0,419.559326171875,371.420013427734,0.0929403752088547
40,1,1,1,1,1,14507,53,0,2,3,3,0,275.400421142578,280.950012207031,0.0101242139935493
41,1,1,3,1,1,14509,49.0800018310547,0,1,2,1,1,227.275650024414,401.359985351562,0.0222775880247355
47,1,1,2,1,1,14510,29.5499992370605,1,1,3,3,0,137.323104858398,206.149993896484,0.0189423989504576
44,1,1,4,1,1,14511,103.599998474121,0,1,2,3,1,384.162536621094,361.170013427734,0.0342614911496639
51,1,1,1,1,1,14512,142.492492675781,0,3,3,2,0,902.130920410156,791.650024414062,0.0162429753690958
42,1,1,1,1,1,14515,54.1500015258789,0,1,3,3,0,273.492492675781,368.339996337891,0.0106288930401206
43,1,1,1,1,1,14516,51.7900009155273,0,1,2,3,0,258.708160400391,307.339996337891,0.0109612951055169
44,0,1,4,1,1,14519,NA,NA,NA,NA,NA,1,0,0,NA
52,1,1,3,1,1,14520,80.9599990844727,0,3,1,NA,1,58.7806396484375,0,0.160683274269104
50,1,1,4,1,1,14521,145.885040283203,0,3,2,1,1,729.140441894531,784.159973144531,0.0439522080123425
37,0,1,2,1,1,14522,30.2099990844727,0,1,2,2,0,157.883651733398,248.839996337891,0.0145229855552316
61,1,1,1,1,1,14523,65.3499984741211,0,1,1,NA,0,47.5466918945312,0,0.163234382867813
44,1,1,1,1,1,14524,61.8833770751953,0,1,2,2,0,1064.95288085938,936.820007324219,0.0113522093743086
44,1,1,3,1,1,14526,44.7099990844727,0,2,2,3,1,207.705841064453,281.679992675781,0.0242007970809937
48,1,1,4,1,1,14529,30.3500003814697,0,2,1,NA,1,22.1978816986084,0,0.174626991152763
48,1,1,2,1,1,14530,27.9599990844727,1,1,3,3,0,137.789398193359,208.779998779297,0.0198864433914423
45,1,1,1,1,1,14531,20.9200000762939,1,1,1,1,0,108.862693786621,174.899993896484,0.0738287270069122
42,1,1,1,1,1,14532,119.449996948242,0,1,1,NA,0,101.927871704102,0,0.0683941096067429
45,1,1,2,1,1,14535,82.2099990844727,0,1,1,2,0,368.017669677734,407.190002441406,0.0975597128272057
39,0,1,3,1,1,14536,55.189998626709,0,2,2,2,1,238.779388427734,251.229995727539,0.021575378254056
52,1,1,1,1,1,14542,87.9700012207031,0,1,3,3,0,391.93896484375,502.950012207031,0.017355402931571
50,1,1,4,1,1,14543,46.310001373291,1,1,1,1,1,166.469009399414,248.070007324219,0.186453565955162
61,1,1,2,1,1,14546,49.0400009155273,1,1,2,3,0,168.021148681641,195.429992675781,0.0500370860099792
57,1,1,1,1,1,14547,NA,NA,NA,NA,NA,0,0,0,NA
55,1,1,2,1,1,14549,NA,NA,NA,NA,NA,0,0,0,NA
50,0,1,4,1,1,14550,101.069999694824,0,5,1,2,1,335.350982666016,332.570007324219,0.186879724264145
29,1,1,4,1,1,14551,54.2599983215332,0,1,3,3,1,219.003768920898,299.660003662109,0.0324010774493217
55,1,1,1,1,1,14552,68.8300018310547,0,1,1,NA,0,56.9174575805664,0,0.113867744803429
36,0,1,3,1,1,14553,96.5299987792969,0,1,2,3,1,398.883117675781,453.600006103516,0.0210636798292398
47,1,1,2,1,1,14554,24.0499992370605,0,1,2,NA,0,23.5439682006836,0,0.0189423989504576
50,1,1,1,1,1,14557,91.3899993896484,0,1,2,1,0,423.993743896484,437.260009765625,0.0152560928836465
48,0,1,3,1,1,14558,88.9663391113281,0,1,1,1,1,547.799011230469,501.369995117188,0.138579607009888
48,1,1,3,1,1,14563,89.620002746582,0,2,3,3,1,355.406219482422,506.859985351562,0.0284663792699575
43,1,1,3,1,1,14564,85.3099975585938,0,2,2,3,1,355.782409667969,326.399993896484,0.0234523471444845
54,0,1,1,1,1,14565,54.0900001525879,1,1,1,3,0,232.765060424805,293.540008544922,0.108175963163376
50,0,1,1,1,1,14566,75.25,0,2,1,NA,0,65.4120788574219,0,0.0891071707010269
44,1,1,3,1,1,14567,58.5999984741211,0,1,1,1,1,236.486221313477,220.949996948242,0.123368881642818
44,1,1,1,1,1,14568,NA,NA,NA,NA,NA,0,0,0,NA
47,1,1,1,1,1,14569,53.0355796813965,0,1,1,1,0,1079.99157714844,885.780029296875,0.0788489952683449
42,1,1,2,1,1,14571,78.1760482788086,0,1,2,2,0,649.667358398438,633.650024414062,0.0157341063022614
39,1,1,2,1,1,14574,105.606307983398,0,1,2,2,0,782.866088867188,742.409973144531,0.0147735681384802
45,0,1,1,1,1,14575,52.9279747009277,0,2,1,2,0,805.311340332031,793.739990234375,0.0740510076284409
44,1,1,4,1,1,14576,405.440002441406,0,3,1,1,1,146.700347900391,202.880004882812,0.157199114561081
49,1,1,1,1,1,14577,85.120002746582,0,1,3,3,0,390.706481933594,393.239990234375,0.0143819181248546
50,1,1,4,1,1,14578,NA,NA,NA,NA,NA,1,0,0,NA
45,1,1,4,1,1,14581,47.2900009155273,0,5,1,1,1,177.09098815918,252.289993286133,0.160834074020386
NA,1,1,2,1,1,14582,40.7900009155273,0,1,1,3,0,166.388442993164,195.220001220703,0.144536748528481
54,0,1,2,1,1,14583,84.2799987792969,0,1,1,1,0,314.504486083984,386.070007324219,0.139179348945618
53,1,1,4,1,1,14585,60.7200012207031,0,3,1,2,1,193.307998657227,246.419998168945,0.208668306469917
49,0,1,4,1,1,14587,91.875,0,4,1,3,1,560.736511230469,548.559997558594,0.180677890777588
51,1,1,3,1,1,14589,42.2999992370605,1,1,2,2,1,174.567840576172,270.25,0.033339399844408
52,1,1,2,1,1,14591,69.2900009155273,0,1,2,2,0,289.607696533203,309.279998779297,0.0250304825603962
51,1,1,2,1,1,14594,NA,NA,NA,NA,NA,0,0,0,NA
48,1,1,4,1,1,14595,57.7700004577637,0,3,1,2,1,218.248901367188,333.480010986328,0.174626991152763
44,1,1,2,1,1,14597,78.8600006103516,0,1,3,3,0,362.307556152344,370.609985351562,0.016747523099184
36,1,1,4,1,1,14598,109.290000915527,0,5,3,3,1,430.072265625,485.470001220703,0.0299469325691462
47,1,1,4,1,1,14599,100.919998168945,0,2,3,3,1,369.604034423828,498.790008544922,0.0382344610989094
43,1,1,3,1,1,14601,20.4400005340576,1,1,1,2,1,96.3038635253906,219.289993286133,0.120670042932034
46,1,1,1,1,1,14602,41.1199989318848,0,1,2,2,0,210.781768798828,207.339996337891,0.0123294442892075
45,1,1,4,1,1,14606,21.4599990844727,1,2,2,2,1,95.0575408935547,246.369995117188,0.0354161076247692
42,1,1,3,1,1,14608,NA,NA,NA,NA,NA,1,0,0,NA
56,1,1,4,1,1,14610,102.620002746582,0,3,2,3,1,319.354919433594,303.190002441406,0.0628129839897156
50,0,1,1,1,1,14611,NA,NA,NA,NA,NA,0,0,0,NA
48,1,1,3,1,1,14613,800.890014648438,0,3,2,2,1,312.433349609375,392.019989013672,0.0284663792699575
40,1,1,4,1,1,14614,53.2299995422363,0,4,2,3,1,213.081512451172,239.389999389648,0.0310982502996922
41,1,1,4,1,1,14617,161.495910644531,0,3,1,1,1,510.028503417969,537.710021972656,0.148928374052048
43,1,1,2,1,1,14618,NA,NA,NA,NA,NA,0,0,0,NA
44,0,1,2,1,1,14622,56.8900260925293,0,1,1,1,0,674.981201171875,632.099975585938,0.0952680185437202
44,1,1,1,1,1,14624,109.082878112793,0,1,3,3,0,1043.96362304688,963.630004882812,0.0113522093743086
49,1,1,1,1,1,14626,40.25,1,1,1,1,0,194.901519775391,241.970001220703,0.0851575210690498
38,0,1,1,1,1,14628,403.010009765625,0,3,3,3,0,193.609481811523,310.920013427734,0.00985566340386868
44,1,1,2,1,1,14629,214.088424682617,0,3,2,2,0,615.308654785156,615.75,0.016747523099184
49,1,1,1,1,1,14630,106.903907775879,0,2,3,3,0,694.615600585938,633.030029296875,0.0143819181248546
43,1,1,2,1,1,14633,40.0800018310547,0,1,3,3,0,194.724029541016,200.729995727539,0.0162003077566624
49,1,1,1,1,1,14635,40.7700004577637,1,3,1,1,0,193.967910766602,268.130004882812,0.0851575210690498
46,1,1,2,1,1,14636,147.500335693359,0,1,3,3,0,505.004058837891,474.709991455078,0.0181107763200998
47,1,1,1,1,1,14637,49.5800018310547,0,2,2,3,0,242.994705200195,264.820007324219,0.0129278525710106
47,1,1,2,1,1,14639,134.559967041016,0,1,3,3,0,1419.98413085938,1246.23999023438,0.0189423989504576
47,1,1,1,1,1,14640,66.9899978637695,0,1,1,1,0,318.788757324219,354.309997558594,0.0788489952683449
49,0,1,1,1,1,14641,NA,NA,NA,NA,NA,0,0,0,NA
56,1,1,4,1,1,14642,50.4199981689453,1,3,1,1,1,154.111541748047,235.520004272461,0.236975729465485
45,1,1,1,1,1,14643,82.0862121582031,0,1,1,2,0,627.331420898438,541.869995117188,0.0738287270069122
57,1,1,1,1,1,14645,107.779312133789,0,1,3,3,0,935.492126464844,829.359985351562,0.025385744869709
55,1,1,1,1,1,14646,14.8900003433228,1,1,2,1,0,86.951171875,158.919998168945,0.0216021966189146
54,0,1,1,1,1,14649,73.215934753418,0,1,3,3,0,805.963134765625,720.080017089844,0.0200944114476442
43,1,1,1,1,1,14651,42.5900001525879,0,1,1,3,0,218.546005249023,237.539993286133,0.0699463859200478
39,1,1,1,1,1,14654,54.0755271911621,0,2,2,3,0,882.520080566406,860.52001953125,0.00994591135531664
58,0,1,3,1,1,14655,NA,NA,NA,NA,NA,1,0,0,NA
35,1,1,2,1,1,14656,87.1976089477539,0,1,2,3,0,1383.57214355469,1293.08996582031,0.0144031969830394
40,0,1,3,1,1,14657,58.8199996948242,0,1,2,3,1,247.070541381836,371,0.0219220574945211
44,1,1,4,1,1,14658,58.2200012207031,0,1,3,3,1,233.557006835938,270.809997558594,0.0342614911496639
49,1,1,1,1,1,14659,131.553680419922,0,1,1,1,0,881.851196289062,792.799987792969,0.0851575210690498
36,0,1,4,1,1,14660,26.9500007629395,0,3,2,2,1,110.843925476074,182.919998168945,0.0300549510866404
46,1,1,3,1,1,14663,NA,NA,NA,NA,NA,1,0,0,NA
54,1,1,4,1,1,14666,55.939998626709,1,1,3,3,1,183.163177490234,243.009994506836,0.0551807284355164
54,1,1,4,1,1,14668,85.3000030517578,0,2,3,3,1,286.558929443359,279.589996337891,0.0551807284355164
46,1,1,2,1,1,14673,102.569999694824,0,1,1,2,0,447.161254882812,470.790008544922,0.100463390350342
52,1,1,4,1,1,14674,NA,NA,NA,NA,NA,1,0,0,NA
50,1,1,2,1,1,14676,811.159973144531,0,1,1,2,0,326.508514404297,343.670013427734,0.11592873185873
50,1,1,1,1,1,14677,NA,NA,NA,NA,NA,0,0,0,NA
45,0,1,4,1,1,14678,41.7700004577637,0,3,1,1,1,145.426208496094,259.480010986328,0.161221995949745
45,1,1,4,1,1,14681,51.2200012207031,0,4,1,3,1,189.736709594727,178.889999389648,0.160834074020386
45,1,1,3,1,1,14682,113.893859863281,0,3,2,3,1,1483.08703613281,1423.48999023438,0.025066651403904
47,1,1,3,1,1,14684,60.3600006103516,0,3,1,2,1,237.585571289062,252.119995117188,0.133864060044289
51,1,1,1,1,1,14687,53.0699996948242,0,3,3,3,0,244.840545654297,297.559997558594,0.0162429753690958
57,1,1,4,1,1,14689,NA,NA,NA,NA,NA,1,0,0,NA
47,0,1,2,1,1,14692,45.7599983215332,0,1,1,1,0,195.722442626953,297.670013427734,0.104015998542309
45,1,1,3,1,1,14695,48.4099998474121,0,2,3,3,1,205.228149414062,265.829986572266,0.025066651403904
37,1,1,1,1,1,14697,109.779998779297,0,1,2,2,0,548.150634765625,574.390014648438,0.00972679909318686
47,1,1,4,1,1,14698,61.060001373291,0,4,1,1,1,222.673263549805,266.130004882812,0.169526964426041
41,1,1,3,1,1,14700,NA,NA,NA,NA,NA,1,0,0,NA
49,1,1,4,1,1,14701,NA,NA,NA,NA,NA,1,0,0,NA
43,1,1,4,1,1,14702,406.170013427734,0,3,1,1,1,147.061737060547,170.350006103516,0.154013589024544
40,0,1,3,1,1,14703,96.6800003051758,0,1,2,1,1,399.503875732422,420.220001220703,0.0219220574945211
53,1,1,3,1,1,14706,NA,NA,NA,NA,NA,1,0,0,NA
39,1,1,4,1,1,14707,61.7694435119629,0,3,2,1,1,446.129302978516,437.820007324219,0.0306336097419262
50,1,1,1,1,1,14708,103.839996337891,0,1,2,2,0,476.777435302734,492.239990234375,0.0152560928836465
58,1,1,4,1,1,14710,44.4756851196289,1,5,3,3,1,579.255493164062,541.679992675781,0.072155237197876
42,1,1,4,1,1,14711,100.290000915527,0,4,1,1,1,367.343505859375,440.769989013672,0.151261359453201
47,1,1,4,1,1,14714,21.9500007629395,1,3,1,1,1,88.4934005737305,163.039993286133,0.169526964426041
59,1,1,1,1,1,14715,61.5,1,1,1,3,0,238.606460571289,281.420013427734,0.143912896513939
44,1,1,1,1,1,14717,103.459999084473,0,1,2,2,0,497.790954589844,549.289978027344,0.0113522093743086
44,1,1,4,1,1,14720,43.7299995422363,0,1,3,3,1,175.224456787109,235.259994506836,0.0342614911496639
45,1,1,4,1,1,14722,71.7099990844727,0,4,3,3,1,273.849487304688,299.079986572266,0.0354161076247692
46,1,1,3,1,1,14725,52.2999992370605,0,2,2,1,1,232.805023193359,306.910003662109,0.026058966293931
48,1,1,3,1,1,14728,61.560001373291,0,3,1,3,1,236.964981079102,246.619995117188,0.138228967785835
66,1,1,3,1,1,14730,45.6399993896484,1,2,2,NA,1,23.8048725128174,0,0.104027085006237
48,1,1,4,1,1,14732,72.9082183837891,0,3,1,1,1,407.244323730469,463.640014648438,0.174626991152763
39,1,1,4,1,1,14734,97.4417724609375,0,3,2,2,1,580.262084960938,696.380004882812,0.0306336097419262
43,1,1,3,1,1,14737,NA,NA,NA,NA,NA,1,0,0,NA
42,1,1,3,1,1,14739,97.3899993896484,0,1,2,3,1,411.255157470703,432.670013427734,0.0228134952485561
NA,NA,1,1,1,1,14740,78.5148773193359,0,1,1,2,0,1419.3896484375,1214.98999023438,0.144536748528481
59,1,1,2,1,1,14741,NA,NA,NA,NA,NA,0,0,0,NA
56,1,1,4,1,1,14742,NA,NA,NA,NA,NA,1,0,0,NA
53,1,1,4,1,1,14743,47.3199996948242,1,3,2,2,1,171.446319580078,308.839996337891,0.0519145950675011
42,1,1,4,1,1,14744,27.3999996185303,0,3,3,3,1,121.524276733398,198.630004882812,0.0324058644473553
46,1,1,1,1,1,14745,67.0031204223633,0,1,1,2,0,935.684936523438,874.219970703125,0.0761880278587341
45,1,1,2,1,1,14746,64.2799987792969,0,1,3,3,0,294.661590576172,313.730010986328,0.0173819325864315
51,1,1,3,1,1,14747,83.75,0,1,1,2,1,307.271606445312,319.899993896484,0.15426367521286
35,0,1,1,1,1,14748,71.0662002563477,0,1,3,3,0,804.540344238281,713.559997558594,0.00972449034452438
48,1,1,4,1,1,14749,21.7600002288818,1,1,2,3,1,95.5341949462891,186.630004882812,0.0399253256618977
54,0,1,4,1,1,14750,83.3853225708008,0,4,3,3,1,416.402679443359,516.940002441406,0.0553580150008202
51,1,1,4,1,1,14751,108.680000305176,0,3,1,1,1,368.092529296875,402.660003662109,0.193233087658882
48,0,1,3,1,1,14752,71.2154998779297,0,1,3,3,1,804.061096191406,738.25,0.0285699553787708
51,1,1,1,1,1,14754,NA,NA,NA,NA,NA,0,0,0,NA
49,1,1,4,1,1,14757,105.529998779297,0,4,1,1,1,368.836791992188,348.350006103516,0.180260613560677
36,1,1,4,1,1,14759,171.267074584961,0,3,3,3,1,794.471801757812,700.739990234375,0.0299469325691462
50,0,1,3,1,1,14760,64.8210296630859,0,5,1,1,1,833.982299804688,704.210021972656,0.148769170045853
45,0,1,2,1,1,14761,NA,NA,NA,NA,NA,0,0,0,NA
46,0,1,4,1,1,14762,NA,NA,NA,NA,NA,1,0,0,NA
48,1,1,1,1,1,14764,79.672248840332,0,1,2,2,0,867.201599121094,919.869995117188,0.0136091280728579
51,1,1,1,1,1,14765,46.9099998474121,1,2,3,3,0,222.110473632812,241.679992675781,0.0162429753690958
40,1,1,4,1,1,14766,56.8662033081055,0,4,1,2,1,773.786010742188,680.640014648438,0.147002473473549
44,0,1,3,1,1,14767,71.5400009155273,0,2,1,1,1,275.560607910156,333.029998779297,0.123693019151688
45,1,1,1,1,1,14768,58.7599983215332,0,3,2,2,0,303.265411376953,345.859985351562,0.0118063986301422
48,1,1,1,1,1,14769,182.338073730469,0,3,2,3,0,567.360961914062,535.090026855469,0.0136091280728579
42,1,1,1,1,1,14770,94.8701858520508,0,1,1,1,0,775.410034179688,779.169982910156,0.0683941096067429
41,1,1,1,1,1,14771,41.8899993896484,0,2,1,3,0,208.682922363281,263.480010986328,0.0670847371220589
43,1,1,4,1,1,14774,42.9700012207031,0,2,3,3,1,171.059173583984,202.149993896484,0.0332612656056881
46,1,1,3,1,1,14776,55.6100006103516,0,3,1,1,1,229.159881591797,339.380004882812,0.12994684278965
NA,1,1,2,1,1,14777,75.2099990844727,0,2,1,2,0,294.823822021484,336.660003662109,0.144536748528481
59,1,1,2,1,1,14778,62.4000015258789,0,1,1,NA,0,43.9005279541016,0,0.18124520778656
48,1,1,2,1,1,14779,43.8899993896484,0,2,3,3,0,206.729339599609,290.119995117188,0.0198864433914423
50,1,1,2,1,1,14781,28.7299995422363,1,2,2,1,0,139.113357543945,198.039993286133,0.0221572518348694
52,1,1,2,1,1,14782,NA,NA,NA,NA,NA,0,0,0,NA
46,0,1,4,1,1,14783,26.0699996948242,1,3,2,3,1,101.030860900879,165.509994506836,0.0368640124797821
51,1,1,4,1,1,14784,60.0099983215332,0,5,2,2,1,215.322982788086,275.5,0.0463271252810955
62,1,1,3,1,1,14785,NA,NA,NA,NA,NA,1,0,0,NA
40,1,1,1,1,1,14786,38.810001373291,0,1,2,2,0,210.849380493164,262.570007324219,0.0101242139935493
50,1,1,3,1,1,14787,42.3199996948242,1,1,1,1,1,175.213470458984,276.880004882812,0.148401319980621
56,1,1,3,1,1,14788,NA,NA,NA,NA,NA,1,0,0,NA
53,0,1,1,1,1,14789,49.1500015258789,1,1,1,1,0,206.52214050293,281.140014648438,0.102705933153629
65,1,1,2,1,1,14791,NA,NA,NA,NA,NA,0,0,0,NA
49,1,1,3,1,1,14793,102.930000305176,0,5,2,2,1,412.966613769531,418.829986572266,0.0299070440232754
46,0,1,3,1,1,14794,98.4524459838867,0,3,2,3,1,445.343017578125,521.97998046875,0.02615518681705
43,1,1,4,1,1,14796,42.7099990844727,0,1,1,1,1,157.966033935547,272.070007324219,0.154013589024544
47,1,1,2,1,1,14798,46.3699989318848,0,1,3,3,0,216.092895507812,303.079986572266,0.0189423989504576
59,1,1,3,1,1,14805,NA,NA,NA,NA,NA,1,0,0,NA
54,1,1,1,1,1,14806,81.5,0,1,3,3,0,359.721740722656,332.170013427734,0.0200173575431108
45,1,1,3,1,1,14807,94.4400024414062,0,1,2,2,1,379.078186035156,360.649993896484,0.025066651403904
39,0,1,2,1,1,14808,93.1999969482422,0,1,3,3,0,414.865539550781,440.880004882812,0.0148330135270953
55,1,1,4,1,1,14809,NA,NA,NA,NA,NA,1,0,0,NA
53,1,1,4,1,1,14810,31.3600006103516,0,2,1,NA,1,20.0146369934082,0,0.208668306469917
47,1,1,4,1,1,14813,97.5500030517578,0,5,1,1,1,346.374053955078,360.239990234375,0.169526964426041
46,1,1,3,1,1,14814,NA,NA,NA,NA,NA,1,0,0,NA
51,1,1,4,1,1,14816,49.1399993896484,1,3,1,1,1,172.33544921875,196.5,0.193233087658882
42,1,1,3,1,1,14817,40.8400001525879,0,2,1,1,1,168.829086303711,169.990005493164,0.11834279447794
50,1,1,2,1,1,14821,NA,NA,NA,NA,NA,0,0,0,NA
49,1,1,2,1,1,14822,96.8711013793945,0,1,2,2,0,664.456604003906,616.030029296875,0.020953880622983
48,1,1,3,1,1,14823,109.870002746582,0,1,3,3,1,432.798156738281,485.230010986328,0.0284663792699575
49,0,1,2,1,1,14825,94.2900009155273,0,2,1,1,0,382.097076416016,528.929992675781,0.111739084124565
44,0,1,1,1,1,14826,NA,NA,NA,NA,NA,0,0,0,NA
56,1,1,4,1,1,14827,NA,NA,NA,NA,NA,1,0,0,NA
43,1,1,1,1,1,14829,48.0900001525879,0,1,2,3,0,238.591201782227,243.580001831055,0.0109612951055169
49,1,1,1,1,1,14830,81.9800033569336,0,1,2,1,0,393.936340332031,424.670013427734,0.0143819181248546
53,0,1,1,1,1,14831,165.125244140625,0,1,2,2,0,876.132751464844,745.640014648438,0.0186804290860891
55,0,1,1,1,1,14834,168.106826782227,0,1,3,3,0,829.864135742188,721.929992675781,0.0216843839734793
55,1,1,1,1,1,14835,55.7900009155273,1,1,2,2,0,245.225357055664,335.470001220703,0.0216021966189146
59,1,1,4,1,1,14836,55.2599983215332,1,1,1,1,1,149.214065551758,199.75,0.272229731082916
41,1,1,1,1,1,14837,63.9372787475586,0,1,1,2,0,956.870178222656,820.580017089844,0.0670847371220589
60,1,1,2,1,1,14838,31.3199996948242,1,1,2,NA,0,24.3771457672119,0,0.0458831638097763
49,1,1,1,1,1,14839,105.445297241211,0,1,1,1,0,591.353515625,580.659973144531,0.0851575210690498
45,1,1,3,1,1,14840,142.052581787109,0,1,2,2,1,542.439392089844,525,0.025066651403904
63,1,1,3,1,1,14841,36.6500015258789,1,4,1,NA,1,20.459680557251,0,0.278135746717453
59,1,1,4,1,1,14842,NA,NA,NA,NA,NA,1,0,0,NA
41,1,1,3,1,1,14844,68.5699996948242,0,4,2,2,1,288.112823486328,307.779998779297,0.0222775880247355
50,1,1,1,1,1,14845,NA,NA,NA,NA,NA,0,0,0,NA
46,1,1,4,1,1,14846,43.1199989318848,0,1,1,1,1,158.684677124023,339.850006103516,0.164936676621437
44,1,1,3,1,1,14847,47.0499992370605,0,3,3,3,1,211.543487548828,264.170013427734,0.0242007970809937
45,0,1,4,1,1,14850,53.1599998474121,0,4,2,3,1,190.73518371582,245.809997558594,0.035540159791708
44,0,1,1,1,1,14851,52.3800010681152,0,3,3,3,0,261.869781494141,398.869995117188,0.0113995503634214
40,1,1,1,1,1,14853,71.0400009155273,0,1,2,2,0,357.219970703125,359.730010986328,0.0101242139935493
57,1,1,1,1,1,14854,21.5599994659424,1,1,1,NA,0,18.7131843566895,0,0.127583175897598
46,1,1,1,1,1,14856,NA,NA,NA,NA,NA,0,0,0,NA
49,0,1,4,1,1,14857,76.370002746582,0,2,1,1,1,259.859680175781,320.910003662109,0.180677890777588
50,1,1,1,1,1,14858,47.5372505187988,1,1,3,3,0,968.818725585938,908.130004882812,0.0152560928836465
48,1,1,3,1,1,14859,50.0099983215332,0,2,1,3,1,196.111190795898,330.869995117188,0.138228967785835
50,1,1,1,1,1,14860,60.0499992370605,0,3,1,1,0,269.003692626953,303.200012207031,0.0888515189290047
51,1,1,4,1,1,14863,NA,NA,NA,NA,NA,1,0,0,NA
43,1,1,3,1,1,14864,70.9787826538086,0,3,1,1,1,1110.35546875,920.369995117188,0.120670042932034
49,1,1,3,1,1,14866,60.7900009155273,0,1,2,NA,1,48.5010452270508,0,0.0299070440232754
38,1,1,1,1,1,14867,84.0199966430664,0,1,3,3,0,415.944152832031,482.809997558594,0.00981395877897739
43,1,1,4,1,1,14869,100.319999694824,0,3,1,3,1,375.227325439453,373.049987792969,0.154013589024544
35,0,1,1,1,1,14870,76.4800033569336,0,4,1,1,0,367.156768798828,409.25,0.064092829823494
36,1,1,2,1,1,14871,92.6699981689453,0,1,2,3,0,435.416076660156,468.959991455078,0.0144033869728446
53,1,1,1,1,1,14873,48.060001373291,1,2,1,1,0,205.798477172852,245.130004882812,0.10242211073637
36,1,1,2,1,1,14875,35.7558097839355,0,1,3,3,0,602.837951660156,546.909973144531,0.0144033869728446
45,1,1,1,1,1,14877,24.9200000762939,1,1,2,1,0,138.200317382812,224.220001220703,0.0118063986301422
51,1,1,4,1,1,14878,183.211135864258,0,2,1,2,1,392.295776367188,388.220001220703,0.193233087658882
56,1,1,3,1,1,14879,118.714370727539,0,1,3,2,1,407.608581542969,443.600006103516,0.0461049638688564
38,0,1,3,1,1,14880,61.4000015258789,0,2,1,1,1,250.448593139648,315.100006103516,0.112806864082813
38,1,1,2,1,1,14881,59.2299995422363,0,1,1,3,0,269.097442626953,317.660003662109,0.0860328748822212
50,1,1,4,1,1,14884,95.8899993896484,0,4,3,3,1,342.843322753906,325.690002441406,0.0439522080123425
59,1,1,4,1,1,14886,41.5900001525879,1,1,1,2,1,120.45824432373,157.25,0.272229731082916
42,1,1,3,1,1,14887,55.1423988342285,0,1,1,1,1,615.214660644531,593.530029296875,0.11834279447794
54,1,1,3,1,1,14888,40.1800003051758,1,4,3,3,1,156.079315185547,293.190002441406,0.0401590019464493
39,1,1,2,1,1,14889,NA,NA,NA,NA,NA,0,0,0,NA
56,0,1,4,1,1,14891,110.01000213623,0,3,3,3,1,323.754852294922,388.019989013672,0.0630092397332191
43,1,1,1,1,1,14893,99.2717742919922,0,1,2,2,0,760.901000976562,649.530029296875,0.0109612951055169
47,1,1,2,1,1,14895,132.84423828125,0,1,3,3,0,859.474731445312,739.25,0.0189423989504576
50,1,1,3,1,1,14896,106.529998779297,0,1,3,3,1,410.419189453125,424.679992675781,0.0315255858004093
58,1,1,4,1,1,14897,57.3499984741211,0,1,1,NA,1,31.9206504821777,0,0.259654849767685
59,1,1,1,1,1,14898,NA,NA,NA,NA,NA,0,0,0,NA
57,1,1,3,1,1,14899,89.5599975585938,0,2,1,1,1,291.112640380859,331.390014648438,0.202325507998466
50,1,1,2,1,1,14902,48.3400001525879,1,1,3,3,0,221.596389770508,321.209991455078,0.0221572518348694
52,0,1,1,1,1,14905,NA,NA,NA,NA,NA,0,0,0,NA
56,1,1,2,1,1,14906,NA,NA,NA,NA,NA,0,0,0,NA
47,1,1,1,1,1,14907,44.6699981689453,0,1,2,3,0,234.861282348633,260.010009765625,0.0129278525710106
NA,1,1,1,1,1,14909,55.0214805603027,0,1,1,2,0,993.708129882812,873.109985351562,0.144536748528481
45,0,1,1,1,1,14910,NA,NA,NA,NA,NA,0,0,0,NA
57,0,1,3,1,1,14912,66.629997253418,1,2,1,1,1,205.056182861328,241.649993896484,0.202773317694664
46,0,1,2,1,1,14914,84.3227233886719,0,1,3,3,0,905.885192871094,773.440002441406,0.018181536346674
37,0,1,1,1,1,14915,44.8499984741211,0,1,2,3,0,220.300338745117,392.329986572266,0.00976817961782217
44,1,1,3,1,1,14917,43.5499992370605,0,2,1,2,1,181.74934387207,303.440002441406,0.123368881642818
57,1,1,2,1,1,14918,NA,NA,NA,NA,NA,0,0,0,NA
50,1,1,2,1,1,14919,61.6800003051758,0,1,3,3,0,272.640930175781,273.179992675781,0.0221572518348694
NA,0,1,4,1,1,14921,109.059997558594,0,4,1,2,1,409.715637207031,445.720001220703,0.144536748528481
55,1,1,3,1,1,14922,23.5799999237061,1,1,1,1,1,82.0438537597656,139.460006713867,0.183617144823074
57,1,1,1,1,1,14923,NA,NA,NA,NA,NA,0,0,0,NA
49,1,1,1,1,1,14925,110.169998168945,0,1,2,3,0,511.523223876953,585.380004882812,0.0143819181248546
41,1,1,4,1,1,14927,73.6699981689453,0,3,1,2,1,281.077484130859,349.619995117188,0.148928374052048
45,0,1,2,1,1,14930,76.0100021362305,0,1,2,2,0,331.40625,346.809997558594,0.0174502655863762
48,1,1,2,1,1,14933,433.429992675781,0,1,2,2,0,190.428115844727,214.990005493164,0.0198864433914423
NA,NA,1,3,1,1,14935,32.5699996948242,1,2,3,3,1,132.825149536133,182.389999389648,0.0303501505404711
64,1,1,2,1,1,14936,NA,NA,NA,NA,NA,0,0,0,NA
34,1,1,3,1,1,14942,111.180000305176,0,2,2,3,1,471.667266845703,472.679992675781,0.0210671331733465
NA,NA,1,1,1,1,14943,100.774833679199,0,1,3,3,0,545.432556152344,547.489990234375,0.0303501505404711
41,1,1,3,1,1,14944,102.075332641602,0,1,3,3,1,1389.04479980469,1144.80004882812,0.0222775880247355
55,1,1,2,1,1,14947,NA,NA,NA,NA,NA,0,0,0,NA
51,0,1,1,1,1,14948,107.459999084473,0,1,3,3,0,478.390197753906,440.5,0.0163074526935816
50,1,1,2,1,1,14949,61.3199996948242,0,1,2,3,0,268.708251953125,442.160003662109,0.0221572518348694
51,1,1,1,1,1,14950,99.524299621582,0,1,1,2,0,554.562194824219,605.320007324219,0.0929403752088547
50,1,1,4,1,1,14952,101.381927490234,0,4,2,2,1,701.888000488281,681.239990234375,0.0439522080123425
46,1,1,4,1,1,14954,59.3600006103516,0,3,1,1,1,222.202606201172,271.019989013672,0.164936676621437
41,1,1,1,1,1,14955,27.9300003051758,0,1,2,2,0,160.524948120117,170.130004882812,0.0103509724140167
56,1,1,3,1,1,14956,NA,NA,NA,NA,NA,1,0,0,NA
57,0,1,1,1,1,14957,100.870002746582,0,1,1,1,0,394.750549316406,456.170013427734,0.127914950251579
34,1,1,4,1,1,14958,102.839996337891,0,4,1,3,1,389.565246582031,369.339996337891,0.143573269248009
44,1,1,1,1,1,14960,43.560001373291,0,1,1,1,0,219.264724731445,301.529998779297,0.0717533752322197
43,1,1,4,1,1,14961,30.8500003814697,0,2,1,2,1,122.817794799805,130.839996337891,0.154013589024544
47,0,1,1,1,1,14962,NA,NA,NA,NA,NA,0,0,0,NA
54,1,1,4,1,1,14963,24.1700000762939,1,1,1,3,1,77.0459823608398,152.800003051758,0.217385172843933
56,1,1,2,1,1,14964,NA,NA,NA,NA,NA,0,0,0,NA
NA,1,1,2,1,1,14966,NA,NA,NA,NA,NA,0,0,0,NA
47,1,1,3,1,1,14967,89.3300018310547,0,1,3,3,1,367.184478759766,374.959991455078,0.0271882247179747
38,1,1,4,1,1,14969,88.1600036621094,0,3,3,3,1,344.347564697266,359.609985351562,0.0302888359874487
49,1,1,3,1,1,14970,NA,NA,NA,NA,NA,1,0,0,NA
54,1,1,2,1,1,14971,87.0054168701172,0,1,3,3,0,611.06201171875,706.429992675781,0.0286433231085539
51,1,1,1,1,1,14972,49.9199981689453,1,2,1,1,0,225.529586791992,251.419998168945,0.0929403752088547
49,1,1,2,1,1,14975,91.3546295166016,0,1,1,2,0,830.546142578125,777.210021972656,0.111437477171421
43,1,1,2,1,1,14976,51.4599990844727,0,1,2,3,0,238.129867553711,312.390014648438,0.0162003077566624
45,0,1,4,1,1,14978,47.3199996948242,0,2,3,3,1,173.571243286133,270.100006103516,0.035540159791708
48,1,1,1,1,1,14979,135.725677490234,0,1,2,2,0,552.841613769531,542.820007324219,0.0136091280728579
56,1,1,4,1,1,14980,230.470336914062,0,1,2,2,1,374.814422607422,418.480010986328,0.0628129839897156
47,1,1,1,1,1,14984,61.0800018310547,0,3,1,1,0,287.118682861328,385.959991455078,0.0788489952683449
63,1,1,1,1,1,14986,60.4300003051758,0,1,2,NA,0,60.8411865234375,0,0.0437763296067715
51,1,1,3,1,1,14987,61.439998626709,0,1,2,2,1,238.872116088867,250.979995727539,0.033339399844408
44,1,1,1,1,1,14989,NA,NA,NA,NA,NA,0,0,0,NA
46,1,1,1,1,1,14992,43.3499984741211,0,1,2,2,0,219.134124755859,258.899993896484,0.0123294442892075
53,0,1,3,1,1,14993,50.2599983215332,0,2,1,NA,1,34.147834777832,0,0.168091088533401
48,1,1,4,1,1,14995,41.0499992370605,1,2,2,3,1,159.41145324707,279.399993896484,0.0399253256618977
NA,NA,1,3,1,1,14996,45.4300003051758,1,3,1,2,1,176.215194702148,208.710006713867,0.144536748528481
45,1,1,4,1,1,14997,173.768341064453,0,3,1,1,1,627.8017578125,642.940002441406,0.160834074020386
NA,1,1,1,1,1,15002,NA,NA,NA,NA,NA,0,0,0,NA
33,0,1,2,1,1,15003,80.6100006103516,0,3,1,2,0,353.440246582031,446.239990234375,0.0862784385681152
47,1,1,4,1,1,15004,95.1500015258789,0,4,2,2,1,342.481079101562,334.549987792969,0.0382344610989094
39,0,1,1,1,1,15005,46.4440841674805,0,1,3,3,0,719.135498046875,615.929992675781,0.00998810399323702
52,0,1,4,1,1,15006,53.3300018310547,1,3,1,1,1,179.654220581055,236.149993896484,0.201073586940765
53,0,1,2,1,1,15009,96.4981918334961,0,1,2,3,0,802.58203125,742.679992675781,0.0268328282982111
51,1,1,2,1,1,15010,95.879997253418,0,1,3,2,0,402.902679443359,424.529998779297,0.0235107559710741
65,1,1,4,1,1,15012,100.389999389648,0,3,2,1,1,221.195526123047,234.039993286133,0.123707629740238
50,0,1,2,1,1,15013,NA,NA,NA,NA,NA,0,0,0,NA
35,1,1,2,1,1,15014,46.4000015258789,0,2,1,1,0,219.727645874023,340.549987792969,0.0852482914924622
60,1,1,2,1,1,15016,NA,NA,NA,NA,NA,0,0,0,NA
46,1,1,1,1,1,15017,137.714431762695,0,1,1,1,0,961.444519042969,876.97998046875,0.0761880278587341
53,0,1,4,1,1,15018,109.779998779297,0,3,1,1,1,345.199279785156,412.440002441406,0.209124460816383
45,1,1,2,1,1,15019,43.0099983215332,0,1,1,1,0,190.069320678711,297.940002441406,0.0975597128272057
53,1,1,2,1,1,15020,47.2000007629395,0,1,1,NA,0,69.0296249389648,0,0.132297292351723
65,0,1,3,1,1,15022,NA,NA,NA,NA,NA,1,0,0,NA
45,0,1,2,1,1,15025,NA,NA,NA,NA,NA,0,0,0,NA
56,1,1,3,1,1,15026,125.574478149414,0,1,2,1,1,624.196166992188,599.460021972656,0.0461049638688564
52,1,1,2,1,1,15027,102.290000915527,0,1,1,2,0,423.700988769531,378.359985351562,0.126327008008957
41,0,1,1,1,1,15028,20.1900005340576,1,1,3,3,0,108.553672790527,198.770004272461,0.0103946607559919
50,1,1,3,1,1,15030,50.8199996948242,0,3,1,NA,1,116.275840759277,0,0.148401319980621
44,1,1,2,1,1,15034,141.993133544922,0,1,3,3,0,813.212829589844,799.570007324219,0.016747523099184
NA,1,1,1,1,1,15036,NA,NA,NA,NA,NA,0,0,0,NA
53,1,1,4,1,1,15037,77.1800003051758,0,4,2,2,1,262.576843261719,335.779998779297,0.0519145950675011
49,1,1,1,1,1,15041,NA,NA,NA,NA,NA,0,0,0,NA
58,1,1,1,1,1,15043,26.3400001525879,1,1,2,3,0,114.174728393555,184.089996337891,0.027635121718049
51,1,1,1,1,1,15045,73.8099975585938,0,2,3,3,0,344.862731933594,478.850006103516,0.0162429753690958
54,1,1,3,1,1,15047,NA,NA,NA,NA,NA,1,0,0,NA
58,1,1,1,1,1,15049,70.0599975585938,1,1,3,3,0,289.321472167969,356.959991455078,0.027635121718049
NA,1,1,4,1,1,15050,NA,NA,NA,NA,NA,1,0,0,NA
46,1,1,3,1,1,15051,73.5144653320312,0,3,2,1,1,947.080749511719,886.109985351562,0.026058966293931
49,1,1,2,1,1,15052,74.7932052612305,0,1,2,2,0,890.586853027344,822.47998046875,0.020953880622983
46,0,1,1,1,1,15053,27.0400009155273,1,1,1,2,0,134.762344360352,171.960006713867,0.0764157250523567
39,1,1,1,1,1,15055,61.0400009155273,0,1,3,3,0,316.868621826172,313.109985351562,0.00994591135531664
50,1,1,3,1,1,15056,NA,NA,NA,NA,NA,1,0,0,NA
45,1,1,4,1,1,15058,55.1500015258789,0,3,3,3,1,213.060821533203,263.25,0.0354161076247692
54,1,1,3,1,1,15060,65.2900009155273,0,3,2,NA,1,47.6921806335449,0,0.0401590019464493
40,0,1,3,1,1,15061,79.0537719726562,0,3,1,1,1,840.619689941406,841.049987792969,0.115057609975338
46,0,1,3,1,1,15064,49.3300018310547,0,3,1,1,1,188.431488037109,252.460006713867,0.130282923579216
42,0,1,3,1,1,15065,NA,NA,NA,NA,NA,1,0,0,NA
49,0,1,3,1,1,15066,164.462966918945,0,2,1,2,1,752.215881347656,782.169982910156,0.143424808979034
51,1,1,3,1,1,15067,29.7000007629395,1,1,1,2,1,111.494400024414,216.490005493164,0.15426367521286
62,1,1,1,1,1,15069,96.4511413574219,0,1,2,2,0,712.837036132812,656.780029296875,0.0397630482912064
53,1,1,1,1,1,15070,58.8899993896484,1,3,3,3,0,269.358367919922,394.760009765625,0.0186080075800419
45,1,1,4,1,1,15071,118.938377380371,0,1,3,3,1,764.309814453125,691.719970703125,0.0354161076247692
49,1,1,1,1,1,15073,NA,NA,NA,NA,NA,0,0,0,NA
62,1,1,1,1,1,15074,46.4500007629395,1,1,1,NA,0,32.1086692810059,0,0.174141094088554
NA,NA,1,3,1,1,15075,82.2600021362305,0,2,1,1,1,310.119262695312,348.119995117188,0.144536748528481
44,1,1,1,1,1,15077,72.4499969482422,0,1,2,1,0,352.187286376953,350.290008544922,0.0113522093743086
48,1,1,4,1,1,15078,100.459999084473,0,2,1,3,1,351.090545654297,375.559997558594,0.174626991152763
43,1,1,2,1,1,15079,44.3899993896484,0,1,1,1,0,205.805450439453,244.190002441406,0.0927653014659882
39,1,1,2,1,1,15080,86.2012100219727,0,1,1,3,0,737.922302246094,666.099975585938,0.0868212208151817
50,1,1,2,1,1,15081,114.457252502441,0,1,3,3,0,899.140502929688,773.880004882812,0.0221572518348694
65,0,1,2,1,1,15082,54.9599990844727,1,2,2,NA,0,160.803451538086,0,0.0721987262368202
47,1,1,1,1,1,15083,84.0899963378906,0,1,3,3,0,398.779937744141,449.239990234375,0.0129278525710106
38,1,1,2,1,1,15085,164.146087646484,0,1,2,3,0,942.6513671875,796.580017089844,0.0145875625312328
46,1,1,2,1,1,15087,43.4300003051758,0,1,1,1,0,188.344177246094,242.470001220703,0.100463390350342
55,1,1,1,1,1,15089,100.269996643066,0,2,1,1,0,426.824645996094,399.910003662109,0.113867744803429
46,1,1,2,1,1,15090,86.0999984741211,0,1,1,1,0,382.71826171875,522.580017089844,0.100463390350342
55,0,1,3,1,1,15091,NA,NA,NA,NA,NA,1,0,0,NA
53,1,1,2,1,1,15092,63.4799995422363,0,1,1,2,0,251.417663574219,275.929992675781,0.132297292351723
42,1,1,3,1,1,15093,40.2822074890137,0,1,3,3,1,763.998596191406,668.150024414062,0.0228134952485561
53,1,1,1,1,1,15094,NA,NA,NA,NA,NA,0,0,0,NA
55,1,1,1,1,1,15096,95.7118072509766,0,1,3,3,0,679.570983886719,669.719970703125,0.0216021966189146
55,1,1,1,1,1,15098,80.9199981689453,0,2,1,1,0,335.6044921875,336.890014648438,0.113867744803429
58,1,1,1,1,1,15099,45.7599983215332,0,1,1,NA,0,36.3890151977539,0,0.135398343205452
50,1,1,3,1,1,15100,95.3300018310547,0,1,1,1,1,360.004608154297,419.220001220703,0.148401319980621
51,1,1,1,1,1,15101,90.4499969482422,0,1,3,3,0,418.206604003906,403.690002441406,0.0162429753690958
48,0,1,2,1,1,15102,89.5,0,1,3,3,0,374.815643310547,434.029998779297,0.0199630595743656
45,0,1,2,1,1,15103,111.576858520508,0,3,3,3,0,924.158996582031,858.119995117188,0.0174502655863762
50,1,1,2,1,1,15104,61.3300018310547,0,1,1,1,0,259.912139892578,347.540008544922,0.11592873185873
48,0,1,3,1,1,15105,101.930000305176,0,1,1,1,1,385.810546875,341.700012207031,0.138579607009888
57,1,1,3,1,1,15106,37.060001373291,1,2,1,NA,1,24.4816608428955,0,0.202325507998466
42,1,1,2,1,1,15107,80.25,0,1,2,2,0,367.045227050781,389.350006103516,0.0157341063022614
44,1,1,2,1,1,15109,95.0199966430664,0,2,3,3,0,430.185882568359,459.119995117188,0.016747523099184
49,1,1,4,1,1,15110,52.0299987792969,0,4,1,1,1,182.619033813477,229.460006713867,0.180260613560677
39,0,1,4,1,1,15111,40.1599998474121,0,1,2,3,1,161.258010864258,179,0.0307436883449554
52,1,1,2,1,1,15113,101.680000305176,0,1,2,2,0,428.193176269531,422.570007324219,0.0250304825603962
49,1,1,4,1,1,15114,95.2600021362305,0,5,1,1,1,330.636779785156,311.700012207031,0.180260613560677
NA,NA,1,1,1,1,15115,NA,NA,NA,NA,NA,0,0,0,NA
44,1,1,4,1,1,15116,91.4800033569336,0,2,2,3,1,345.539978027344,367.359985351562,0.0342614911496639
50,0,1,1,1,1,15117,109.181175231934,0,1,1,2,0,901.031921386719,811.880004882812,0.0891071707010269
55,1,1,1,1,1,15119,139.59977722168,0,2,3,3,0,991.205322265625,852.260009765625,0.0216021966189146
51,1,1,1,1,1,15120,NA,NA,NA,NA,NA,0,0,0,NA
54,1,1,2,1,1,15122,615.489990234375,0,1,1,NA,0,46.4144515991211,0,0.138827696442604
47,1,1,3,1,1,15123,NA,NA,NA,NA,NA,1,0,0,NA
52,1,1,3,1,1,15125,27.0100002288818,1,2,2,2,1,114.194374084473,169.759994506836,0.0353679284453392
54,0,1,3,1,1,15126,39.6399993896484,0,3,1,NA,1,26.9875144958496,0,0.175735384225845
57,1,1,1,1,1,15128,23.4899997711182,1,1,1,1,0,96.903205871582,174.589996337891,0.127583175897598
51,0,1,1,1,1,15130,NA,NA,NA,NA,NA,0,0,0,NA
42,0,1,4,1,1,15131,60.4700012207031,0,4,1,1,1,224.9033203125,335.989990234375,0.15163391828537
54,1,1,3,1,1,15132,NA,NA,NA,NA,NA,1,0,0,NA
53,1,1,2,1,1,15134,NA,NA,NA,NA,NA,0,0,0,NA
60,1,1,4,1,1,15135,NA,NA,NA,NA,NA,1,0,0,NA
50,1,1,1,1,1,15136,64.4800033569336,0,3,2,2,0,309.477386474609,460.559997558594,0.0152560928836465
49,0,1,2,1,1,15137,NA,NA,NA,NA,NA,0,0,0,NA
34,1,1,3,1,1,15138,40.9500007629395,0,4,2,2,1,190.148406982422,231.669998168945,0.0210671331733465
47,1,1,2,1,1,15141,83.0500030517578,0,1,2,3,0,387.628875732422,406.399993896484,0.0189423989504576
48,1,1,3,1,1,15143,567.179992675781,0,1,2,3,1,224.356567382812,303.049987792969,0.0284663792699575
55,1,1,1,1,1,15144,108.480003356934,0,1,1,1,0,452.363555908203,550.559997558594,0.113867744803429
49,0,1,2,1,1,15145,43.3499984741211,1,4,2,2,0,188.538116455078,228.059997558594,0.0210339762270451
58,1,1,1,1,1,15146,NA,NA,NA,NA,NA,0,0,0,NA
56,1,1,4,1,1,15147,NA,NA,NA,NA,NA,1,0,0,NA
57,0,1,4,1,1,15149,NA,NA,NA,NA,NA,1,0,0,NA
48,0,1,3,1,1,15152,NA,NA,NA,NA,NA,1,0,0,NA
57,0,1,2,1,1,15153,NA,NA,NA,NA,NA,0,0,0,NA
51,1,1,3,1,1,15154,75.7300033569336,0,4,1,NA,1,56.5014152526855,0,0.15426367521286
NA,1,1,1,1,1,15155,NA,NA,NA,NA,NA,0,0,0,NA
60,1,1,1,1,1,15158,NA,NA,NA,NA,NA,0,0,0,NA
52,1,1,1,1,1,15160,81.0800018310547,0,1,2,3,0,366.464233398438,318.179992675781,0.017355402931571
49,1,1,2,1,1,15161,NA,NA,NA,NA,NA,0,0,0,NA
43,0,1,4,1,1,15164,72.2600021362305,0,3,3,3,1,265.606567382812,420.040008544922,0.0333790816366673
42,0,1,3,1,1,15165,50.6399993896484,0,1,2,3,1,208.622589111328,232.5,0.0228995438665152
44,1,1,2,1,1,15166,90.8055419921875,0,1,1,1,0,871.763244628906,851.099975585938,0.0949993953108788
42,1,1,1,1,1,15167,86.5531539916992,0,1,2,2,0,678.426025390625,554.27001953125,0.0106288930401206
51,1,1,1,1,1,15168,41.6300010681152,1,2,3,3,0,203.894439697266,222.669998168945,0.0162429753690958
42,1,1,4,1,1,15169,57.3051681518555,0,3,1,2,1,979.392272949219,896.169982910156,0.151261359453201
48,1,1,4,1,1,15170,NA,NA,NA,NA,NA,1,0,0,NA
38,1,1,1,1,1,15171,41.7900009155273,0,2,1,1,0,213.203170776367,235.589996337891,0.0645236372947693
51,1,1,3,1,1,15173,103.699996948242,0,4,3,3,1,392.703674316406,418.279998779297,0.033339399844408
56,0,1,3,1,1,15177,54.7700004577637,0,3,1,NA,1,114.071495056152,0,0.193039461970329
54,0,1,1,1,1,15178,92.0400009155273,0,1,3,3,0,385.265747070312,465.880004882812,0.0200944114476442
44,0,1,3,1,1,15180,74.25,0,2,2,2,1,309.775848388672,424.480010986328,0.0242912359535694
56,1,1,1,1,1,15181,35.8499984741211,1,1,1,NA,0,29.2718086242676,0,0.120421066880226
55,1,1,1,1,1,15182,90.194709777832,0,1,2,2,0,635.333557128906,574.260009765625,0.0216021966189146
48,0,1,2,1,1,15183,82.3600006103516,0,1,3,3,0,358.118804931641,336.450012207031,0.0199630595743656
56,0,1,1,1,1,15185,73.5699996948242,0,3,1,1,0,294.614440917969,280.820007324219,0.120739750564098
49,1,1,1,1,1,15186,75.4499969482422,0,1,1,NA,0,69.622917175293,0,0.0851575210690498
51,0,1,4,1,1,15187,NA,NA,NA,NA,NA,1,0,0,NA
43,1,1,2,1,1,15188,87.2957534790039,0,1,3,3,0,915.787719726562,835.989990234375,0.0162003077566624
48,1,1,2,1,1,15192,NA,NA,NA,NA,NA,0,0,0,NA
45,1,1,1,1,1,15199,81.1634750366211,0,1,2,2,0,1201.1923828125,999.840026855469,0.0118063986301422
52,1,1,3,1,1,15200,22.8899993896484,1,2,1,NA,1,17.6999778747559,0,0.160683274269104
46,1,1,1,1,1,15202,NA,NA,NA,NA,NA,0,0,0,NA
49,0,1,1,1,1,15203,88.5699996948242,0,1,2,1,0,400.411163330078,518.190002441406,0.0144399981945753
51,1,1,1,1,1,15205,45.7900009155273,0,3,1,NA,0,40.5562133789062,0,0.0929403752088547
52,1,1,3,1,1,15206,25.6499996185303,1,1,1,1,1,95.1899261474609,123.610000610352,0.160683274269104
42,1,1,2,1,1,15207,NA,NA,NA,NA,NA,0,0,0,NA
44,1,1,4,1,1,15215,NA,NA,NA,NA,NA,1,0,0,NA
35,1,1,3,1,1,15217,20.6900005340576,0,1,3,3,1,119.259017944336,230.5,0.0209832340478897
NA,NA,1,1,1,1,15219,28.5900001525879,1,1,1,1,0,114.567909240723,260.049987792969,0.144536748528481
38,1,1,1,1,1,15220,40.9700012207031,0,2,2,2,0,213.209686279297,250.350006103516,0.00981395877897739
52,0,1,1,1,1,15222,174.972610473633,0,1,1,1,0,485.246429443359,446.850006103516,0.097726970911026
58,1,1,3,1,1,15223,94.6033020019531,0,3,2,2,1,365.223266601562,336.559997558594,0.0534593127667904
52,1,1,1,1,1,15225,53.75,1,1,3,3,0,257.581329345703,279.630004882812,0.017355402931571
38,1,1,1,1,1,15226,82.1100006103516,0,1,2,3,0,409.358764648438,415.100006103516,0.00981395877897739
55,1,1,4,1,1,15228,63.4173545837402,1,4,3,3,1,508.265747070312,572.190002441406,0.0588021613657475
59,1,1,4,1,1,15230,103.51000213623,0,2,2,3,1,288.771087646484,318.559997558594,0.0775713175535202
59,1,1,3,1,1,15231,44.3899993896484,1,3,1,NA,1,27.720422744751,0,0.224118784070015
54,1,1,4,1,1,15234,404.399993896484,0,4,1,1,1,124.66805267334,376.760009765625,0.217385172843933
43,1,1,3,1,1,15236,31.3299999237061,0,2,1,1,1,130.761108398438,178.330001831055,0.120670042932034
57,0,1,4,1,1,15237,NA,NA,NA,NA,NA,1,0,0,NA
41,1,1,3,1,1,15238,50.3800010681152,0,3,1,1,1,221.890243530273,229.110000610352,0.116373218595982
63,1,1,3,1,1,15239,42.2400016784668,1,4,1,NA,1,23.2453460693359,0,0.278135746717453
55,1,1,1,1,1,15240,133.389999389648,0,1,1,NA,0,80.3246383666992,0,0.113867744803429
46,1,1,4,1,1,15243,280.487487792969,0,4,2,2,1,426.011413574219,404.769989013672,0.0367362052202225
47,1,1,4,1,1,15244,36.9700012207031,1,4,1,1,1,144.678756713867,241,0.169526964426041
42,1,1,2,1,1,15245,86.3238220214844,0,1,1,1,0,594.443908691406,542.72998046875,0.0908424407243729
54,1,1,4,1,1,15246,123.312339782715,0,5,1,1,1,638.833374023438,644.869995117188,0.217385172843933
62,1,1,4,1,1,15247,80.4499969482422,0,5,1,NA,1,39.9133682250977,0,0.315220385789871
53,1,1,2,1,1,15249,61.6300010681152,0,1,1,NA,0,48.2605056762695,0,0.132297292351723
51,1,1,4,1,1,15250,103.26000213623,0,3,1,1,1,341.432647705078,466.380004882812,0.193233087658882
41,0,1,1,1,1,15254,67.7799987792969,0,1,1,NA,0,63.7227401733398,0,0.0672912746667862
44,1,1,1,1,1,15255,93.620002746582,0,1,3,3,0,456.750701904297,527.630004882812,0.0113522093743086
39,1,1,3,1,1,15256,70.1884155273438,0,1,3,3,1,1337.79870605469,1146.01000976562,0.0214935410767794
41,1,1,1,1,1,15259,34.3199996948242,0,1,1,2,0,178.642486572266,239.130004882812,0.0670847371220589
62,1,1,2,1,1,15262,NA,NA,NA,NA,NA,0,0,0,NA
52,1,1,3,1,1,15263,88.8499984741211,0,2,2,3,1,334.028594970703,329.359985351562,0.0353679284453392
47,0,1,4,1,1,15264,59.6500015258789,0,4,2,2,1,214.185241699219,251.110000610352,0.038366511464119
45,1,1,4,1,1,15265,82.1900024414062,0,4,2,3,1,310.521118164062,400.760009765625,0.0354161076247692
35,1,1,3,1,1,15272,107.279998779297,0,2,2,2,1,454.248748779297,483.570007324219,0.0209832340478897
48,1,1,2,1,1,15273,82.8399963378906,0,1,2,3,0,363.708251953125,362.230010986328,0.0198864433914423
47,1,1,3,1,1,15276,41.2599983215332,0,1,1,NA,1,33.4204788208008,0,0.133864060044289
NA,NA,1,1,1,1,15277,74.7261123657227,0,3,1,2,0,559.575012207031,524.679992675781,0.144536748528481
44,1,1,4,1,1,15279,111.483627319336,0,5,2,3,1,1052.34936523438,910,0.0342614911496639
52,1,1,1,1,1,15281,NA,NA,NA,NA,NA,0,0,0,NA
55,1,1,3,1,1,15282,51.5,1,3,3,3,1,186.478698730469,341.160003662109,0.0429729633033276
51,1,1,3,1,1,15284,103.195533752441,0,2,3,3,1,749.143676757812,679.809997558594,0.033339399844408
NA,0,1,2,1,1,15286,105.23999786377,0,1,3,3,0,394.360717773438,441.350006103516,0.0303501505404711
52,0,1,3,1,1,15287,29.2788143157959,1,4,3,3,1,716.742370605469,730.700012207031,0.0354918427765369
40,1,1,1,1,1,15290,NA,NA,NA,NA,NA,0,0,0,NA
NA,NA,1,3,1,1,15292,41.1699981689453,0,2,1,2,1,155.736618041992,237.970001220703,0.144536748528481
42,1,1,1,1,1,15293,758.169982910156,0,1,3,3,0,366.114318847656,350.929992675781,0.0106288930401206
55,1,1,3,1,1,15294,36.189998626709,1,1,1,1,1,131.064117431641,350.140014648438,0.183617144823074
50,1,1,4,1,1,15295,77.3199996948242,0,3,1,NA,1,51.9420280456543,0,0.186453565955162
45,0,1,4,1,1,15298,40.939998626709,0,3,2,NA,1,30.0879764556885,0,0.035540159791708
48,1,1,4,1,1,15299,70.3199996948242,0,4,1,2,1,242.59098815918,302.029998779297,0.174626991152763
57,1,1,2,1,1,15301,104.059997558594,0,3,1,1,0,379.655548095703,432.040008544922,0.162160560488701
37,0,1,3,1,1,15302,68.8099975585938,0,1,3,3,1,286.770751953125,365.739990234375,0.0211483743041754
57,1,1,4,1,1,15303,59.4199981689453,0,3,1,NA,1,34.7815284729004,0,0.247913494706154
48,1,1,1,1,1,15304,53.2299995422363,0,1,3,3,0,263.424743652344,328.200012207031,0.0136091280728579
53,1,1,1,1,1,15307,99.4518432617188,0,1,2,1,0,494.737396240234,521,0.0186080075800419
58,1,1,3,1,1,15308,66.5,0,1,1,NA,1,42.5697021484375,0,0.212817549705505
44,1,1,3,1,1,15309,101.339996337891,0,1,1,2,1,406.419647216797,427.940002441406,0.123368881642818
46,0,1,4,1,1,15312,106.019996643066,0,3,3,3,1,386.214416503906,387.75,0.0368640124797821
46,0,1,3,1,1,15313,177.020950317383,0,4,2,3,1,1187.07885742188,980.489990234375,0.02615518681705
47,1,1,2,1,1,15315,122.528045654297,0,1,2,3,0,1403.5380859375,1255.46997070312,0.0189423989504576
55,1,1,4,1,1,15317,48.2099990844727,1,3,2,2,1,167.969207763672,201.080001831055,0.0588021613657475
55,0,1,2,1,1,15319,33.9599990844727,1,1,3,NA,0,25.9570617675781,0,0.0308902524411678
44,1,1,4,1,1,15322,100.830001831055,0,5,2,3,1,380.860504150391,450.809997558594,0.0342614911496639
45,1,1,3,1,1,15323,NA,NA,NA,NA,NA,1,0,0,NA
NA,0,1,1,1,1,15324,107.26000213623,0,3,3,3,0,406.197235107422,530.400024414062,0.0303501505404711
50,1,1,3,1,1,15327,67.0795669555664,0,1,1,1,1,695.787658691406,672.619995117188,0.148401319980621
49,1,1,3,1,1,15328,71.2600021362305,0,1,1,1,1,277.636291503906,315.549987792969,0.143065959215164
35,1,1,4,1,1,15329,33.4599990844727,0,3,1,1,1,131.411010742188,249.070007324219,0.143197506666183
47,0,1,4,1,1,15330,55.4300003051758,0,1,1,3,1,188.181655883789,231.149993896484,0.169928267598152
46,1,1,2,1,1,15332,48.3600006103516,0,1,1,NA,0,41.9468193054199,0,0.100463390350342
38,1,1,3,1,1,15335,78.4885711669922,0,2,2,3,1,488.489898681641,437.209991455078,0.021237351000309
59,1,1,4,1,1,15339,61.4300003051758,0,3,2,NA,1,36.1672096252441,0,0.0775713175535202
54,0,1,2,1,1,15340,19.7199993133545,1,1,1,NA,0,14.0030269622803,0,0.139179348945618
55,1,1,2,1,1,15344,108.835670471191,0,1,1,1,0,710.142822265625,599.080017089844,0.145955368876457
49,1,1,1,1,1,15345,151.234451293945,0,4,1,1,0,968.123657226562,845.789978027344,0.0851575210690498
48,1,1,1,1,1,15346,42.7200012207031,1,1,2,3,0,206.087448120117,279.149993896484,0.0136091280728579
51,1,1,3,1,1,15348,31.9045810699463,1,2,1,1,1,416.983520507812,386.049987792969,0.15426367521286
40,0,1,3,1,1,15349,98.4698333740234,0,3,1,2,1,466.048187255859,414,0.115057609975338
49,1,1,1,1,1,15350,107.79061126709,0,1,3,3,0,870.276733398438,821.919982910156,0.0143819181248546
49,1,1,1,1,1,15351,NA,NA,NA,NA,NA,0,0,0,NA
41,0,1,4,1,1,15352,100.690002441406,0,5,1,1,1,369.1201171875,365.140014648438,0.149297088384628
49,0,1,3,1,1,15354,77.5899963378906,0,1,1,NA,1,56.3311576843262,0,0.143424808979034
48,1,1,1,1,1,15356,48.6500015258789,0,1,3,3,0,230.060913085938,375.190002441406,0.0136091280728579
39,1,1,3,1,1,15360,59.9300003051758,0,1,1,NA,1,88.6927719116211,0,0.113462187349796
50,1,1,1,1,1,15361,108.370002746582,0,1,2,2,0,499.610870361328,467.899993896484,0.0152560928836465
53,1,1,1,1,1,15362,NA,NA,NA,NA,NA,0,0,0,NA
50,1,1,1,1,1,15363,63.1881713867188,0,1,3,3,0,925.794128417969,806.609985351562,0.0152560928836465
NA,1,1,4,1,1,15368,102.25,0,4,1,1,1,392.594207763672,430.760009765625,0.144536748528481
47,1,1,3,1,1,15369,189.086181640625,0,1,2,3,1,1238.00476074219,1162.28002929688,0.0271882247179747
62,1,1,2,1,1,15370,59.3389511108398,1,1,2,3,0,646.022094726562,624.349975585938,0.0546697340905666
55,1,1,2,1,1,15371,105.569999694824,0,1,1,3,0,410.617309570312,420.920013427734,0.145955368876457
43,0,1,1,1,1,15372,47.9599990844727,0,1,1,2,0,240.973098754883,334.980010986328,0.0701596885919571
52,1,1,1,1,1,15373,68.879997253418,0,1,1,NA,0,110.162109375,0,0.0974532663822174
49,1,1,2,1,1,15376,41.1399993896484,1,1,3,3,0,180.605575561523,227.949996948242,0.020953880622983
53,1,1,1,1,1,15378,62.9199981689453,0,1,1,NA,0,90.3008499145508,0,0.10242211073637
48,1,1,3,1,1,15380,61.9099998474121,0,3,2,2,1,252.173965454102,259.859985351562,0.0284663792699575
NA,1,1,2,1,1,15381,66.6500015258789,1,1,3,2,0,263.369506835938,259.839996337891,0.0303501505404711
57,1,1,4,1,1,15382,NA,NA,NA,NA,NA,1,0,0,NA
48,1,1,3,1,1,15384,81.4000701904297,0,2,2,3,1,563.635803222656,577.469970703125,0.0284663792699575
49,1,1,3,1,1,15387,48.7000007629395,0,2,1,3,1,205.280059814453,261.309997558594,0.143065959215164
45,1,1,2,1,1,15388,88.879997253418,0,1,1,NA,0,131.023101806641,0,0.0975597128272057
54,1,1,1,1,1,15389,NA,NA,NA,NA,NA,0,0,0,NA
47,1,1,2,1,1,15391,58.0499992370605,0,1,1,2,0,251.923049926758,312.959991455078,0.10372956097126
53,1,1,1,1,1,15392,63.6800003051758,0,1,1,NA,0,55.3102035522461,0,0.10242211073637
54,0,1,2,1,1,15393,45.7700004577637,1,1,1,1,0,169.485961914062,197.279998779297,0.139179348945618
45,1,1,1,1,1,15395,69.4000015258789,0,1,1,NA,0,65.6974182128906,0,0.0738287270069122
41,1,1,1,1,1,15400,66.9800033569336,0,1,1,1,0,323.519714355469,381.929992675781,0.0670847371220589
52,1,1,2,1,1,15401,117.469619750977,0,1,3,3,0,489.780548095703,500.929992675781,0.0250304825603962
34,1,1,1,1,1,15402,28.6599998474121,0,2,1,1,0,151.151138305664,192.149993896484,0.0641020387411118
45,1,1,2,1,1,15404,37.4799995422363,0,1,1,NA,0,35.6557273864746,0,0.0975597128272057
48,1,1,1,1,1,15406,71.1800003051758,0,1,1,1,0,337.593475341797,350.140014648438,0.0818314552307129
48,1,1,1,1,1,15407,37.2700004577637,0,1,2,NA,0,38.0654678344727,0,0.0136091280728579
NA,1,1,1,1,1,15408,54.4000015258789,1,1,1,1,0,211.619018554688,228.350006103516,0.144536748528481
55,1,1,3,1,1,15409,NA,NA,NA,NA,NA,1,0,0,NA
45,1,1,3,1,1,15412,71.7399978637695,0,3,3,3,1,303.175872802734,336.700012207031,0.025066651403904
47,1,1,3,1,1,15415,NA,NA,NA,NA,NA,1,0,0,NA
37,1,1,2,1,1,15416,92.6100006103516,0,1,3,2,0,433.546997070312,433.010009765625,0.0144646111875772
45,1,1,3,1,1,15417,41.8600006103516,0,2,2,3,1,185.473968505859,270.579986572266,0.025066651403904
48,1,1,2,1,1,15418,106.230003356934,0,1,1,NA,0,80.9832611083984,0,0.107379741966724
49,1,1,2,1,1,15420,61.060001373291,0,1,1,NA,0,52.455638885498,0,0.111437477171421
40,0,1,2,1,1,15421,65.6699981689453,0,1,1,1,0,286.184326171875,358,0.0881340354681015
39,1,1,4,1,1,15422,103.75,0,5,2,2,1,403.809936523438,340,0.0306336097419262
36,1,1,3,1,1,15423,202.122222900391,0,1,3,3,1,1568.63513183594,1367.2900390625,0.0209834855049849
45,0,1,2,1,1,15426,47.7599983215332,0,1,1,1,0,206.319320678711,345.450012207031,0.0978336408734322
56,1,1,2,1,1,15429,66.1699981689453,1,3,1,1,0,249.141647338867,322.799987792969,0.153719335794449
58,1,1,1,1,1,15430,65.3600006103516,0,1,1,NA,0,52.8059768676758,0,0.135398343205452
45,1,1,2,1,1,15433,65.2815093994141,0,1,3,3,0,919.75341796875,856.030029296875,0.0173819325864315
63,1,1,3,1,1,15434,112.610000610352,0,1,1,NA,1,52.8053207397461,0,0.278135746717453
60,1,1,1,1,1,15435,47.7700004577637,1,1,3,3,0,204.385955810547,260.070007324219,0.0329997949302197
50,1,1,1,1,1,15437,89.6399993896484,0,1,1,NA,0,160.785263061523,0,0.0888515189290047
44,1,1,1,1,1,15441,63.4500007629395,0,1,3,3,0,312.997436523438,487.839996337891,0.0113522093743086
46,1,1,4,1,1,15442,29.5100002288818,1,3,1,2,1,109.478797912598,155.809997558594,0.164936676621437
46,1,1,3,1,1,15444,44.6399993896484,0,2,1,1,1,179.863021850586,241.990005493164,0.12994684278965
44,1,1,3,1,1,15445,63.5299987792969,0,1,3,NA,1,53.5304260253906,0,0.0242007970809937
53,1,1,3,1,1,15446,NA,NA,NA,NA,NA,1,0,0,NA
49,1,1,1,1,1,15447,66.6100006103516,0,2,2,3,0,320.179595947266,403.630004882812,0.0143819181248546
46,0,1,4,1,1,15448,86.6699981689453,0,3,1,2,1,305.508850097656,315.640014648438,0.165330946445465
57,1,1,1,1,1,15450,86.2399978637695,0,1,1,1,0,347.088653564453,333.200012207031,0.127583175897598
55,1,1,3,1,1,15451,68.629997253418,0,2,1,1,1,235.133239746094,290.510009765625,0.183617144823074
56,1,1,4,1,1,15452,NA,NA,NA,NA,NA,1,0,0,NA
41,0,1,3,1,1,15453,40.9500007629395,0,3,2,3,1,179.46272277832,273.890014648438,0.0223619379103184
43,0,1,1,1,1,15454,42.75,0,1,1,1,0,192.674270629883,223.820007324219,0.0701596885919571
56,1,1,4,1,1,15455,101.032104492188,0,5,1,2,1,651.066772460938,590.169982910156,0.236975729465485
NA,NA,1,2,1,1,15458,38.6599998474121,1,1,2,NA,0,30.5465049743652,0,0.0303501505404711
54,1,1,3,1,1,15459,80.1100006103516,0,4,1,1,1,289.361419677734,359.160003662109,0.175325334072113
59,1,1,1,1,1,15460,81.2900009155273,0,1,1,NA,0,74.7352447509766,0,0.143912896513939
43,1,1,4,1,1,15462,60.2599983215332,0,2,1,1,1,234.809646606445,266.829986572266,0.154013589024544
56,1,1,1,1,1,15464,51.062744140625,1,4,1,1,0,463.453308105469,487.630004882812,0.120421066880226
41,1,1,3,1,1,15465,38.655403137207,0,2,3,2,1,481.536804199219,472.609985351562,0.0222775880247355
41,0,1,1,1,1,15467,81.6999969482422,0,1,3,3,0,395.934051513672,396.739990234375,0.0103946607559919
46,1,1,3,1,1,15468,110.129997253418,0,2,1,2,1,432.779235839844,510.459991455078,0.12994684278965
37,1,1,3,1,1,15470,165.674346923828,0,3,2,3,1,845.730529785156,810.090026855469,0.0210679080337286
52,1,1,3,1,1,15471,41.810001373291,1,1,1,2,1,153.612518310547,194.529998779297,0.160683274269104
39,1,1,1,1,1,15472,46.8300018310547,0,1,1,1,0,236.74462890625,344.5,0.0651568323373795
51,1,1,1,1,1,15475,50.2599983215332,0,1,2,NA,0,46.5265960693359,0,0.0162429753690958
43,1,1,1,1,1,15476,79.3399963378906,0,1,2,2,0,402.028381347656,356.299987792969,0.0109612951055169
40,1,1,4,1,1,15477,64.7300033569336,0,4,2,2,1,255.109985351562,274.380004882812,0.0310982502996922
47,1,1,2,1,1,15478,118.658561706543,0,1,2,3,0,896.707214355469,796.900024414062,0.0189423989504576
46,1,1,4,1,1,15482,105.919998168945,0,4,1,1,1,378.59375,402.220001220703,0.164936676621437
55,1,1,1,1,1,15483,14.6999998092651,1,1,1,NA,0,14.2263355255127,0,0.113867744803429
60,1,1,1,1,1,15487,450.339996337891,0,3,1,NA,0,32.6830062866211,0,0.153175085783005
50,1,1,2,1,1,15488,33.2999992370605,1,1,1,1,0,145.360000610352,206.990005493164,0.11592873185873
49,1,1,4,1,1,15489,46.439998626709,1,4,1,1,1,158.679107666016,354.299987792969,0.180260613560677
51,1,1,3,1,1,15492,41.7900009155273,1,2,2,2,1,180.183258056641,262.049987792969,0.033339399844408
44,0,1,2,1,1,15493,138.730834960938,0,1,3,3,0,664.763244628906,613.010009765625,0.0168137196451426
52,0,1,1,1,1,15495,60.5,0,1,1,NA,0,50.340690612793,0,0.097726970911026
45,0,1,2,1,1,15497,107.150001525879,0,1,3,3,0,465.361480712891,481.010009765625,0.0174502655863762
50,1,1,2,1,1,15499,86.9899978637695,0,1,1,NA,0,115.999069213867,0,0.11592873185873
48,1,1,1,1,1,15500,80.1699981689453,0,1,2,3,0,379.311401367188,353.070007324219,0.0136091280728579
40,1,1,2,1,1,15501,40.5499992370605,0,1,1,1,0,201.492584228516,309.640014648438,0.0878804698586464
NA,1,1,1,1,1,15502,47.5499992370605,0,1,2,2,0,203.15022277832,188.229995727539,0.0303501505404711
57,1,1,3,1,1,15503,61.8499984741211,0,2,1,NA,1,40.4268569946289,0,0.202325507998466
55,1,1,4,1,1,15506,NA,NA,NA,NA,NA,1,0,0,NA
50,0,1,4,1,1,15507,31.25,0,4,1,NA,1,19.5916481018066,0,0.186879724264145
43,1,1,3,1,1,15508,54.1500015258789,0,3,1,1,1,217.791931152344,316.649993896484,0.120670042932034
50,1,1,1,1,1,15509,44.2299995422363,1,2,3,3,0,220.37451171875,221.070007324219,0.0152560928836465
38,1,1,3,1,1,15517,129.319869995117,0,1,2,3,1,758.913024902344,689.880004882812,0.021237351000309
53,1,1,3,1,1,15518,25.4300003051758,1,4,1,1,1,105.23713684082,187.470001220703,0.16769252717495
46,1,1,3,1,1,15519,60.7999992370605,0,2,1,NA,1,49.009391784668,0,0.12994684278965
47,1,1,3,1,1,15520,44.9700012207031,0,3,1,2,1,180.863510131836,304.190002441406,0.133864060044289
41,1,1,4,1,1,15522,40.8400001525879,0,3,2,3,1,168.835800170898,251.559997558594,0.0316871404647827
49,1,1,2,1,1,15523,68.0365600585938,0,2,1,3,0,761.846130371094,696.239990234375,0.111437477171421
55,0,1,3,1,1,15525,52.9099998474121,1,4,3,3,1,184.309127807617,328.179992675781,0.0431181564927101
39,1,1,1,1,1,15526,44.9500007629395,0,1,1,1,0,225.23112487793,259.450012207031,0.0651568323373795
NA,1,1,3,1,1,15528,47.939998626709,0,1,3,3,1,197.290130615234,289.720001220703,0.0303501505404711
52,1,1,1,1,1,15530,41.5400009155273,1,1,3,3,0,204.315979003906,252.279998779297,0.017355402931571
44,1,1,2,1,1,15531,73.8099975585938,0,1,1,1,0,328.479888916016,289.609985351562,0.0949993953108788
53,1,1,4,1,1,15532,95.9800033569336,0,4,1,3,1,302.542999267578,347.480010986328,0.208668306469917
44,1,1,4,1,1,15533,66.3300018310547,0,2,1,1,1,250.167541503906,248.039993286133,0.157199114561081
49,1,1,4,1,1,15534,75.7600021362305,0,3,1,NA,1,51.6435928344727,0,0.180260613560677
40,1,1,3,1,1,15538,76.4199981689453,0,2,2,2,1,332.170501708984,338.709991455078,0.0218391101807356
52,1,1,4,1,1,15544,33.2700004577637,1,3,2,3,1,127.474166870117,322.119995117188,0.0489727929234505
53,1,1,4,1,1,15545,NA,NA,NA,NA,NA,1,0,0,NA
40,1,1,1,1,1,15547,NA,NA,NA,NA,NA,0,0,0,NA
53,1,1,4,1,1,15550,NA,NA,NA,NA,NA,1,0,0,NA
51,1,1,3,1,1,15553,31.5100002288818,0,3,2,NA,1,26.4085273742676,0,0.033339399844408
38,1,1,4,1,1,15555,97.6900024414062,0,2,3,2,1,381.633697509766,332.829986572266,0.0302888359874487
60,0,1,2,1,1,15557,NA,NA,NA,NA,NA,0,0,0,NA
53,1,1,1,1,1,15558,86.370002746582,0,1,2,3,0,378.245178222656,469.399993896484,0.0186080075800419
47,0,1,3,1,1,15559,44.2999992370605,0,2,1,1,1,165.075088500977,206.080001831055,0.134207084774971
49,0,1,3,1,1,15560,56.5299987792969,0,3,1,NA,1,41.234317779541,0,0.143424808979034
57,1,1,1,1,1,15561,80.9261169433594,0,1,3,3,0,571.506408691406,524.359985351562,0.025385744869709
45,1,1,1,1,1,15562,24.25,1,1,1,2,0,116.734184265137,165.929992675781,0.0738287270069122
46,1,1,2,1,1,15566,104.097045898438,0,1,3,3,0,591.128234863281,586.599975585938,0.0181107763200998
45,1,1,1,1,1,15567,99.9000015258789,0,3,1,3,0,466.687469482422,446.160003662109,0.0738287270069122
54,1,1,3,1,1,15568,67.3099975585938,0,4,1,1,1,235.853576660156,249.970001220703,0.175325334072113
47,1,1,3,1,1,15569,55.2799987792969,0,3,1,1,1,219.546051025391,228.600006103516,0.133864060044289
45,1,1,3,1,1,15570,110.658073425293,0,1,2,2,1,738.446105957031,694.359985351562,0.025066651403904
49,1,1,2,1,1,15571,78.0560989379883,0,1,2,3,0,806.341369628906,734.299987792969,0.020953880622983
54,1,1,4,1,1,15572,49.3499984741211,1,4,3,3,1,170.075775146484,201.529998779297,0.0551807284355164
52,1,1,4,1,1,15573,94.9100036621094,0,3,2,2,1,317.107391357422,317.359985351562,0.0489727929234505
49,1,1,1,1,1,15578,30.5100002288818,0,1,1,NA,0,27.9294090270996,0,0.0851575210690498
47,1,1,4,1,1,15579,102.290000915527,0,4,1,1,1,362.602294921875,423.790008544922,0.169526964426041
60,1,1,3,1,1,15580,17.1700000762939,1,3,1,NA,1,10.9189805984497,0,0.236266508698463
50,1,1,1,1,1,15581,61.3600006103516,0,1,1,1,0,285.966766357422,402.359985351562,0.0888515189290047
59,1,1,3,1,1,15584,69.4300003051758,0,2,1,NA,1,42.1933517456055,0,0.224118784070015
50,1,1,2,1,1,15585,36.0191307067871,1,1,2,2,0,542.894958496094,520.390014648438,0.0221572518348694
55,1,1,3,1,1,15586,43.0999984741211,1,1,1,2,1,147.49006652832,275.040008544922,0.183617144823074
49,1,1,1,1,1,15587,83.0599975585938,0,2,2,2,0,383.174346923828,432.399993896484,0.0143819181248546
56,0,1,4,1,1,15589,50.5099983215332,1,4,3,3,1,149.438735961914,319.5,0.0630092397332191
44,0,1,2,1,1,15590,75.3000030517578,0,1,3,3,0,332.473205566406,360.429992675781,0.0168137196451426
46,1,1,2,1,1,15593,50.8600006103516,0,2,3,3,0,229.082244873047,329.320007324219,0.0181107763200998
47,1,1,4,1,1,15595,109.050003051758,0,2,3,3,1,396.350952148438,360.899993896484,0.0382344610989094
58,1,1,3,1,1,15596,103.180000305176,0,3,2,3,1,335.369812011719,337.890014648438,0.0534593127667904
37,1,1,3,1,1,15597,22.2299995422363,0,1,1,2,1,101.903358459473,199.820007324219,0.111866742372513
49,1,1,4,1,1,15598,76.853515625,0,4,2,3,1,528.374816894531,546.549987792969,0.0418251156806946
49,1,1,3,1,1,15599,81.8899993896484,0,1,1,2,1,319.129852294922,440.839996337891,0.143065959215164
NA,1,1,4,1,1,15600,32.6199989318848,0,5,1,NA,1,24.8567199707031,0,0.144536748528481
51,0,1,3,1,1,15602,53.6061401367188,0,4,1,1,1,459.283721923828,438.299987792969,0.154641062021255
46,1,1,4,1,1,15604,58.4599990844727,0,1,2,2,1,225.842788696289,263.700012207031,0.0367362052202225
NA,1,1,3,1,1,15606,95.4265747070312,0,2,1,1,1,1069.25463867188,981.630004882812,0.144536748528481
47,1,1,3,1,1,15608,45.4099998474121,0,4,2,3,1,200.15559387207,234.429992675781,0.0271882247179747
NA,NA,1,4,1,1,15610,108.639999389648,0,3,1,NA,1,116.951614379883,0,0.144536748528481
44,1,1,3,1,1,15612,49.4099998474121,0,2,1,2,1,205.650436401367,216.919998168945,0.123368881642818
42,1,1,4,1,1,15613,56.6500015258789,0,3,1,1,1,216.619049072266,313.709991455078,0.151261359453201
47,1,1,4,1,1,15615,45.0200004577637,0,3,2,2,1,172.114212036133,231.479995727539,0.0382344610989094
52,1,1,1,1,1,15618,46.0571708679199,1,1,1,1,0,577.443176269531,526.400024414062,0.0974532663822174
50,1,1,2,1,1,15621,62.6800003051758,0,1,1,1,0,256.369293212891,277.829986572266,0.11592873185873
45,1,1,3,1,1,15622,75.5199966430664,0,3,1,1,1,299.326812744141,370.339996337891,0.126455187797546
47,1,1,1,1,1,15624,86.0599975585938,0,1,1,1,0,412.780609130859,431.829986572266,0.0788489952683449
49,1,1,3,1,1,15627,68.5,0,2,3,3,1,272.013793945312,282.579986572266,0.0299070440232754
46,1,1,3,1,1,15628,48.1599998474121,0,1,1,1,1,197.738067626953,224.529998779297,0.12994684278965
47,1,1,3,1,1,15629,72.7200012207031,0,1,2,2,1,298.043914794922,381.670013427734,0.0271882247179747
51,1,1,2,1,1,15631,170.660003662109,0,1,1,NA,0,68.939079284668,0,0.120881728827953
46,1,1,3,1,1,15632,22.2399997711182,1,1,3,3,1,108.990188598633,115.720001220703,0.026058966293931
41,1,1,2,1,1,15633,107.195495605469,0,1,3,3,0,514.872619628906,513.080017089844,0.0153436884284019
49,0,1,1,1,1,15634,18.2600002288818,1,1,2,3,0,98.5553741455078,155.720001220703,0.0144399981945753
55,1,1,3,1,1,15637,NA,NA,NA,NA,NA,1,0,0,NA
44,1,1,4,1,1,15638,59.1100006103516,0,4,2,3,1,225.051452636719,254.199996948242,0.0342614911496639
39,1,1,1,1,1,15639,84.0066604614258,0,1,2,2,0,1039.52355957031,920.609985351562,0.00994591135531664
48,1,1,2,1,1,15640,79.7241363525391,0,1,2,3,0,541.350341796875,520.169982910156,0.0198864433914423
40,1,1,4,1,1,15641,28.9699993133545,0,2,2,2,1,131.052474975586,215.949996948242,0.0310982502996922
28,1,1,2,1,1,15643,139.202529907227,0,1,1,2,0,872.730224609375,827.570007324219,0.0927526578307152
50,1,1,2,1,1,15644,39.0346183776855,1,2,1,1,0,519.113403320312,520.409973144531,0.11592873185873
53,1,1,3,1,1,15645,82.3099975585938,0,1,2,2,1,299.471740722656,306.239990234375,0.0376330204308033
40,0,1,3,1,1,15646,94.7900009155273,0,1,2,2,1,394.733520507812,387.130004882812,0.0219220574945211
51,1,1,3,1,1,15647,91.3399963378906,0,5,1,1,1,343.385437011719,417.109985351562,0.15426367521286
42,1,1,4,1,1,15649,101.650001525879,0,4,3,3,1,400.153167724609,480.470001220703,0.0324058644473553
38,1,1,2,1,1,15650,130.028442382812,0,1,3,3,0,1257.89196777344,1069.66003417969,0.0145875625312328
41,1,1,3,1,1,15651,178.79345703125,0,2,2,3,1,486.437652587891,504.170013427734,0.0222775880247355
53,1,1,2,1,1,15652,146.695236206055,0,1,2,3,0,735.357360839844,724.419982910156,0.0267345290631056
44,1,1,4,1,1,15655,50.75,0,1,3,3,1,197.684432983398,234.589996337891,0.0342614911496639
49,1,1,1,1,1,15658,53.2400016784668,0,1,2,3,0,258.522155761719,328.970001220703,0.0143819181248546
40,1,1,3,1,1,15659,101.699996948242,0,2,2,2,1,426.076507568359,483.309997558594,0.0218391101807356
39,1,1,2,1,1,15660,80.5599975585938,0,1,1,NA,0,72.9603576660156,0,0.0868212208151817
48,1,1,3,1,1,15661,100.379997253418,0,3,2,3,1,397.992767333984,466.839996337891,0.0284663792699575
40,0,1,4,1,1,15664,142.299774169922,0,3,1,1,1,629.50146484375,551.22998046875,0.147367998957634
45,1,1,4,1,1,15666,NA,NA,NA,NA,NA,1,0,0,NA
45,1,1,1,1,1,15667,80.2200012207031,0,2,1,2,0,383.826934814453,456.160003662109,0.0738287270069122
43,1,1,4,1,1,15670,43.810001373291,0,3,1,1,1,168.884780883789,222.139999389648,0.154013589024544
36,1,1,2,1,1,15671,81.8000030517578,0,2,2,2,0,378.822601318359,376.739990234375,0.0144033869728446
38,1,1,4,1,1,15672,106.23999786377,0,3,3,3,1,415.755340576172,362.510009765625,0.0302888359874487
NA,0,1,3,1,1,15675,43.3600006103516,0,2,2,3,1,164.632537841797,238,0.0303501505404711
52,1,1,4,1,1,15676,84.9300003051758,0,3,3,3,1,291.368255615234,292.119995117188,0.0489727929234505
40,1,1,4,1,1,15677,59.6699981689453,0,1,1,1,1,232.5224609375,268.079986572266,0.147002473473549
51,1,1,2,1,1,15678,53.0800018310547,1,1,1,2,0,222.552551269531,277.649993896484,0.120881728827953
48,1,1,4,1,1,15680,42.2900009155273,1,3,1,2,1,154.254470825195,158.199996948242,0.174626991152763
42,1,1,3,1,1,15684,14.7700004577637,1,2,2,2,1,90.1394577026367,153.990005493164,0.0228134952485561
46,1,1,1,1,1,15685,202.743545532227,0,1,2,3,0,610.094604492188,574.369995117188,0.0123294442892075
49,1,1,3,1,1,15686,74.0533142089844,0,3,1,1,1,659.075561523438,679.72998046875,0.143065959215164
44,1,1,1,1,1,15687,64.0280227661133,0,1,3,3,0,954.481262207031,860.22998046875,0.0113522093743086
34,1,1,2,1,1,15690,87.9800033569336,0,1,2,3,0,400.268676757812,377.369995117188,0.0144640561193228
50,1,1,1,1,1,15693,122.660003662109,0,2,1,NA,0,138.862884521484,0,0.0888515189290047
39,1,1,4,1,1,15694,97.2087478637695,0,4,2,3,1,546.552185058594,489.320007324219,0.0306336097419262
50,1,1,4,1,1,15695,54.5499992370605,0,3,2,2,1,202.490447998047,282.429992675781,0.0439522080123425
44,1,1,2,1,1,15696,148.17448425293,0,2,2,2,0,572.345520019531,513.75,0.016747523099184
47,1,1,2,1,1,15697,54.5829467773438,0,1,3,3,0,696.441223144531,633.650024414062,0.0189423989504576
46,1,1,4,1,1,15699,42.7400016784668,0,2,2,3,1,169.586059570312,276.459991455078,0.0367362052202225
39,0,1,2,1,1,15700,54.6500015258789,0,1,2,2,0,254.771469116211,323.260009765625,0.0148330135270953
49,0,1,2,1,1,15701,NA,NA,NA,NA,NA,0,0,0,NA
53,1,1,1,1,1,15703,43.9599990844727,1,2,1,2,0,192.056289672852,284.859985351562,0.10242211073637
51,1,1,1,1,1,15704,70.870002746582,0,1,1,1,0,321.271453857422,321.399993896484,0.0929403752088547
47,1,1,1,1,1,15708,84.1800003051758,0,1,2,3,0,407.171173095703,411.339996337891,0.0129278525710106
49,1,1,1,1,1,15709,74,0,1,2,NA,0,152.799514770508,0,0.0143819181248546
52,0,1,4,1,1,15712,47.3899993896484,1,4,2,3,1,161.855895996094,172.119995117188,0.0491340383887291
36,1,1,2,1,1,15713,34.0699996948242,0,1,2,3,0,172.238052368164,281.690002441406,0.0144033869728446
51,1,1,4,1,1,15715,NA,NA,NA,NA,NA,1,0,0,NA
55,0,1,3,1,1,15716,50.2999992370605,1,1,3,3,1,180.936065673828,219.339996337891,0.0431181564927101
46,1,1,3,1,1,15717,NA,NA,NA,NA,NA,1,0,0,NA
52,1,1,1,1,1,15718,93.0265426635742,0,1,1,1,0,1684.24169921875,1405.22998046875,0.0974532663822174
43,1,1,2,1,1,15719,50.75,0,1,3,3,0,237.342239379883,272.75,0.0162003077566624
34,1,1,3,1,1,15720,73.8499984741211,0,3,3,3,1,319.623168945312,337.510009765625,0.0210671331733465
48,1,1,1,1,1,15725,100.139999389648,0,1,1,1,0,450.775299072266,487.579986572266,0.0818314552307129
57,0,1,1,1,1,15726,97.1100006103516,0,1,2,3,0,393.053344726562,397.200012207031,0.0254798699170351
NA,NA,1,4,1,1,15728,70.75,0,5,1,2,1,270.886291503906,327.920013427734,0.144536748528481
41,0,1,1,1,1,15729,101.930000305176,0,1,2,3,0,497.769439697266,459.390014648438,0.0103946607559919
57,0,1,4,1,1,15730,104.220001220703,0,3,1,1,1,287.547729492188,499.980010986328,0.248416051268578
51,1,1,4,1,1,15732,52.2900009155273,1,4,1,1,1,181.612899780273,294.399993896484,0.193233087658882
55,1,1,1,1,1,15733,57.3600006103516,1,1,1,1,0,237.705429077148,306.420013427734,0.113867744803429
62,1,1,1,1,1,15734,20.9899997711182,1,1,1,1,0,83.2376403808594,159.699996948242,0.174141094088554
37,1,1,4,1,1,15737,163.6103515625,0,5,1,2,1,818.6181640625,786.130004882812,0.143576696515083
52,1,1,2,1,1,15739,NA,NA,NA,NA,NA,0,0,0,NA
42,1,1,1,1,1,15740,105.139999389648,0,1,1,1,0,505.387451171875,471.920013427734,0.0683941096067429
47,0,1,1,1,1,15743,21.7000007629395,1,1,3,2,0,101.579193115234,236.800003051758,0.0129808392375708
42,1,1,1,1,1,15744,52.9099998474121,0,2,1,1,0,262.3818359375,297.75,0.0683941096067429
38,1,1,3,1,1,15746,78.983512878418,0,2,3,2,1,796.901245117188,780.969970703125,0.021237351000309
47,1,1,4,1,1,15749,59.4500007629395,0,3,1,1,1,212.085327148438,212.289993286133,0.169526964426041
44,1,1,1,1,1,15751,101.919998168945,0,2,1,1,0,493.302673339844,513.669982910156,0.0717533752322197
41,1,1,4,1,1,15757,41.9700012207031,0,3,1,1,1,161.428009033203,160.059997558594,0.148928374052048
63,0,1,3,1,1,15759,41.7000007629395,1,2,2,3,1,117.266746520996,221.330001831055,0.0804103091359138
61,0,1,1,1,1,15760,85.8499984741211,1,2,1,1,0,304.861175537109,315.679992675781,0.16362601518631
52,0,1,4,1,1,15761,30.6200008392334,1,3,1,1,1,93.1675186157227,133.649993896484,0.201073586940765
48,1,1,4,1,1,15763,44.9300003051758,0,3,1,1,1,166.108184814453,317.049987792969,0.174626991152763
43,1,1,3,1,1,15764,99.2799987792969,0,1,1,3,1,401.612915039062,374.329986572266,0.120670042932034
37,1,1,1,1,1,15765,45.1199989318848,0,2,1,1,0,245.724166870117,356.649993896484,0.0641039609909058
58,1,1,4,1,1,15766,90.4350891113281,0,2,2,3,1,368.500701904297,426.959991455078,0.072155237197876
NA,NA,1,1,1,1,15767,113.412704467773,0,1,3,3,0,505.649505615234,507.269989013672,0.0303501505404711
60,1,1,3,1,1,15769,NA,NA,NA,NA,NA,1,0,0,NA
54,1,1,4,1,1,15771,102.589996337891,0,4,1,2,1,334.288726806641,391.200012207031,0.217385172843933
42,1,1,1,1,1,15772,72.5376129150391,0,1,3,3,0,1448.8046875,1315.93005371094,0.0106288930401206
52,1,1,1,1,1,15774,93.1100006103516,0,1,1,1,0,413.464080810547,469.880004882812,0.0974532663822174
35,1,1,2,1,1,15775,131.269760131836,0,2,2,2,0,781.979187011719,729.900024414062,0.0144031969830394
51,1,1,2,1,1,15777,70.0500030517578,0,1,2,3,0,297.186828613281,271.239990234375,0.0235107559710741
53,1,1,1,1,1,15778,NA,NA,NA,NA,NA,0,0,0,NA
54,1,1,1,1,1,15779,104.180000305176,0,1,1,1,0,435.032623291016,517.359985351562,0.107881277799606
36,1,1,1,1,1,15781,48.7799987792969,0,2,1,1,0,245.690719604492,292.109985351562,0.0638945922255516
37,1,1,1,1,1,15783,106.199996948242,0,1,1,1,0,509.495513916016,440.410003662109,0.0641039609909058
42,1,1,4,1,1,15785,48.9799995422363,0,5,2,3,1,196.361968994141,237.339996337891,0.0324058644473553
57,1,1,3,1,1,15786,33.810001373291,1,2,1,NA,1,22.3570899963379,0,0.202325507998466
43,1,1,4,1,1,15789,76.3000030517578,0,1,3,3,1,307.579498291016,385.839996337891,0.0332612656056881
43,1,1,2,1,1,15790,43.810001373291,0,1,1,2,0,195.209350585938,184.630004882812,0.0927653014659882
40,1,1,3,1,1,15791,88.2600021362305,0,3,2,3,1,380.22802734375,363.25,0.0218391101807356
61,1,1,3,1,1,15792,45.8300018310547,1,1,3,NA,1,29.5035400390625,0,0.067820630967617
50,1,1,3,1,1,15793,47.7900009155273,1,2,2,3,1,201.825210571289,219.220001220703,0.0315255858004093
50,1,1,4,1,1,15794,22.3600006103516,1,1,3,3,1,89.1911468505859,231.800003051758,0.0439522080123425
48,1,1,1,1,1,15795,80.629997253418,0,1,3,3,0,380.179016113281,454.190002441406,0.0136091280728579
46,1,1,4,1,1,15797,52.6199989318848,0,3,2,2,1,200.97444152832,296.5,0.0367362052202225
45,1,1,4,1,1,15800,43.3833274841309,0,4,2,2,1,922.447387695312,780.190002441406,0.0354161076247692
53,1,1,3,1,1,15801,34.689998626709,1,1,3,3,1,135.859008789062,213.139999389648,0.0376330204308033
48,1,1,1,1,1,15802,NA,NA,NA,NA,NA,0,0,0,NA
53,1,1,1,1,1,15805,83.8899993896484,0,1,3,3,0,371.475616455078,381.839996337891,0.0186080075800419
49,1,1,3,1,1,15808,101.839912414551,0,1,1,1,1,689.428344726562,639.77001953125,0.143065959215164
44,1,1,1,1,1,15809,109.569999694824,0,1,2,2,0,527.213073730469,559.299987792969,0.0113522093743086
48,0,1,4,1,1,15810,71.0100021362305,0,3,1,1,1,238.009170532227,320.029998779297,0.175035938620567
44,1,1,1,1,1,15813,45.4799995422363,0,3,1,1,0,231.305847167969,229.639999389648,0.0717533752322197
36,1,1,4,1,1,15816,95.7200012207031,0,2,3,3,1,374.813568115234,456.720001220703,0.0299469325691462
44,1,1,2,1,1,15817,111.389999389648,0,1,3,3,0,493.873016357422,527.190002441406,0.016747523099184
49,1,1,2,1,1,15819,NA,NA,NA,NA,NA,0,0,0,NA
51,1,1,2,1,1,15820,85.8099975585938,0,1,2,3,0,362.352264404297,356.630004882812,0.0235107559710741
44,1,1,4,1,1,15821,41.0200004577637,0,4,1,1,1,158.630599975586,232.5,0.157199114561081
52,1,1,4,1,1,15823,41.7799987792969,1,2,1,2,1,142.181533813477,198.929992675781,0.200628027319908
38,1,1,1,1,1,15824,79.812614440918,0,3,3,3,0,896.228332519531,819.75,0.00981395877897739
47,1,1,3,1,1,15827,41.6199989318848,0,2,1,1,1,168.521255493164,231.619995117188,0.133864060044289
40,0,1,4,1,1,15831,43.8300018310547,0,2,2,2,1,169.185928344727,218.770004272461,0.0312097109854221
51,1,1,2,1,1,15832,115.587760925293,0,1,3,3,0,854.845275878906,781.380004882812,0.0235107559710741
52,0,1,2,1,1,15833,40.1300010681152,1,1,3,3,0,162.889892578125,358.329986572266,0.0251234993338585
46,0,1,2,1,1,15836,31.0300006866455,1,4,1,1,0,135.528259277344,168.759994506836,0.10074320435524
54,1,1,4,1,1,15840,54.4500007629395,1,4,2,3,1,186.076354980469,202.75,0.0551807284355164
50,1,1,2,1,1,15841,405.700012207031,0,1,1,1,0,164.014434814453,156.990005493164,0.11592873185873
50,1,1,4,1,1,15842,11.3000001907349,1,3,1,1,1,52.800407409668,225.820007324219,0.186453565955162
49,1,1,3,1,1,15843,46.5999984741211,0,3,1,2,1,186.960021972656,224.419998168945,0.143065959215164
51,1,1,1,1,1,15844,86.6900024414062,0,1,2,2,0,390.040008544922,412.920013427734,0.0162429753690958
43,1,1,4,1,1,15845,NA,NA,NA,NA,NA,1,0,0,NA
56,1,1,3,1,1,15846,65.9800033569336,0,2,2,NA,1,104.810623168945,0,0.0461049638688564
52,1,1,4,1,1,15847,40.0299987792969,1,3,1,1,1,136.630142211914,175.990005493164,0.200628027319908
49,1,1,4,1,1,15848,63.8495712280273,0,4,1,3,1,699.646789550781,649.799987792969,0.180260613560677
48,1,1,4,1,1,15850,51.7900009155273,0,4,1,3,1,189.00520324707,207.229995727539,0.174626991152763
46,0,1,2,1,1,15851,40.75,0,1,2,2,0,182.924423217773,216.570007324219,0.018181536346674
45,1,1,1,1,1,15852,102.790000915527,0,1,3,3,0,489.780364990234,548.080017089844,0.0118063986301422
62,1,1,2,1,1,15854,NA,NA,NA,NA,NA,0,0,0,NA
45,0,1,1,1,1,15858,40.0200004577637,0,1,3,3,0,198.020660400391,265.579986572266,0.0118553740903735
52,1,1,1,1,1,15864,73.7799987792969,0,1,3,3,0,341.995880126953,329.130004882812,0.017355402931571
52,1,1,2,1,1,15865,NA,NA,NA,NA,NA,0,0,0,NA
51,0,1,1,1,1,15866,43,1,1,1,1,0,186.556976318359,251.690002441406,0.0932046547532082
52,1,1,4,1,1,15867,78.5500030517578,0,3,2,3,1,270.997894287109,310.809997558594,0.0489727929234505
45,1,1,1,1,1,15871,76.5699996948242,0,1,2,NA,0,74.1185836791992,0,0.0118063986301422
52,1,1,1,1,1,15872,205.702819824219,0,1,2,2,0,555.869567871094,605.580017089844,0.017355402931571
42,1,1,1,1,1,15875,51.4900016784668,0,2,2,2,0,267.524383544922,275.929992675781,0.0106288930401206
56,0,1,1,1,1,15876,81.3899993896484,0,1,1,3,0,323.682952880859,321.179992675781,0.120739750564098
43,1,1,2,1,1,15877,48.6100006103516,0,2,1,NA,0,42.3603858947754,0,0.0927653014659882
40,1,1,4,1,1,15879,NA,NA,NA,NA,NA,1,0,0,NA
43,1,1,2,1,1,15881,38.2000007629395,0,1,2,3,0,185.001708984375,236.740005493164,0.0162003077566624
51,1,1,2,1,1,15882,35.9099998474121,1,3,2,3,0,154.6162109375,228.740005493164,0.0235107559710741
45,1,1,1,1,1,15885,42.6599998474121,0,1,2,3,0,213.56982421875,285.25,0.0118063986301422
44,1,1,2,1,1,15886,24.1499996185303,1,1,3,3,0,125.998046875,212.619995117188,0.016747523099184
57,1,1,2,1,1,15887,50.2299995422363,1,1,2,3,0,195.469253540039,299.790008544922,0.0358409658074379
49,1,1,3,1,1,15889,60.8923683166504,0,1,1,2,1,496.637786865234,448.859985351562,0.143065959215164
51,1,1,3,1,1,15890,30.6800003051758,0,3,1,NA,1,23.7887687683105,0,0.15426367521286
44,1,1,4,1,1,15893,72.7099990844727,0,2,2,3,1,282.596832275391,336.769989013672,0.0342614911496639
NA,1,1,4,1,1,15894,64.2799987792969,0,3,1,1,1,247.065155029297,241.169998168945,0.144536748528481
45,1,1,2,1,1,15895,105.120002746582,0,1,2,3,0,461.846466064453,475.679992675781,0.0173819325864315
38,1,1,1,1,1,15897,91.7996520996094,0,2,3,3,0,555.744140625,602.219970703125,0.00981395877897739
50,1,1,2,1,1,15898,44.8600006103516,1,1,2,2,0,194.124969482422,238.639999389648,0.0221572518348694
51,1,1,1,1,1,15899,41.0699996948242,1,2,1,1,0,195.788604736328,225.690002441406,0.0929403752088547
50,0,1,4,1,1,15901,81.5,0,4,1,1,1,271.012084960938,313.450012207031,0.186879724264145
34,1,1,3,1,1,15903,57.379524230957,0,3,1,3,1,471.658111572266,503.859985351562,0.111863829195499
NA,NA,1,1,1,1,15904,41.1100006103516,0,2,1,1,0,168.123199462891,287,0.144536748528481
48,0,1,4,1,1,15906,41.1699981689453,1,1,3,3,1,151.359024047852,184.679992675781,0.0400621071457863
46,1,1,4,1,1,15907,46.75,0,5,2,2,1,185.099975585938,267.769989013672,0.0367362052202225
44,0,1,1,1,1,15908,74.5835876464844,0,2,1,2,0,814.847534179688,728.599975585938,0.0719708874821663
45,1,1,1,1,1,15910,54.6399993896484,0,2,2,3,0,266.374389648438,338.989990234375,0.0118063986301422
50,0,1,2,1,1,15911,53.3199996948242,0,2,2,2,0,225.471221923828,289.089996337891,0.0222412180155516
48,0,1,1,1,1,15912,93.4330368041992,0,1,2,2,0,848.73876953125,822.650024414062,0.0136645175516605
52,1,1,1,1,1,15914,71.6987762451172,0,1,3,3,0,908.793334960938,839.900024414062,0.017355402931571
48,1,1,1,1,1,15916,161.808853149414,0,1,2,2,0,939.759887695312,872.02001953125,0.0136091280728579
55,1,1,1,1,1,15917,129.944076538086,0,1,1,2,0,1241.17370605469,1038.22998046875,0.113867744803429
57,0,1,4,1,1,15918,45.9500007629395,1,3,1,1,1,128.331314086914,169.720001220703,0.248416051268578
57,1,1,3,1,1,15920,NA,NA,NA,NA,NA,1,0,0,NA
NA,1,1,4,1,1,15923,24.9699993133545,1,4,3,3,1,115.407554626465,153.740005493164,0.0303501505404711
45,1,1,3,1,1,15926,93.1100006103516,0,1,1,2,1,373.460601806641,433.160003662109,0.126455187797546
54,1,1,4,1,1,15927,NA,NA,NA,NA,NA,1,0,0,NA
36,1,1,3,1,1,15929,106.580001831055,0,1,3,3,1,454.352020263672,482.450012207031,0.0209834855049849
38,1,1,2,1,1,15930,408.779998779297,0,3,1,1,0,181.848022460938,248.649993896484,0.0860328748822212
48,1,1,4,1,1,15931,57.823844909668,0,2,2,2,1,783.85009765625,686.969970703125,0.0399253256618977
41,0,1,2,1,1,15932,81.2300033569336,0,2,1,1,0,362.491912841797,427.720001220703,0.0894742757081985
53,1,1,1,1,1,15933,53.8699989318848,1,1,1,2,0,236.184112548828,276.029998779297,0.10242211073637
47,1,1,1,1,1,15934,34.1100006103516,1,1,2,2,0,186.344360351562,243.279998779297,0.0129278525710106
43,0,1,4,1,1,15935,40.4500007629395,0,3,1,2,1,146.570587158203,245.75,0.15439061820507
42,1,1,1,1,1,15938,69.629997253418,0,3,1,1,0,344.944854736328,355.670013427734,0.0683941096067429
50,0,1,1,1,1,15940,59.310001373291,0,1,1,NA,0,52.2184562683105,0,0.0891071707010269
44,0,1,1,1,1,15941,40.0999984741211,0,1,1,1,0,198.328323364258,313.519989013672,0.0719708874821663
48,1,1,3,1,1,15942,45.1699981689453,0,1,2,3,1,189.182037353516,298.609985351562,0.0284663792699575
46,0,1,1,1,1,15943,73.8885192871094,0,1,3,3,0,1069.07824707031,933.640014648438,0.0123803000897169
55,1,1,1,1,1,15946,55.1300010681152,1,1,1,1,0,229.100173950195,307.440002441406,0.113867744803429
50,1,1,4,1,1,15948,98.3199996948242,0,3,2,2,1,343.080078125,423.600006103516,0.0439522080123425
65,1,1,4,1,1,15949,NA,NA,NA,NA,NA,1,0,0,NA
56,1,1,2,1,1,15953,79.2099990844727,0,2,3,3,0,303.532104492188,305.809997558594,0.0331694222986698
46,1,1,4,1,1,15954,68.9199981689453,0,2,2,3,1,258.292846679688,255.639999389648,0.0367362052202225
46,0,1,3,1,1,15956,52.1399993896484,0,1,2,2,1,212.372528076172,334.760009765625,0.02615518681705
59,0,1,1,1,1,15957,42.1599998474121,1,1,2,2,0,172.838043212891,370.190002441406,0.030270591378212
53,1,1,3,1,1,15958,100.153495788574,0,5,1,1,1,423.832061767578,446.529998779297,0.16769252717495
60,1,1,4,1,1,15960,70.3262634277344,1,5,1,2,1,413.503814697266,391.179992675781,0.285666137933731
52,1,1,2,1,1,15961,54.3400001525879,1,1,2,3,0,227.274856567383,256.269989013672,0.0250304825603962
51,1,1,3,1,1,15962,105.309997558594,0,3,1,1,1,385.805053710938,423.029998779297,0.15426367521286
53,1,1,1,1,1,15968,100.886421203613,0,1,3,3,0,1033.66748046875,867.179992675781,0.0186080075800419
NA,1,1,1,1,1,15972,164.682907104492,0,1,1,2,0,477.184692382812,447.790008544922,0.144536748528481
49,1,1,4,1,1,15973,56.7099990844727,0,2,1,1,1,199.554046630859,196.339996337891,0.180260613560677
48,0,1,4,1,1,15975,61.1139450073242,0,3,1,1,1,729.131042480469,668.72998046875,0.175035938620567
45,0,1,3,1,1,15978,61.0200004577637,0,3,2,2,1,242.073333740234,252.960006713867,0.0251597817987204
41,1,1,4,1,1,15979,35.5200004577637,0,4,1,1,1,138.484832763672,199.660003662109,0.148928374052048
35,1,1,2,1,1,15980,42.4000015258789,0,2,1,1,0,192.244338989258,223.300003051758,0.0852482914924622
50,1,1,3,1,1,15981,104.5,0,2,1,1,1,395.614654541016,490.720001220703,0.148401319980621
53,1,1,4,1,1,15982,40.189998626709,0,1,1,NA,1,25.9236297607422,0,0.208668306469917
50,1,1,2,1,1,15983,NA,NA,NA,NA,NA,0,0,0,NA
43,1,1,4,1,1,15988,36.560001373291,0,5,1,NA,1,26.6534824371338,0,0.154013589024544
45,1,1,4,1,1,15993,41.3199996948242,0,3,2,2,1,165.373519897461,228.229995727539,0.0354161076247692
50,1,1,2,1,1,15994,NA,NA,NA,NA,NA,0,0,0,NA
57,1,1,3,1,1,15995,66.5299987792969,1,3,2,1,1,228.139007568359,430.019989013672,0.0495882108807564
56,1,1,2,1,1,15996,116.535171508789,0,1,2,2,0,457.196105957031,466.739990234375,0.0331694222986698
57,1,1,2,1,1,15997,21.6000003814697,1,2,1,NA,0,17.0905532836914,0,0.162160560488701
46,0,1,3,1,1,15998,97.6999969482422,0,1,1,1,1,381.944549560547,413.540008544922,0.130282923579216
52,1,1,3,1,1,15999,83.4278030395508,0,1,2,2,1,787.887451171875,728.150024414062,0.0353679284453392
NA,1,1,1,1,1,16000,NA,NA,NA,NA,NA,0,0,0,NA
42,1,1,1,1,1,16001,43.0499992370605,0,1,1,1,0,213.566619873047,244.610000610352,0.0683941096067429
43,1,1,3,1,1,16002,83.4499969482422,0,1,3,3,1,348.82763671875,394.529998779297,0.0234523471444845
48,1,1,1,1,1,16004,46.939998626709,0,1,2,3,0,238.456100463867,289.529998779297,0.0136091280728579
44,1,1,1,1,1,16005,93.5800018310547,0,1,2,3,0,447.604187011719,449.850006103516,0.0113522093743086
47,1,1,1,1,1,16006,108.05094909668,0,1,1,2,0,708.045593261719,635.659973144531,0.0788489952683449
47,1,1,4,1,1,16007,36.6500015258789,1,2,1,1,1,139.612365722656,237.050003051758,0.169526964426041
35,0,1,4,1,1,16008,67.5463333129883,0,3,1,2,1,991.321044921875,876.679992675781,0.143556639552116
41,1,1,1,1,1,16009,61.060001373291,0,1,3,3,0,302.551422119141,369.619995117188,0.0103509724140167
48,1,1,3,1,1,16010,83.7600021362305,0,5,1,1,1,320.975738525391,334.929992675781,0.138228967785835
NA,NA,1,4,1,1,16011,41.8400001525879,0,4,2,2,1,171.19075012207,226.300003051758,0.0303501505404711
60,1,1,1,1,1,16014,213.537124633789,0,1,2,2,0,467.418212890625,463.450012207031,0.0329997949302197
54,0,1,1,1,1,16016,129.752166748047,0,3,1,2,0,828.813598632812,726.880004882812,0.108175963163376
48,0,1,3,1,1,16018,92.0999984741211,0,1,1,1,1,349.264770507812,396.820007324219,0.138579607009888
54,1,1,3,1,1,16019,109.610000610352,0,3,1,2,1,383.268127441406,495,0.175325334072113
62,1,1,3,1,1,16020,41.9300003051758,1,2,3,2,1,130.975219726562,204.710006713867,0.0736833438277245
60,1,1,1,1,1,16021,65.3099975585938,1,1,1,1,0,250.766250610352,294,0.153175085783005
38,1,1,2,1,1,16025,50.6599998474121,0,1,3,3,0,241.206649780273,289.459991455078,0.0145875625312328
40,1,1,1,1,1,16026,81,0,1,1,2,0,390.830017089844,434.609985351562,0.0660083815455437
45,1,1,3,1,1,16027,82.3099975585938,0,1,3,3,1,343.996734619141,322.670013427734,0.025066651403904
47,1,1,2,1,1,16028,43.8600006103516,0,1,1,1,0,191.870590209961,257.420013427734,0.10372956097126
53,1,1,4,1,1,16030,101.660003662109,0,4,1,1,1,326.640533447266,300.779998779297,0.208668306469917
46,1,1,3,1,1,16031,107.559799194336,0,3,2,1,1,832.9248046875,795.960021972656,0.026058966293931
48,1,1,2,1,1,16033,26.6499996185303,1,1,3,3,0,128.122283935547,146.869995117188,0.0198864433914423
40,0,1,1,1,1,16034,93.4700012207031,0,1,3,3,0,445.370300292969,438.859985351562,0.0101670669391751
59,1,1,1,1,1,16035,50.7697296142578,1,1,3,3,0,494.301513671875,445.220001220703,0.0301619172096252
53,1,1,1,1,1,16037,56.0200004577637,1,2,3,3,0,265.681060791016,262.529998779297,0.0186080075800419
40,1,1,3,1,1,16039,48.1399993896484,0,3,3,3,1,211.480239868164,268.589996337891,0.0218391101807356
NA,1,1,4,1,1,16040,105.330001831055,0,3,1,1,1,397.809051513672,462.660003662109,0.144536748528481
59,0,1,2,1,1,16041,197.777481079102,0,1,3,3,0,732.224304199219,697.469970703125,0.0423035658895969
NA,NA,1,2,1,1,16042,817.070007324219,0,1,2,3,0,303.682708740234,394.390014648438,0.0303501505404711
64,1,1,1,1,1,16043,42.9099998474121,1,1,1,1,0,140.142059326172,211.279998779297,0.198698878288269
54,0,1,1,1,1,16044,84.370002746582,0,1,3,3,0,349.986694335938,409.890014648438,0.0200944114476442
44,1,1,3,1,1,16045,52.5981216430664,0,3,1,1,1,662.554138183594,574.880004882812,0.123368881642818
49,1,1,4,1,1,16046,49.1500015258789,0,3,1,1,1,176.557083129883,292.230010986328,0.180260613560677
45,1,1,1,1,1,16048,40.4000015258789,0,2,1,1,0,198.230331420898,280.170013427734,0.0738287270069122
47,1,1,3,1,1,16051,84.1800003051758,0,2,3,3,1,344.319152832031,348.140014648438,0.0271882247179747
44,1,1,3,1,1,16053,13.0799999237061,1,1,3,3,1,71.8847732543945,143.259994506836,0.0242007970809937
NA,1,1,2,1,1,16055,51.8699989318848,1,2,1,1,0,207.504257202148,236.940002441406,0.144536748528481
54,1,1,1,1,1,16056,34.9300003051758,0,1,1,NA,0,29.7766075134277,0,0.107881277799606
45,1,1,3,1,1,16057,41.1800003051758,0,3,1,1,1,169.145080566406,242,0.126455187797546
NA,NA,1,3,1,1,16058,53.5999984741211,0,2,1,2,1,211.693069458008,248.009994506836,0.144536748528481
52,1,1,3,1,1,16059,33.3600006103516,1,2,1,3,1,131.552108764648,187.910003662109,0.160683274269104
48,1,1,4,1,1,16060,53.1800003051758,0,1,3,3,1,203.447891235352,322.149993896484,0.0399253256618977
43,1,1,4,1,1,16062,140.56413269043,0,3,1,1,1,575.435180664062,552.419982910156,0.154013589024544
49,1,1,4,1,1,16064,66.1248474121094,0,2,1,1,1,413.935852050781,469.920013427734,0.180260613560677
34,0,1,2,1,1,16067,64.6723480224609,0,3,2,3,0,1005.091796875,953.299987792969,0.0145224304869771
48,1,1,2,1,1,16068,42.439998626709,1,1,1,3,0,186.191955566406,247.550003051758,0.107379741966724
62,1,1,2,1,1,16069,618.690002441406,0,3,1,NA,0,38.2138633728027,0,0.216035351157188
53,1,1,4,1,1,16070,36.9099998474121,0,2,1,NA,1,24.1699848175049,0,0.208668306469917
41,1,1,3,1,1,16072,22.3799991607666,0,2,2,2,1,110.376197814941,151.330001831055,0.0222775880247355
46,0,1,2,1,1,16073,60.439998626709,0,1,3,3,0,268.037933349609,264.140014648438,0.018181536346674
48,1,1,4,1,1,16076,71.6600036621094,0,1,1,1,1,251.534973144531,323.109985351562,0.174626991152763
63,1,1,1,1,1,16077,38.810001373291,1,3,1,NA,0,27.1293525695801,0,0.185945942997932
42,0,1,1,1,1,16081,84.2785568237305,0,1,2,1,0,591.424377441406,521.780029296875,0.010673594661057
43,0,1,4,1,1,16083,NA,NA,NA,NA,NA,1,0,0,NA
55,1,1,4,1,1,16084,77.9599990844727,0,4,2,NA,1,49.2319030761719,0,0.0588021613657475
51,1,1,1,1,1,16085,105.300003051758,0,1,2,2,0,471.071228027344,441.980010986328,0.0162429753690958
53,1,1,1,1,1,16086,82.8600006103516,0,1,3,2,0,361.482391357422,408.170013427734,0.0186080075800419
45,1,1,2,1,1,16087,29.3099994659424,1,2,3,3,0,143.670333862305,216.119995117188,0.0173819325864315
46,1,1,3,1,1,16088,52.3499984741211,0,3,1,NA,1,165.564071655273,0,0.12994684278965
53,1,1,2,1,1,16091,174.276962280273,0,2,1,1,0,500.286041259766,461.640014648438,0.132297292351723
46,1,1,3,1,1,16092,64.489013671875,0,2,2,3,1,455.940460205078,543.570007324219,0.026058966293931
53,1,1,1,1,1,16093,26.0400009155273,1,1,1,1,0,123.966217041016,169.470001220703,0.10242211073637
57,1,1,2,1,1,16095,168.387069702148,0,1,1,1,0,671.42431640625,773.869995117188,0.162160560488701
41,1,1,1,1,1,16097,48.4300003051758,0,1,1,2,0,238.602340698242,307.390014648438,0.0670847371220589
46,1,1,1,1,1,16098,111.080001831055,0,1,1,1,0,515.452209472656,458.010009765625,0.0761880278587341
60,1,1,3,1,1,16101,674.760009765625,0,1,3,3,1,207.581329345703,280.459991455078,0.0625296235084534
54,1,1,4,1,1,16103,41.8300018310547,1,4,1,2,1,149.009216308594,200.940002441406,0.217385172843933
51,1,1,3,1,1,16104,17.2099990844727,1,3,1,1,1,68.7554016113281,96.3600006103516,0.15426367521286
49,0,1,1,1,1,16105,83.5299987792969,0,1,3,2,0,375.236541748047,370.459991455078,0.0144399981945753
56,0,1,2,1,1,16106,104.519996643066,0,1,2,3,0,384.803314208984,407.739990234375,0.0332869701087475
58,1,1,3,1,1,16107,45.6399993896484,1,1,3,3,1,156.895248413086,293,0.0534593127667904
56,1,1,2,1,1,16109,72.6500015258789,0,2,1,NA,0,53.7081069946289,0,0.153719335794449
49,1,1,4,1,1,16111,NA,NA,NA,NA,NA,1,0,0,NA
56,1,1,3,1,1,16112,41.5400009155273,1,2,3,3,1,153.664764404297,176.389999389648,0.0461049638688564
49,0,1,2,1,1,16113,NA,NA,NA,NA,NA,0,0,0,NA
48,1,1,1,1,1,16114,66.0999984741211,0,3,1,3,0,317.434814453125,291.709991455078,0.0818314552307129
44,1,1,3,1,1,16115,106.120002746582,0,3,1,1,1,429.467956542969,452.380004882812,0.123368881642818
38,1,1,3,1,1,16120,67.8457641601562,0,1,2,3,1,1335.76696777344,1222.18994140625,0.021237351000309
39,1,1,2,1,1,16121,85.6600036621094,0,1,2,2,0,393.842102050781,381.890014648438,0.0147735681384802
60,1,1,1,1,1,16122,94.7900009155273,0,1,2,3,0,364.340240478516,378.040008544922,0.0329997949302197
57,1,1,2,1,1,16124,40.4799995422363,1,1,1,3,0,145.838989257812,174.100006103516,0.162160560488701
40,1,1,2,1,1,16127,46.3899993896484,0,1,1,3,0,219.69758605957,251,0.0878804698586464
50,0,1,2,1,1,16129,52.5524826049805,0,1,2,2,0,504.380584716797,591.859985351562,0.0222412180155516
52,1,1,1,1,1,16131,40.5,0,1,1,NA,0,84.9250411987305,0,0.0974532663822174
44,1,1,1,1,1,16133,137.426544189453,0,1,3,3,0,1009.25445556641,922.340026855469,0.0113522093743086
49,1,1,1,1,1,16134,130.770858764648,0,1,2,3,0,723.7978515625,651.5,0.0143819181248546
43,1,1,1,1,1,16135,75.9933090209961,0,1,2,2,0,802.159484863281,772.75,0.0109612951055169
40,0,1,1,1,1,16136,449.589996337891,0,1,3,3,0,214.568862915039,321.760009765625,0.0101670669391751
53,1,1,4,1,1,16140,102.930000305176,0,3,1,1,1,330.799896240234,376.380004882812,0.208668306469917
49,1,1,4,1,1,16141,44.4599990844727,1,5,1,1,1,163.066818237305,318.269989013672,0.180260613560677
50,0,1,4,1,1,16142,41.5699996948242,1,3,2,2,1,154.386871337891,196.210006713867,0.0441000685095787
45,0,1,2,1,1,16143,54.326099395752,0,1,3,3,0,847.789611816406,838.590026855469,0.0174502655863762
52,1,1,4,1,1,16150,189.549270629883,0,2,1,1,1,388.406158447266,484.529998779297,0.200628027319908
55,1,1,1,1,1,16151,104.139999389648,0,2,3,3,0,441.392608642578,443.920013427734,0.0216021966189146
41,1,1,1,1,1,16152,109.839996337891,0,1,1,1,0,525.438842773438,470.5,0.0670847371220589
44,0,1,4,1,1,16154,61.5699996948242,0,4,1,1,1,220.978652954102,274.179992675781,0.157581269741058
48,1,1,1,1,1,16158,22.6599998474121,1,1,3,3,0,129.254959106445,191.169998168945,0.0136091280728579
52,1,1,1,1,1,16160,45.9900016784668,1,1,1,2,0,214.479949951172,268.869995117188,0.0974532663822174
52,1,1,1,1,1,16161,33.1599998474121,0,1,1,NA,0,31.1771335601807,0,0.0974532663822174
49,1,1,4,1,1,16162,32.810001373291,0,5,1,NA,1,23.4352607727051,0,0.180260613560677
49,1,1,3,1,1,16163,29.7399997711182,0,1,1,NA,1,23.4544334411621,0,0.143065959215164
39,1,1,1,1,1,16164,133.36767578125,0,1,2,3,0,757.524047851562,775.010009765625,0.00994591135531664
53,1,1,4,1,1,16165,101.269996643066,0,4,1,3,1,333.376037597656,364,0.208668306469917
49,0,1,4,1,1,16167,38.7799987792969,1,2,2,2,1,137.265502929688,168.470001220703,0.0419671684503555
49,1,1,3,1,1,16169,NA,NA,NA,NA,NA,1,0,0,NA
51,0,0,4,2,1,16170,73.8300018310547,0,5,1,1,1,214.505645751953,286.5,0.235774517059326
48,1,0,4,2,1,16171,31.25,1,4,3,3,1,113.247207641602,119.980003356934,0.0540208071470261
57,1,0,3,2,1,16174,62.6100006103516,1,2,2,3,1,201.079238891602,290.269989013672,0.0662437900900841
48,1,0,3,2,1,16176,94.8600006103516,0,1,1,2,1,336.404907226562,331.630004882812,0.172631964087486
51,1,0,3,2,1,16177,107.220001220703,0,1,2,3,1,367.721527099609,441.630004882812,0.045577347278595
52,1,0,4,2,1,16178,45.8600006103516,1,3,1,1,1,135.378372192383,168.910003662109,0.243563696742058
46,1,0,3,2,1,16180,47.9952545166016,0,1,1,1,1,549.647155761719,513.429992675781,0.16301366686821
52,1,0,4,2,1,16181,46.9599990844727,1,5,1,2,1,140.075653076172,194.839996337891,0.243563696742058
55,0,0,4,2,1,16182,39.3199996948242,1,3,1,1,1,112.164535522461,167.559997558594,0.273151278495789
52,1,0,4,2,1,16184,104.160003662109,0,5,1,1,1,299.840637207031,417.570007324219,0.243563696742058
48,1,0,1,2,1,16185,172.158020019531,0,5,1,1,0,537.669799804688,597.419982910156,0.105949230492115
50,1,0,2,2,1,16186,106.269996643066,0,3,1,1,0,406.892425537109,427.970001220703,0.146608054637909
46,0,0,2,2,1,16188,150.887390136719,0,1,3,3,0,755.232238769531,685.609985351562,0.0256866160780191
48,1,0,3,2,1,16189,67.7200012207031,0,1,1,1,1,237.536773681641,316.149993896484,0.172631964087486
44,1,0,4,2,1,16190,62.7999992370605,0,5,1,1,1,211.508010864258,227.110000610352,0.194470122456551
54,1,0,4,2,1,16191,48.6300010681152,1,4,1,2,1,141.028289794922,165,0.262205898761749
58,1,0,3,2,1,16192,403.660003662109,0,1,3,3,1,122.883171081543,191.070007324219,0.0710923299193382
42,1,0,4,2,1,16194,23.1900005340576,0,5,1,1,1,86.7606964111328,144.639999389648,0.187662392854691
49,0,0,3,2,1,16195,44.189998626709,1,2,1,2,1,158.064071655273,195.649993896484,0.178639337420464
47,1,0,4,2,1,16197,204.088775634766,0,5,1,1,1,664.155151367188,628.200012207031,0.208527475595474
42,1,0,3,2,1,16200,41.810001373291,0,2,1,1,1,163.874984741211,200.119995117188,0.149444967508316
47,1,0,4,2,1,16203,42.2599983215332,0,4,1,1,1,135.375869750977,261.100006103516,0.208527475595474
45,1,0,4,2,1,16204,36.1500015258789,0,5,1,2,1,126.594787597656,161.570007324219,0.198625653982162
45,1,0,2,2,1,16208,30.75,1,1,2,3,0,151.080780029297,166.660003662109,0.0246144961565733
55,1,0,3,2,1,16209,43.2299995422363,1,2,1,2,1,140.955551147461,187.600006103516,0.224473759531975
55,1,0,1,2,1,16211,99.879997253418,0,1,2,3,0,390.067260742188,476.049987792969,0.0302430540323257
50,1,0,3,2,1,16212,23.3799991607666,1,3,2,2,1,98.9378356933594,161.520004272461,0.043233584612608
45,1,0,4,2,1,16213,47.2999992370605,0,4,2,2,1,177.306289672852,334.720001220703,0.0482507310807705
55,1,0,4,2,1,16214,87.9100036621094,0,5,2,3,1,251.915481567383,295.089996337891,0.0777436718344688
52,1,0,4,2,1,16217,22.7700004577637,1,3,1,1,1,72.4642181396484,149.169998168945,0.243563696742058
47,1,0,4,2,1,16218,40.4300003051758,0,4,1,1,1,130.696014404297,194.809997558594,0.208527475595474
59,0,0,3,2,1,16219,21.75,1,1,1,2,1,53.5424575805664,155.479995727539,0.270178318023682
40,1,0,4,2,1,16220,21.0900001525879,0,4,3,3,1,84.4433364868164,140.860000610352,0.0426801256835461
42,1,0,3,2,1,16221,42,0,2,2,3,1,170.482666015625,198.410003662109,0.031845785677433
42,1,0,3,2,1,16222,56.4500007629395,0,1,3,3,1,223.914276123047,288.480010986328,0.031845785677433
45,1,0,4,2,1,16224,40.5200004577637,0,4,1,1,1,135.717254638672,174.080001831055,0.198625653982162
45,0,0,3,2,1,16225,68.6729965209961,0,2,3,3,1,527.526733398438,495.470001220703,0.0349357984960079
42,1,0,4,2,1,16226,103.809997558594,0,5,1,1,1,348.279388427734,462.850006103516,0.187662392854691
59,0,0,4,2,1,16227,20.2600002288818,1,3,1,1,1,43.701473236084,142.580001831055,0.322757959365845
50,1,0,4,2,1,16229,41.0499992370605,1,4,2,2,1,146.131423950195,200.669998168945,0.0591366998851299
59,1,0,3,2,1,16230,94.3099975585938,0,1,3,3,1,267.515655517578,272.779998779297,0.0764478966593742
26,1,0,1,2,1,16231,55.560001373291,0,1,1,1,0,247.164932250977,285.649993896484,0.0962094068527222
53,1,0,4,2,1,16234,24.3600006103516,1,5,3,3,1,87.6258926391602,176.300003051758,0.0691606625914574
50,0,0,1,2,1,16235,27.9799995422363,1,1,2,2,0,139.879791259766,230.559997558594,0.0218324083834887
51,1,0,2,2,1,16236,46.3899993896484,1,1,1,2,0,178.087173461914,199.440002441406,0.152423366904259
44,1,0,4,2,1,16238,72.4199981689453,0,1,3,3,1,256.236785888672,270.869995117188,0.0467656888067722
50,1,0,1,2,1,16239,61.9000015258789,0,1,1,NA,0,53.1216659545898,0,0.114417366683483
51,1,0,4,2,1,16240,60.8800010681152,0,3,1,1,1,186.128829956055,274.950012207031,0.235286056995392
55,1,0,1,2,1,16243,NA,NA,NA,NA,NA,0,0,0,NA
55,0,0,4,2,1,16244,NA,NA,NA,NA,NA,1,0,0,NA
40,1,0,4,2,1,16245,49.2799987792969,0,5,1,1,1,186.734512329102,218.179992675781,0.182764127850533
60,1,0,3,2,1,16246,NA,NA,NA,NA,NA,1,0,0,NA
55,0,0,1,2,1,16247,35.4599990844727,1,1,2,NA,0,28.0295906066895,0,0.0303519703447819
43,1,0,4,2,1,16248,44.2200012207031,0,5,1,2,1,156.010635375977,235.759994506836,0.190820917487144
42,0,0,2,2,1,16249,106.68335723877,0,3,1,1,0,609.921081542969,682.780029296875,0.117121025919914
53,1,0,3,2,1,16250,59.9166412353516,0,1,1,2,1,586.504028320312,647.419982910156,0.206442087888718
59,1,0,3,2,1,16253,63.5299987792969,1,1,2,2,1,185.750686645508,256.790008544922,0.0764478966593742
45,0,0,4,2,1,16254,47.6500015258789,0,5,1,1,1,148.710327148438,211.789993286133,0.199068605899811
53,0,0,4,2,1,16255,67.1100006103516,0,4,3,3,1,188.564544677734,231.539993286133,0.0693721100687981
45,0,0,4,2,1,16257,100.26000213623,0,4,1,1,1,319.576232910156,286.160003662109,0.199068605899811
61,1,0,1,2,1,16258,77.6600036621094,0,1,1,NA,0,50.0420837402344,0,0.201364755630493
49,1,0,4,2,1,16261,42.0499992370605,1,5,2,2,1,148.262115478516,203.270004272461,0.0564385242760181
42,1,0,4,2,1,16262,106.470001220703,0,4,1,1,1,359.182281494141,468.410003662109,0.187662392854691
45,1,0,4,2,1,16263,54.5699996948242,0,1,2,2,1,195.330947875977,274.559997558594,0.0482507310807705
44,1,0,3,2,1,16264,40.0800018310547,0,3,1,1,1,152.199127197266,260.119995117188,0.155335694551468
48,1,0,4,2,1,16266,45.7400016784668,0,5,3,3,1,164.888442993164,291.959991455078,0.0540208071470261
53,1,0,2,2,1,16268,34.4199981689453,0,1,1,NA,0,103.764991760254,0,0.165748745203018
53,0,0,3,2,1,16269,41.5400009155273,1,3,1,1,1,124.746078491211,154.899993896484,0.206895366311073
47,1,0,4,2,1,16270,40.3699989318848,0,4,3,3,1,152.015380859375,157.229995727539,0.0518624819815159
49,1,0,4,2,1,16271,23.6900005340576,1,3,1,1,1,89.8816452026367,174.509994506836,0.220686390995979
48,0,0,1,2,1,16273,NA,NA,NA,NA,NA,0,0,0,NA
NA,1,0,1,2,1,16274,51.8899993896484,0,2,1,1,0,205.959915161133,320.230010986328,0.144536748528481
53,1,0,3,2,1,16275,41.5644454956055,1,1,1,2,1,636.143310546875,591.909973144531,0.206442087888718
53,1,0,4,2,1,16276,40.5,1,4,2,1,1,135.484268188477,234.259994506836,0.0691606625914574
54,1,0,4,2,1,16278,46.0499992370605,1,5,2,2,1,140.816650390625,168.110000610352,0.0732403099536896
63,0,0,4,2,1,16280,52.189998626709,1,5,1,NA,1,18.4921970367432,0,0.385895699262619
64,0,0,3,2,1,16285,31.8400001525879,1,2,3,NA,1,14.4435806274414,0,0.112916201353073
45,0,0,4,2,1,16286,66.6699981689453,0,2,1,NA,1,55.7322196960449,0,0.199068605899811
47,1,0,3,2,1,16287,164.75244140625,0,1,3,2,1,565.349182128906,525.419982910156,0.0375928096473217
45,0,0,4,2,1,16290,50.439998626709,0,5,3,2,1,170.20588684082,304.549987792969,0.0484100952744484
49,1,0,3,2,1,16291,71.9599990844727,0,1,1,3,1,250.998901367188,348.859985351562,0.17822502553463
54,0,0,3,2,1,16292,47.1300010681152,1,1,1,3,1,138.610580444336,176.039993286133,0.2155691832304
52,1,0,4,2,1,16293,64.0199966430664,0,5,1,2,1,187.564056396484,220.839996337891,0.243563696742058
NA,NA,0,1,2,1,16294,53.4514579772949,0,1,1,1,0,594.079711914062,630.890014648438,0.144536748528481
58,1,0,4,2,1,16295,60.4599990844727,1,4,1,3,1,152.263916015625,182.309997558594,0.308567583560944
41,1,0,3,2,1,16296,56.7999992370605,0,1,2,1,1,230.992797851562,267.440002441406,0.0311373621225357
53,1,0,4,2,1,16300,56.7099990844727,1,4,1,2,1,164.345199584961,244.460006713867,0.252528101205826
59,0,0,2,2,1,16301,100.980003356934,0,3,1,3,0,302.415863037109,368.859985351562,0.222270652651787
40,1,0,3,2,1,16303,27.3099994659424,0,2,1,1,1,107.671516418457,244.949996948242,0.145220533013344
52,1,0,2,2,1,16304,97.9100036621094,0,1,2,1,0,372.439056396484,374.959991455078,0.0347659774124622
45,1,0,4,2,1,16305,77.5599975585938,0,3,1,2,1,273.5361328125,417.290008544922,0.198625653982162
45,0,0,1,2,1,16307,38.8300018310547,0,2,1,1,0,168.835952758789,295.350006103516,0.0964970290660858
42,1,0,4,2,1,16308,30.7700004577637,0,3,2,2,1,124.711776733398,263.609985351562,0.0443721227347851
41,1,0,3,2,1,16309,93.4400024414062,0,1,3,3,1,362.937255859375,360.329986572266,0.0311373621225357
58,1,0,2,2,1,16310,45.0499992370605,0,3,1,NA,0,56.9766464233398,0,0.2105652987957
51,0,0,1,2,1,16312,41.1199989318848,1,1,1,2,0,164.251037597656,173.029998779297,0.119641475379467
50,1,0,3,2,1,16313,42.2900009155273,1,3,1,1,1,148.762847900391,166.210006713867,0.184374466538429
41,0,0,4,2,1,16314,NA,NA,NA,NA,NA,1,0,0,NA
36,0,0,4,2,1,16315,44.7299995422363,0,4,2,1,1,159.873992919922,229.080001831055,0.0413269028067589
47,1,0,4,2,1,16317,49.0299987792969,0,4,3,3,1,172.846572875977,252.949996948242,0.0518624819815159
45,1,0,3,2,1,16319,736.679992675781,0,1,2,3,1,272.981231689453,497.369995117188,0.0348134785890579
54,1,0,3,2,1,16320,53.1500015258789,1,1,3,3,1,194.256332397461,188.860000610352,0.0543185956776142
46,1,0,4,2,1,16322,45.060001373291,0,5,1,2,1,160.9619140625,190.470001220703,0.203305020928383
44,1,0,3,2,1,16325,65.3399963378906,0,2,2,3,1,256.134368896484,250.490005493164,0.0336750745773315
62,1,0,3,2,1,16327,89.2200012207031,0,1,1,NA,1,68.6049118041992,0,0.312461704015732
47,1,0,4,2,1,16328,32.4300003051758,0,4,1,NA,1,21.9237518310547,0,0.208527475595474
52,1,0,4,2,1,16330,43.7000007629395,1,3,1,1,1,130.746551513672,179.789993286133,0.243563696742058
57,0,0,1,2,1,16331,71.629997253418,1,3,2,3,0,268.225677490234,419.450012207031,0.0353559330105782
36,1,0,3,2,1,16334,44.0891990661621,0,1,2,1,1,1104.57641601562,1033.60998535156,0.0294223185628653
47,1,0,4,2,1,16335,86.6500015258789,0,4,2,2,1,288.876647949219,286.209991455078,0.0518624819815159
48,1,0,4,2,1,16341,48.9500007629395,0,3,1,2,1,161.06916809082,252.350006103516,0.214313834905624
52,0,0,2,2,1,16342,404.109985351562,0,3,1,1,0,134.419616699219,249.720001220703,0.159177497029305
37,1,0,4,2,1,16345,114.605819702148,0,4,1,1,1,403.110321044922,505.619995117188,0.178814634680748
46,0,0,4,2,1,16346,32.9099998474121,1,3,1,1,1,100.995132446289,148.029998779297,0.20375420153141
42,1,0,3,2,1,16347,50.8278350830078,0,1,3,3,1,814.61572265625,791.530029296875,0.031845785677433
57,1,0,1,2,1,16350,43.6300010681152,1,3,1,2,0,164.442932128906,215.589996337891,0.160258710384369
49,1,0,3,2,1,16353,69.5025863647461,0,1,2,2,1,570.849182128906,538.390014648438,0.0411347970366478
44,0,0,3,2,1,16356,54.8499984741211,0,3,1,1,1,192.84977722168,302.989990234375,0.155714854598045
49,1,0,3,2,1,16357,41.2099990844727,1,5,1,3,1,154.770385742188,190.520004272461,0.17822502553463
51,1,0,2,2,1,16358,43.9799995422363,1,1,1,2,0,169.513641357422,294.859985351562,0.152423366904259
54,1,0,4,2,1,16359,24.6499996185303,1,3,1,1,1,80.3201217651367,112.360000610352,0.262205898761749
61,1,0,4,2,1,16362,29.8999996185303,1,3,1,1,1,69.9883651733398,123.620002746582,0.351996332406998
NA,NA,0,4,2,1,16363,106.279998779297,0,5,3,3,1,405.139465332031,541.849975585938,0.0303501505404711
43,1,0,4,2,1,16364,106.449996948242,0,5,1,1,1,361.047302246094,347.380004882812,0.190820917487144
51,1,0,4,2,1,16366,52.0999984741211,1,4,1,2,1,163.453018188477,259.540008544922,0.235286056995392
NA,NA,0,3,2,1,16368,NA,NA,NA,NA,NA,1,0,0,NA
61,1,0,1,2,1,16369,35.5400009155273,1,1,1,NA,0,24.6471672058105,0,0.201364755630493
59,0,0,4,2,1,16370,NA,NA,NA,NA,NA,1,0,0,NA
42,1,0,1,2,1,16371,29.2800006866455,0,1,2,3,0,150.469177246094,204.199996948242,0.0154297631233931
63,1,0,1,2,1,16373,91.1830062866211,1,1,2,3,0,361.808227539062,348.100006103516,0.0589139461517334
44,1,0,4,2,1,16375,4.75,1,3,1,1,1,19.034049987793,112.580001831055,0.194470122456551
46,1,0,3,2,1,16378,162.331604003906,0,3,1,1,1,618.722961425781,570.039978027344,0.16301366686821
43,1,0,4,2,1,16379,42.0499992370605,0,4,2,2,1,158.276580810547,179.759994506836,0.0454765781760216
48,1,0,3,2,1,16383,43.1599998474121,0,1,2,2,1,161.516677856445,179.75,0.0392606109380722
42,1,0,3,2,1,16384,52.1500015258789,0,3,1,2,1,200.240615844727,254.910003662109,0.149444967508316
50,0,0,3,2,1,16386,48.3199996948242,1,1,3,3,1,174.02946472168,193.470001220703,0.0433794930577278
32,0,0,2,2,1,16387,406.380004882812,0,3,1,1,0,155.744552612305,223.720001220703,0.112269759178162
43,1,0,3,2,1,16388,54.9300003051758,0,2,1,1,1,214.781723022461,251.300003051758,0.152175262570381
57,1,0,4,2,1,16389,80.6399993896484,0,1,2,3,1,227.67951965332,272.399993896484,0.0881730988621712
46,1,0,3,2,1,16390,106.709999084473,0,1,1,3,1,385.695190429688,378.320007324219,0.16301366686821
49,1,0,2,2,1,16391,NA,NA,NA,NA,NA,0,0,0,NA
42,0,0,1,2,1,16392,77.2799987792969,0,1,1,2,0,332.859466552734,396.329986572266,0.0898343622684479
43,0,0,4,2,1,16393,9.35000038146973,1,3,1,2,1,26.2703666687012,102.449996948242,0.191253140568733
46,1,0,4,2,1,16394,41.9599990844727,0,4,3,3,1,154.013305664062,218.5,0.0499447137117386
51,1,0,4,2,1,16397,57.189998626709,0,4,1,2,1,179.500762939453,224.020004272461,0.235286056995392
46,1,0,4,2,1,16398,152.882629394531,0,5,3,3,1,380.366577148438,361.140014648438,0.0499447137117386
59,1,0,4,2,1,16401,36.7900009155273,1,5,1,NA,1,19.0012912750244,0,0.322188377380371
44,1,0,4,2,1,16405,403.519989013672,0,5,1,2,1,131.962005615234,171.789993286133,0.194470122456551
46,1,0,4,2,1,16406,46.0699996948242,0,1,2,2,1,174.444122314453,171.279998779297,0.0499447137117386
52,1,0,4,2,1,16407,105.540000915527,0,5,1,2,1,310.389068603516,309.950012207031,0.243563696742058
45,1,0,4,2,1,16408,41.1599998474121,0,5,2,3,1,157.106552124023,180.419998168945,0.0482507310807705
41,1,0,3,2,1,16409,45.0099983215332,0,3,1,1,1,180.396926879883,262,0.147130787372589
35,1,0,4,2,1,16410,58.5999984741211,0,3,1,1,1,204.293640136719,189.039993286133,0.178376957774162
48,1,0,4,2,1,16411,23.6299991607666,1,4,2,3,1,88.982795715332,186.179992675781,0.0540208071470261
55,1,0,4,2,1,16412,68.8300018310547,0,3,2,3,1,198.069580078125,202.630004882812,0.0777436718344688
54,0,0,4,2,1,16413,32.4500007629395,0,5,2,NA,1,18.8297157287598,0,0.0734612718224525
49,1,0,4,2,1,16415,26.4500007629395,1,3,1,1,1,92.0156936645508,314.970001220703,0.220686390995979
47,1,0,4,2,1,16416,44.0099983215332,0,4,2,3,1,153.661834716797,224.880004882812,0.0518624819815159
49,1,0,4,2,1,16417,43.2000007629395,1,5,1,3,1,140.092529296875,255.160003662109,0.220686390995979
29,0,0,4,2,1,16418,101.519996643066,0,5,1,1,1,335.780242919922,365.25,0.188072457909584
54,1,0,2,2,1,16419,40.3499984741211,1,1,3,3,0,159.175262451172,213.990005493164,0.0394911207258701
55,1,0,4,2,1,16421,39.1699981689453,0,5,2,NA,1,23.4639434814453,0,0.0777436718344688
49,1,0,4,2,1,16422,42.7400016784668,1,4,2,3,1,149.945053100586,295.630004882812,0.0564385242760181
39,1,0,4,2,1,16425,61.5699996948242,0,4,1,3,1,221.796737670898,283.940002441406,0.181002601981163
52,1,0,3,2,1,16427,206.413208007812,0,3,2,3,1,396.342346191406,362.5,0.0481888316571712
43,1,0,4,2,1,16429,55.2599983215332,0,4,1,1,1,188.079788208008,216.610000610352,0.190820917487144
54,0,0,3,2,1,16430,80.6107635498047,0,1,2,3,1,624.500183105469,594.830017089844,0.0544937029480934
49,1,0,3,2,1,16433,22.7600002288818,1,3,1,1,1,83.5373229980469,132.460006713867,0.17822502553463
41,0,0,3,2,1,16434,22.2199993133545,0,3,2,3,1,88.005241394043,196.389999389648,0.0312489345669746
55,1,0,3,2,1,16435,47.6418609619141,1,1,3,3,1,698.298828125,648.200012207031,0.0578956827521324
64,1,0,4,2,1,16437,78.7900009155273,0,5,3,NA,1,31.5953788757324,0,0.144463434815407
47,1,0,4,2,1,16438,46.7900009155273,0,4,1,2,1,152.439910888672,171.089996337891,0.208527475595474
41,1,0,3,2,1,16439,150.340927124023,0,1,1,2,1,495.311676025391,543.200012207031,0.147130787372589
44,0,0,3,2,1,16440,65.473274230957,0,2,2,3,1,667.246826171875,573.239990234375,0.0337940976023674
45,1,0,4,2,1,16441,56.2000007629395,0,4,1,2,1,183.201766967773,279.040008544922,0.198625653982162
52,0,0,4,2,1,16442,87.9800033569336,0,4,2,3,1,264.920196533203,317.609985351562,0.0656732395291328
49,1,0,4,2,1,16445,NA,NA,NA,NA,NA,1,0,0,NA
40,0,0,1,2,1,16446,50.4500007629395,0,1,2,3,0,237.094100952148,258.929992675781,0.0147914886474609
42,0,0,4,2,1,16447,33.7799987792969,0,1,3,3,1,117.357528686523,211.399993896484,0.0445211231708527
47,1,0,4,2,1,16448,50.2700004577637,0,3,1,1,1,163.293975830078,282.910003662109,0.208527475595474
49,1,0,1,2,1,16450,88.4000015258789,0,2,2,3,0,380.773559570312,374.75,0.0205651968717575
41,1,0,3,2,1,16455,78.1267929077148,0,1,3,3,1,573.962280273438,530.010009765625,0.0311373621225357
41,0,0,3,2,1,16456,102.889999389648,0,3,1,1,1,376.679504394531,345.609985351562,0.147496521472931
44,1,0,4,2,1,16458,410.799987792969,0,4,1,1,1,134.615814208984,304.730010986328,0.194470122456551
40,1,0,3,2,1,16459,67.1424255371094,0,1,2,2,1,772.674987792969,749.02001953125,0.0305569488555193
41,0,0,4,2,1,16461,11.4200000762939,1,3,2,3,1,55.260326385498,184.779998779297,0.043589148670435
53,0,0,3,2,1,16462,54.75,1,5,2,3,1,184.489624023438,212.699996948242,0.0512600615620613
44,1,0,3,2,1,16463,126.310569763184,0,1,3,3,1,764.831237792969,665.799987792969,0.0336750745773315
52,1,0,1,2,1,16464,102.720001220703,0,2,1,1,0,408.283233642578,425.890014648438,0.124721169471741
56,1,0,3,2,1,16467,133.210006713867,0,1,1,NA,1,80.4647598266602,0,0.234581157565117
36,1,0,1,2,1,16468,91.3521423339844,0,1,3,3,0,563.279418945312,511.399993896484,0.0141213377937675
44,1,0,4,2,1,16469,21.7900009155273,1,3,1,2,1,76.664924621582,134.970001220703,0.194470122456551
44,1,0,4,2,1,16470,108.120002746582,0,2,2,1,1,367.927337646484,397.570007324219,0.0467656888067722
38,1,0,2,2,1,16471,53.3866119384766,0,1,3,3,0,586.985473632812,497.799987792969,0.0208442155271769
59,1,0,2,2,1,16473,37.2702980041504,1,1,2,1,0,631.691711425781,633.590026855469,0.0568646676838398
50,1,0,4,2,1,16475,106.919998168945,0,5,1,2,1,322.023132324219,307.480010986328,0.227668836712837
41,0,0,3,2,1,16476,83.5599975585938,0,1,3,3,1,319.1357421875,384.890014648438,0.0312489345669746
54,1,0,4,2,1,16477,54.2900009155273,1,5,2,3,1,164.48518371582,200.110000610352,0.0732403099536896
53,1,0,3,2,1,16478,8.60999965667725,1,2,1,2,1,28.7688064575195,156,0.206442087888718
59,0,0,1,2,1,16481,47.6800003051758,0,1,1,NA,0,33.1153755187988,0,0.179618388414383
38,1,0,4,2,1,16483,80.0299987792969,0,3,3,3,1,288.36865234375,284.570007324219,0.0416305102407932
48,1,0,4,2,1,16485,58.745964050293,0,3,2,2,1,393.698699951172,406.299987792969,0.0540208071470261
43,1,0,3,2,1,16487,145.116027832031,0,1,2,3,1,449.158111572266,522.429992675781,0.0326890014111996
51,1,0,4,2,1,16488,NA,NA,NA,NA,NA,1,0,0,NA
50,1,0,3,2,1,16490,829.590026855469,0,1,2,2,1,287.890258789062,321.350006103516,0.043233584612608
44,1,0,4,2,1,16491,40.2599983215332,0,4,1,2,1,135.195556640625,163.309997558594,0.194470122456551
51,1,0,4,2,1,16494,58,0,5,1,1,1,175.7646484375,261.200012207031,0.235286056995392
43,1,0,4,2,1,16495,50.25,0,5,1,1,1,173.342025756836,174.300003051758,0.190820917487144
49,1,0,4,2,1,16496,43.0200004577637,1,4,2,2,1,153.215530395508,179.410003662109,0.0564385242760181
41,1,0,3,2,1,16498,40.2799987792969,0,2,3,3,1,170.062225341797,249.669998168945,0.0311373621225357
35,1,0,3,2,1,16500,105.709999084473,0,1,2,3,1,415.076416015625,381.070007324219,0.0294219739735126
45,0,0,4,2,1,16502,64.7818450927734,0,5,1,1,1,682.264038085938,650.309997558594,0.199068605899811
59,1,0,2,2,1,16503,64.7200012207031,1,1,2,3,0,210.958984375,312.239990234375,0.0568646676838398
38,1,0,2,2,1,16506,49.4900016784668,0,1,2,2,0,213.364120483398,305.869995117188,0.0208442155271769
52,1,0,4,2,1,16507,96.0699996948242,0,4,2,2,1,293.514709472656,273.899993896484,0.0654705762863159
50,1,0,4,2,1,16508,54.1800003051758,0,4,1,1,1,172.281997680664,232.800003051758,0.227668836712837
61,1,0,2,2,1,16512,NA,NA,NA,NA,NA,0,0,0,NA
43,1,0,1,2,1,16513,67.0999984741211,0,1,1,NA,0,120.73983001709,0,0.0914801806211472
43,0,0,2,2,1,16515,64.9100036621094,0,1,3,2,0,267.703948974609,310.649993896484,0.0231115520000458
49,1,0,4,2,1,16516,100.51000213623,0,5,2,2,1,323.679229736328,437.329986572266,0.0564385242760181
47,1,0,4,2,1,16517,113.949592590332,0,4,2,3,1,389.363861083984,457.630004882812,0.0518624819815159
51,0,0,4,2,1,16520,108.410003662109,0,4,1,2,1,313.610687255859,370.529998779297,0.235774517059326
57,1,0,3,2,1,16521,NA,NA,NA,NA,NA,1,0,0,NA
46,0,0,1,2,1,16522,16.5400009155273,1,1,2,3,0,81.907600402832,144.190002441406,0.0178370773792267
45,1,0,2,2,1,16523,44.1300010681152,0,1,2,2,0,193.820678710938,240.5,0.0246144961565733
51,1,0,4,2,1,16525,55.3899993896484,0,5,1,1,1,172.279281616211,239.669998168945,0.235286056995392
47,1,0,3,2,1,16526,98.8581695556641,0,1,1,1,1,490.97705078125,440.630004882812,0.167569503188133
49,1,0,4,2,1,16528,43.75,1,3,1,1,1,143.336975097656,179.190002441406,0.220686390995979
52,1,0,4,2,1,16529,11.3299999237061,1,3,2,2,1,54.2232208251953,148.809997558594,0.0654705762863159
41,1,0,1,2,1,16530,82.4300003051758,0,1,1,1,0,368.580535888672,388.290008544922,0.0879694744944572
46,1,0,4,2,1,16533,51.0699996948242,0,5,1,2,1,173.8388671875,197.610000610352,0.203305020928383
49,0,0,4,2,1,16534,63.8499984741211,0,3,2,3,1,199.970077514648,317.420013427734,0.0566189922392368
48,1,0,3,2,1,16536,NA,NA,NA,NA,NA,1,0,0,NA
47,0,0,4,2,1,16537,108.389999389648,0,5,1,2,1,345.371795654297,363.790008544922,0.208983451128006
46,1,0,4,2,1,16539,57.9900016784668,0,1,2,3,1,209.919235229492,215.199996948242,0.0499447137117386
39,1,0,4,2,1,16541,110.449996948242,0,5,2,3,1,391.208038330078,414.989990234375,0.0420778319239616
61,0,0,3,2,1,16542,81.3099975585938,1,1,2,2,1,209.38410949707,224.960006713867,0.0891290009021759
43,1,0,4,2,1,16543,64.6399993896484,0,5,1,1,1,223.772552490234,278.019989013672,0.190820917487144
44,1,0,2,2,1,16544,99.0962982177734,0,1,3,3,0,551.84130859375,504.640014648438,0.0237618200480938
43,1,0,4,2,1,16547,72.4400024414062,0,3,3,3,1,255.907287597656,285.429992675781,0.0454765781760216
34,1,0,4,2,1,16548,54.0800018310547,0,5,2,2,1,200.570739746094,288.179992675781,0.0413329601287842
41,1,0,3,2,1,16549,162.959075927734,0,1,1,1,1,1062.50903320312,940.400024414062,0.147130787372589
50,1,0,3,2,1,16552,403.470001220703,0,4,3,3,1,145.143249511719,216.330001831055,0.043233584612608
46,1,0,3,2,1,16553,97.3300018310547,0,1,2,2,1,363.855072021484,353.230010986328,0.0361152030527592
42,1,0,4,2,1,16555,47.25,0,5,1,3,1,164.742431640625,317.290008544922,0.187662392854691
43,1,0,4,2,1,16556,40.8899993896484,0,4,1,1,1,141.544387817383,166,0.190820917487144
52,1,0,4,2,1,16561,44.6399993896484,1,5,1,2,1,139.985641479492,252.529998779297,0.243563696742058
55,0,0,3,2,1,16563,47.5299987792969,1,5,2,2,1,161.603073120117,179.320007324219,0.0580798014998436
41,1,0,4,2,1,16565,98.2680969238281,0,2,3,3,1,697.376342773438,638.869995117188,0.0434426926076412
48,1,0,2,2,1,16566,412.579986572266,0,2,2,2,0,166.669815063477,247.009994506836,0.0279634445905685
44,1,0,3,2,1,16568,107.600402832031,0,1,2,2,1,480.919342041016,491.799987792969,0.0336750745773315
43,1,0,3,2,1,16569,100.160003662109,0,1,3,3,1,381.601715087891,368.760009765625,0.0326890014111996
41,1,0,2,2,1,16572,84.0600738525391,0,1,3,3,0,910.564636230469,774.22998046875,0.0218682251870632
39,1,0,3,2,1,16574,114.609237670898,0,1,1,1,1,1259.37976074219,1101.65002441406,0.143704161047935
37,1,0,4,2,1,16576,46.2799987792969,0,5,1,1,1,165.795150756836,221.559997558594,0.178814634680748
42,1,0,3,2,1,16577,46.810001373291,0,3,2,3,1,185.857696533203,225.899993896484,0.031845785677433
33,1,0,4,2,1,16579,66.4300003051758,0,5,1,1,1,228.773666381836,221.690002441406,0.179681450128555
49,1,0,4,2,1,16580,61.8800010681152,0,5,1,2,1,197.538360595703,237.789993286133,0.220686390995979
58,1,0,3,2,1,16583,29.7000007629395,1,1,2,2,1,97.6028900146484,136.919998168945,0.0710923299193382
47,1,0,3,2,1,16585,68.5999984741211,0,1,1,NA,1,48.765495300293,0,0.167569503188133
38,1,0,4,2,1,16586,101.360000610352,0,3,1,1,1,354.092010498047,401.540008544922,0.179688066244125
43,1,0,3,2,1,16587,30,0,1,2,1,1,131.487564086914,198.210006713867,0.0326890014111996
47,1,0,2,2,1,16588,43.2999992370605,0,1,3,3,0,189.510208129883,227.570007324219,0.0267042145133018
56,0,0,4,2,1,16590,101.959999084473,0,5,2,2,1,274.673187255859,309.519989013672,0.0829501748085022
49,0,0,4,2,1,16593,40.9199981689453,1,4,2,2,1,133.824600219727,162.070007324219,0.0566189922392368
NA,0,0,4,2,1,16594,31.9099998474121,1,2,1,2,1,123.269416809082,173.779998779297,0.144536748528481
49,1,0,4,2,1,16595,83.8000030517578,0,5,2,3,1,272.973876953125,297.709991455078,0.0564385242760181
39,1,0,4,2,1,16598,45.7400016784668,0,4,2,3,1,173.896224975586,231.970001220703,0.0420778319239616
51,1,0,3,2,1,16601,51.7600936889648,1,1,1,2,1,413.232818603516,375.75,0.191107615828514
44,1,0,4,2,1,16603,59.7400016784668,0,5,1,1,1,204.810836791992,251.940002441406,0.194470122456551
47,1,0,4,2,1,16604,48.1599998474121,0,5,1,1,1,153.486846923828,188.419998168945,0.208527475595474
49,1,0,3,2,1,16606,33.3347625732422,1,1,2,3,1,931.95751953125,851.390014648438,0.0411347970366478
51,1,0,4,2,1,16608,68.7900009155273,0,2,1,NA,1,90.3275146484375,0,0.235286056995392
44,0,0,3,2,1,16609,705.450012207031,0,1,1,1,1,244.28889465332,329.829986572266,0.155714854598045
44,1,0,4,2,1,16610,44.3199996948242,0,5,2,2,1,157.708694458008,189.770004272461,0.0467656888067722
49,1,0,4,2,1,16614,46.8899993896484,1,5,1,2,1,148.229675292969,162.449996948242,0.220686390995979
56,1,0,2,2,1,16615,44.5699996948242,1,1,1,1,0,151.376113891602,164.759994506836,0.19048348069191
42,1,0,1,2,1,16617,80.6734466552734,0,2,1,1,0,927.143798828125,896.650024414062,0.0895771607756615
45,1,0,4,2,1,16622,47.0499992370605,0,3,1,1,1,167.820236206055,207.25,0.198625653982162
50,1,0,3,2,1,16625,73.4400024414062,0,1,1,1,1,252.761672973633,307.320007324219,0.184374466538429
64,0,0,4,2,1,16626,111.040000915527,0,5,1,1,1,197.336868286133,266.559997558594,0.403857409954071
43,1,0,4,2,1,16627,102.26000213623,0,4,2,3,1,355.878814697266,350.880004882812,0.0454765781760216
49,1,0,4,2,1,16628,43.4000015258789,1,4,1,1,1,135.494781494141,210.259994506836,0.220686390995979
39,1,0,3,2,1,16630,100.269996643066,0,1,2,3,1,394.740081787109,495.790008544922,0.0300990268588066
44,1,0,4,2,1,16631,NA,NA,NA,NA,NA,1,0,0,NA
50,1,0,1,2,1,16634,43.5,1,2,1,1,0,187.638610839844,285.510009765625,0.114417366683483
41,0,0,4,2,1,16635,55.2999992370605,0,3,1,3,1,179.803070068359,283.640014648438,0.185404822230339
47,1,0,4,2,1,16636,42.0400009155273,0,5,2,3,1,150.62841796875,192.059997558594,0.0518624819815159
42,1,0,3,2,1,16637,106.043098449707,0,1,2,3,1,882.639587402344,790.400024414062,0.031845785677433
47,1,0,3,2,1,16638,NA,NA,NA,NA,NA,1,0,0,NA
41,1,0,1,2,1,16640,46.5400009155273,0,3,2,3,0,219.083557128906,278.380004882812,0.0150458486750722
52,1,0,3,2,1,16641,93.1600036621094,0,3,2,1,1,321.833862304688,320.209991455078,0.0481888316571712
55,1,0,4,2,1,16642,88.370002746582,0,1,3,3,1,251.680084228516,286.010009765625,0.0777436718344688
35,1,0,4,2,1,16644,27.1000003814697,0,5,1,3,1,102.852684020996,152.809997558594,0.178376957774162
57,0,0,2,2,1,16645,84.0999984741211,0,1,2,2,0,283.289581298828,344.200012207031,0.0489571765065193
50,0,0,4,2,1,16648,61.8199996948242,0,4,1,1,1,180.975982666016,205.520004272461,0.228148460388184
42,0,0,3,2,1,16649,96.0800018310547,0,1,3,3,1,364.607635498047,427.880004882812,0.0319594517350197
45,1,0,2,2,1,16651,107.529083251953,0,1,2,3,0,1034.33850097656,959.219970703125,0.0246144961565733
52,1,0,4,2,1,16652,111.230003356934,0,3,2,3,1,330.953857421875,335,0.0654705762863159
60,0,0,4,2,1,16654,31.7600002288818,1,4,1,NA,1,13.1952333450317,0,0.337239950895309
62,1,0,3,2,1,16655,NA,NA,NA,NA,NA,1,0,0,NA
39,0,0,1,2,1,16656,51.939998626709,0,1,1,1,0,226.951202392578,246.149993896484,0.0858466327190399
64,1,0,2,2,1,16658,31.1000003814697,1,1,1,NA,0,16.4421272277832,0,0.291327953338623
47,1,0,4,2,1,16659,80.1081771850586,0,2,2,3,1,379.440399169922,365.290008544922,0.0518624819815159
47,1,0,3,2,1,16660,76.9700012207031,0,1,2,3,1,291.339782714844,249.970001220703,0.0375928096473217
54,1,0,4,2,1,16661,107.980003356934,0,5,3,3,1,317.41015625,331.059997558594,0.0732403099536896
53,1,0,3,2,1,16662,83.0785446166992,0,1,3,3,1,398.306915283203,480.559997558594,0.0510932542383671
49,0,0,4,2,1,16666,80.1100006103516,0,5,1,NA,1,47.4583511352539,0,0.22115758061409
61,1,0,3,2,1,16667,426.589996337891,0,1,1,NA,1,21.3532886505127,0,0.29729038476944
51,0,0,1,2,1,16668,NA,NA,NA,NA,NA,0,0,0,NA
44,1,0,1,2,1,16669,41.5200004577637,0,1,1,1,0,192.926071166992,205.199996948242,0.0936914309859276
53,0,0,3,2,1,16670,86.120002746582,0,1,2,2,1,276.419952392578,395.119995117188,0.0512600615620613
44,0,0,4,2,1,16671,44.5699996948242,0,3,1,3,1,139.803741455078,200.720001220703,0.194907367229462
58,1,0,4,2,1,16673,76.4400024414062,0,5,1,NA,1,37.9126777648926,0,0.308567583560944
44,0,0,2,2,1,16674,49.689998626709,0,1,2,3,0,204.276916503906,199.520004272461,0.0238508675247431
42,1,0,4,2,1,16675,22.1700000762939,1,3,1,2,1,89.1772689819336,190.710006713867,0.187662392854691
44,0,0,4,2,1,16676,51.0900001525879,0,4,1,1,1,176.105773925781,208.789993286133,0.194907367229462
52,1,0,3,2,1,16677,107.843162536621,0,1,1,1,1,401.537841796875,494.100006103516,0.198453456163406
41,1,0,4,2,1,16679,61.1100006103516,0,4,2,2,1,221.797271728516,240.139999389648,0.0434426926076412
47,1,0,3,2,1,16680,35.439998626709,1,1,1,2,1,131.012084960938,278.730010986328,0.167569503188133
52,0,0,4,2,1,16681,NA,NA,NA,NA,NA,1,0,0,NA
43,1,0,3,2,1,16684,81.0809020996094,0,1,3,2,1,532.246276855469,546.97998046875,0.0326890014111996
54,1,0,1,2,1,16685,72.1600036621094,0,3,1,2,0,282.940734863281,271.880004882812,0.137113586068153
49,0,0,3,2,1,16686,36.7299995422363,1,2,1,1,1,121.210372924805,143.759994506836,0.178639337420464
NA,NA,0,4,2,1,16687,53.8400001525879,0,5,1,1,1,209.334213256836,204.729995727539,0.144536748528481
41,1,0,4,2,1,16688,41.7999992370605,0,4,1,1,1,148.311309814453,239.350006103516,0.184980794787407
42,0,0,1,2,1,16690,42.5200004577637,0,1,3,3,0,201.079116821289,244.970001220703,0.0154914716258645
44,1,0,4,2,1,16693,88.9199981689453,0,2,1,1,1,296.836578369141,367.660003662109,0.194470122456551
30,1,0,4,2,1,16694,42.9799995422363,0,5,1,2,1,149.182037353516,191.610000610352,0.184965893626213
36,1,0,4,2,1,16698,60.1399993896484,0,4,2,3,1,224.33935546875,411.190002441406,0.0411866083741188
45,1,0,4,2,1,16699,42.7099990844727,0,3,1,1,1,144.12385559082,182.169998168945,0.198625653982162
50,1,0,4,2,1,16702,102.430000305176,0,4,1,1,1,319.202331542969,383.459991455078,0.227668836712837
31,1,0,4,2,1,16703,94.0299987792969,0,2,3,3,1,337.457611083984,319.070007324219,0.0426759906113148
52,0,0,4,2,1,16704,47.4099998474121,1,3,2,2,1,137.813400268555,169.210006713867,0.0656732395291328
51,1,0,1,2,1,16708,108.769996643066,0,1,1,2,0,437.043334960938,393.179992675781,0.11932485550642
50,1,0,3,2,1,16711,115.779655456543,0,1,2,2,1,761.259094238281,677.690002441406,0.043233584612608
37,1,0,2,2,1,16713,40.0400009155273,0,1,3,3,0,189.434982299805,264.799987792969,0.0206774305552244
50,1,0,3,2,1,16714,12.0500001907349,1,1,2,3,1,63.7606468200684,200.199996948242,0.043233584612608
46,1,0,4,2,1,16715,125.456756591797,0,3,3,3,1,407.090789794922,373.190002441406,0.0499447137117386
44,1,0,2,2,1,16717,79.120002746582,0,1,2,2,0,332.890960693359,425.089996337891,0.0237618200480938
45,1,0,4,2,1,16719,171.99821472168,0,2,1,1,1,404.958312988281,423.239990234375,0.198625653982162
45,0,0,3,2,1,16720,95.120002746582,0,1,3,3,1,359.149169921875,355.230010986328,0.0349357984960079
43,1,0,4,2,1,16721,108.71216583252,0,3,2,2,1,419.42724609375,507.130004882812,0.0454765781760216
50,1,0,3,2,1,16724,80.1600036621094,0,3,1,1,1,276.552673339844,243.699996948242,0.184374466538429
50,1,0,4,2,1,16726,22.4099998474121,1,5,2,2,1,96.8312835693359,112.470001220703,0.0591366998851299
52,1,0,3,2,1,16731,101.445045471191,0,1,3,3,1,1105.16003417969,1026.94995117188,0.0481888316571712
49,1,0,4,2,1,16732,49.060001373291,0,3,1,1,1,160.253219604492,241.399993896484,0.220686390995979
54,1,0,4,2,1,16733,103.309997558594,0,5,1,2,1,289.381805419922,379.850006103516,0.262205898761749
58,1,0,3,2,1,16734,60.9000015258789,1,2,1,1,1,181.323120117188,226.160003662109,0.257139950990677
61,0,0,4,2,1,16735,60.9099998474121,0,5,1,NA,1,25.5864181518555,0,0.352585762739182
50,1,0,4,2,1,16736,54.560001373291,0,4,3,3,1,190.079681396484,281.380004882812,0.0591366998851299
53,1,0,2,2,1,16737,103.319999694824,0,3,1,3,0,368.539764404297,419.980010986328,0.165748745203018
47,1,0,2,2,1,16738,59.8699989318848,0,1,1,1,0,242.834564208984,318.029998779297,0.132192268967628
49,1,0,1,2,1,16739,57.5999984741211,0,2,1,1,0,246.23713684082,256.220001220703,0.109968215227127
47,1,0,4,2,1,16740,NA,NA,NA,NA,NA,1,0,0,NA
50,0,0,4,2,1,16741,92.120002746582,0,2,1,1,1,270.561126708984,371,0.228148460388184
57,1,0,4,2,1,16742,45.7999992370605,1,4,1,1,1,122.041435241699,229.830001831055,0.295780569314957
50,1,0,3,2,1,16743,184.638229370117,0,1,3,3,1,1157.41418457031,1008.28002929688,0.043233584612608
49,1,0,4,2,1,16744,57.1399993896484,0,3,1,1,1,179.485687255859,243.309997558594,0.220686390995979
45,0,0,3,2,1,16745,NA,NA,NA,NA,NA,1,0,0,NA
49,1,0,4,2,1,16746,31.1700000762939,1,5,3,3,1,110.300315856934,128.380004882812,0.0564385242760181
NA,1,0,3,2,1,16747,84.0199966430664,0,1,2,2,1,334.5791015625,376.470001220703,0.0303501505404711
49,1,0,4,2,1,16749,31.0900001525879,1,5,1,3,1,102.954864501953,145.460006713867,0.220686390995979
37,1,0,1,2,1,16750,35.5499992370605,0,1,3,3,0,178.054504394531,179.789993286133,0.0141815347597003
58,1,0,4,2,1,16753,64.379997253418,1,1,1,1,1,158.140396118164,261.420013427734,0.308567583560944
55,1,0,3,2,1,16754,102.830001831055,0,1,3,3,1,323.176330566406,445.809997558594,0.0578956827521324
46,1,0,3,2,1,16756,40.4099998474121,0,1,1,2,1,153.573425292969,273.089996337891,0.16301366686821
52,0,0,4,2,1,16757,42.060001373291,1,4,1,1,1,116.779830932617,168.139999389648,0.244061470031738
49,0,0,3,2,1,16759,88.25,0,3,1,1,1,299.227081298828,278.690002441406,0.178639337420464
59,1,0,4,2,1,16761,NA,NA,NA,NA,NA,1,0,0,NA
46,1,0,1,2,1,16763,400.779998779297,0,1,1,1,0,169.950637817383,257.25,0.0991005152463913
53,1,0,4,2,1,16764,NA,NA,NA,NA,NA,1,0,0,NA
51,1,0,3,2,1,16765,133.425506591797,0,1,1,2,1,393.762237548828,351.619995117188,0.191107615828514
46,1,0,4,2,1,16766,49.8300018310547,0,3,1,2,1,182.499069213867,228.559997558594,0.203305020928383
57,1,0,4,2,1,16768,92.2200012207031,0,4,1,NA,1,42.9653205871582,0,0.295780569314957
60,0,0,4,2,1,16771,20.4699993133545,1,3,2,2,1,51.3846549987793,163.710006713867,0.108317852020264
52,1,0,4,2,1,16773,42.2900009155273,1,3,1,1,1,125.517349243164,139.580001831055,0.243563696742058
54,1,0,4,2,1,16774,41.9700012207031,1,4,1,1,1,122.204223632812,161.789993286133,0.262205898761749
43,1,0,4,2,1,16775,41.4099998474121,0,5,1,1,1,142.883346557617,170.169998168945,0.190820917487144
46,1,0,4,2,1,16776,54.1399993896484,0,5,2,1,1,191.973114013672,219.809997558594,0.0499447137117386
47,1,0,3,2,1,16779,107.796897888184,0,1,2,2,1,692.2734375,706.190002441406,0.0375928096473217
51,1,0,4,2,1,16780,38.6599998474121,0,4,3,NA,1,25.6879844665527,0,0.0621387623250484
43,1,0,3,2,1,16784,63.5351638793945,0,1,3,3,1,510.383697509766,509.799987792969,0.0326890014111996
52,1,0,4,2,1,16786,105.139999389648,0,3,2,2,1,320.397247314453,355.200012207031,0.0654705762863159
NA,1,0,3,2,1,16787,83.0699996948242,0,1,1,2,1,314.498504638672,369.809997558594,0.144536748528481
53,1,0,4,2,1,16791,40.5900001525879,0,3,1,NA,1,23.4461250305176,0,0.252528101205826
45,1,0,4,2,1,16796,19.9099998474121,0,3,1,NA,1,14.1572513580322,0,0.198625653982162
51,1,0,4,2,1,16797,45.2200012207031,1,3,1,2,1,136.029754638672,226.440002441406,0.235286056995392
51,1,0,4,2,1,16798,107.754753112793,0,5,2,3,1,400.420013427734,435.010009765625,0.0621387623250484
39,1,0,4,2,1,16799,29.9899997711182,0,4,1,1,1,108.579078674316,288.519989013672,0.181002601981163
44,1,0,4,2,1,16800,43.0400009155273,0,4,3,2,1,155.176376342773,212.919998168945,0.0467656888067722
52,0,0,3,2,1,16801,101.690002441406,0,1,1,3,1,323.692962646484,292.470001220703,0.198896154761314
44,1,0,4,2,1,16802,40.6199989318848,0,4,2,NA,1,29.3823184967041,0,0.0467656888067722
46,1,0,4,2,1,16804,38.1599998474121,0,2,2,3,1,136.284820556641,231.339996337891,0.0499447137117386
41,1,0,1,2,1,16805,83.4700012207031,0,1,3,2,0,389.330352783203,411.959991455078,0.0150458486750722
59,1,0,4,2,1,16807,42.9700012207031,1,3,3,NA,1,23.5045871734619,0,0.100782759487629
60,0,0,4,2,1,16808,NA,NA,NA,NA,NA,1,0,0,NA
45,0,0,2,2,1,16809,21.8199996948242,1,1,1,3,0,82.0982284545898,162.399993896484,0.125175058841705
48,1,0,3,2,1,16810,48.2400016784668,0,2,2,2,1,190.314376831055,282.859985351562,0.0392606109380722
51,1,0,4,2,1,16811,NA,NA,NA,NA,NA,1,0,0,NA
42,0,0,1,2,1,16813,23.4200000762939,1,2,1,2,0,96.9812927246094,163.059997558594,0.0898343622684479
54,1,0,3,2,1,16814,NA,NA,NA,NA,NA,1,0,0,NA
49,0,0,2,2,1,16815,31.3500003814697,1,1,3,3,0,126.758033752441,203.550003051758,0.0294893532991409
40,1,0,4,2,1,16816,35.7700004577637,0,3,1,2,1,135.330657958984,184.039993286133,0.182764127850533
48,1,0,4,2,1,16818,106.040000915527,0,5,1,3,1,333.468200683594,324.5,0.214313834905624
42,1,0,3,2,1,16819,122.385498046875,0,1,2,2,1,628.862976074219,676.559997558594,0.031845785677433
50,1,0,3,2,1,16820,61.0800018310547,0,2,3,3,1,215.750854492188,309.869995117188,0.043233584612608
46,1,0,4,2,1,16821,104.949996948242,0,5,1,2,1,351.658721923828,344.690002441406,0.203305020928383
41,0,0,4,2,1,16822,126.351768493652,0,2,1,1,1,675.209045410156,614.419982910156,0.185404822230339
61,1,0,3,2,1,16824,94.9300003051758,0,2,3,2,1,254.158767700195,312.429992675781,0.0888733267784119
34,1,0,3,2,1,16828,102.650001525879,0,3,1,1,1,388.337005615234,360.130004882812,0.141819506883621
45,1,0,3,2,1,16829,44.3699989318848,0,3,3,3,1,172.098571777344,323.720001220703,0.0348134785890579
51,1,0,4,2,1,16832,29.2000007629395,1,5,1,1,1,92.2996368408203,171.759994506836,0.235286056995392
46,1,0,4,2,1,16833,104.330001831055,0,5,2,3,1,347.158508300781,343.070007324219,0.0499447137117386
46,0,0,4,2,1,16835,34.4599990844727,1,5,2,3,1,115.125518798828,208.199996948242,0.0501085296273232
50,1,0,2,2,1,16837,75.4404525756836,0,1,1,2,0,752.410217285156,733.419982910156,0.146608054637909
43,1,0,1,2,1,16838,62.9900016784668,0,3,2,2,0,305.028137207031,375.670013427734,0.0158882364630699
34,1,0,4,2,1,16839,66.9000015258789,0,5,1,1,1,238.283462524414,363.910003662109,0.178810685873032
38,1,0,1,2,1,16841,102.459999084473,0,2,2,3,0,472.001251220703,484.510009765625,0.0143024064600468
43,1,0,4,2,1,16842,94.8600006103516,0,1,3,3,1,327.274047851562,404.980010986328,0.0454765781760216
52,1,0,2,2,1,16844,41.1599998474121,1,2,3,2,0,170.554672241211,190.059997558594,0.0347659774124622
49,1,0,1,2,1,16845,26.4200000762939,1,2,2,3,0,126.052711486816,160.889999389648,0.0205651968717575
54,0,0,1,2,1,16846,21.0699996948242,1,1,1,1,0,80.4442596435547,120.73999786377,0.137462288141251
49,1,0,3,2,1,16848,NA,NA,NA,NA,NA,1,0,0,NA
51,1,0,4,2,1,16849,39.9599990844727,1,4,1,1,1,122.372459411621,215.869995117188,0.235286056995392
59,0,0,4,2,1,16850,42.9700012207031,1,5,1,1,1,97.4162216186523,201.149993896484,0.322757959365845
43,1,0,4,2,1,16851,56.0999984741211,0,4,1,3,1,194.961791992188,273.220001220703,0.190820917487144
46,1,0,3,2,1,16853,40.5499992370605,0,2,1,NA,1,30.0014801025391,0,0.16301366686821
45,1,0,4,2,1,16854,103.879997253418,0,2,3,3,1,352.578674316406,334.5,0.0482507310807705
49,0,0,1,2,1,16856,45.0099983215332,1,1,1,2,0,187.492584228516,203.710006713867,0.110266976058483
51,0,0,3,2,1,16859,87.6900024414062,0,1,3,3,1,292.6123046875,307.709991455078,0.0457295924425125
50,1,0,1,2,1,16861,94.9100036621094,0,1,2,3,0,403.623046875,431.049987792969,0.0217497479170561
45,1,0,3,2,1,16862,83.9199981689453,0,2,1,1,1,310.917846679688,319.989990234375,0.158942431211472
46,1,0,1,2,1,16863,25.2399997711182,0,1,1,NA,0,23.7919311523438,0,0.0991005152463913
49,1,0,2,2,1,16864,48.2299995422363,0,1,1,1,0,194.078948974609,261.149993896484,0.141316398978233
57,1,0,3,2,1,16866,NA,NA,NA,NA,NA,1,0,0,NA
45,1,0,4,2,1,16867,100.389999389648,0,5,1,1,1,332.868865966797,324.850006103516,0.198625653982162
45,1,0,4,2,1,16868,56.5,0,5,1,1,1,194.223983764648,259.600006103516,0.198625653982162
44,1,0,3,2,1,16869,9.72000026702881,1,2,1,3,1,43.397403717041,244.360000610352,0.155335694551468
33,1,0,4,2,1,16871,42.5800018310547,0,4,1,1,1,154.783599853516,173.550003051758,0.179681450128555
49,1,0,4,2,1,16872,36.8899993896484,0,4,1,NA,1,23.7543125152588,0,0.220686390995979
62,0,0,4,2,1,16873,85.1800003051758,1,3,2,2,1,178.492782592773,244.600006103516,0.124960832297802
49,1,0,3,2,1,16874,77.6900024414062,0,1,1,1,1,267.317504882812,303.529998779297,0.17822502553463
47,1,0,4,2,1,16875,82.9899978637695,0,1,1,1,1,267.440979003906,326.190002441406,0.208527475595474
56,1,0,4,2,1,16877,40.5400009155273,1,4,1,1,1,108.871070861816,288.040008544922,0.28380686044693
51,1,0,4,2,1,16879,80.370002746582,0,5,3,3,1,254.786697387695,281.649993896484,0.0621387623250484
47,0,0,4,2,1,16880,40.810001373291,0,4,1,2,1,124.083351135254,250.539993286133,0.208983451128006
48,0,0,4,2,1,16881,7.5,1,5,1,NA,1,3.43719792366028,0,0.214777126908302
52,1,0,1,2,1,16883,85.9800033569336,0,1,2,2,0,352.479064941406,413.769989013672,0.0245788749307394
39,0,0,4,2,1,16884,89.6100006103516,0,1,3,2,1,317.584899902344,289.75,0.0422205813229084
46,1,0,2,2,1,16886,45.439998626709,0,1,2,3,0,197.024612426758,323.570007324219,0.025591840967536
43,1,0,1,2,1,16888,17.8700008392334,1,1,1,1,0,87.5173492431641,168.279998779297,0.0914801806211472
46,1,0,2,2,1,16890,65.0999984741211,0,1,3,3,0,273.259552001953,271.760009765625,0.025591840967536
41,1,0,3,2,1,16892,50.0999984741211,0,1,3,3,1,211.246307373047,233.220001220703,0.0311373621225357
57,1,0,4,2,1,16894,31.1399993896484,1,3,2,3,1,94.1120529174805,157.600006103516,0.0881730988621712
54,0,0,3,2,1,16896,91.8099975585938,0,3,1,2,1,281.464477539062,334.049987792969,0.2155691832304
50,1,0,3,2,1,16897,56.4739646911621,0,1,2,3,1,771.341003417969,703.530029296875,0.043233584612608
53,1,0,4,2,1,16898,53.1500015258789,1,5,1,1,1,163.561416625977,230.389999389648,0.252528101205826
52,1,0,2,2,1,16900,86.2099990844727,0,1,3,3,0,325.754791259766,373.130004882812,0.0347659774124622
40,1,0,4,2,1,16901,30.5699996948242,0,3,2,3,1,121.497695922852,258.890014648438,0.0426801256835461
50,1,0,1,2,1,16903,31.7299995422363,1,2,3,3,0,150.294219970703,158.850006103516,0.0217497479170561
58,0,0,4,2,1,16905,43.6300010681152,1,5,1,1,1,99.8164367675781,173.580001831055,0.309126794338226
56,1,0,3,2,1,16907,71.7163467407227,0,1,3,3,1,574.038269042969,548.119995117188,0.0618583783507347
46,1,0,3,2,1,16908,41.5099983215332,0,2,2,2,1,159.889114379883,295.019989013672,0.0361152030527592
52,0,0,3,2,1,16909,123.064849853516,0,1,1,1,1,725.509338378906,702.580017089844,0.198896154761314
51,1,0,2,2,1,16910,12.7299995422363,1,1,1,2,0,51.3479995727539,71.3300018310547,0.152423366904259
54,1,0,4,2,1,16911,42.5,1,4,1,1,1,122.820518493652,231.860000610352,0.262205898761749
48,1,0,4,2,1,16912,81.5400009155273,0,1,2,3,1,265.402404785156,368.720001220703,0.0540208071470261
38,1,0,4,2,1,16914,46.4599990844727,0,1,3,2,1,182.078414916992,232.679992675781,0.0416305102407932
53,1,0,3,2,1,16915,115.681983947754,0,1,1,1,1,647.936889648438,656.219970703125,0.206442087888718
61,0,0,4,2,1,16918,NA,NA,NA,NA,NA,1,0,0,NA
50,1,0,2,2,1,16919,91.9300003051758,0,1,3,3,0,352.498992919922,389.959991455078,0.0309781432151794
43,1,0,1,2,1,16924,40.1500015258789,0,1,1,1,0,183.005416870117,279.760009765625,0.0914801806211472
69,1,0,1,2,1,16925,NA,NA,NA,NA,NA,0,0,0,NA
48,1,0,1,2,1,16927,96.5999984741211,0,1,3,3,0,420.991821289062,551.830017089844,0.019514637067914
50,1,0,4,2,1,16935,40.6199989318848,1,4,2,2,1,137.063949584961,159.710006713867,0.0591366998851299
NA,1,0,4,2,1,16937,NA,NA,NA,NA,NA,1,0,0,NA
61,1,0,3,2,1,16940,30.8700008392334,1,2,1,NA,1,16.2216186523438,0,0.29729038476944
41,1,0,4,2,1,16942,42.310001373291,0,4,3,3,1,153.558654785156,241.729995727539,0.0434426926076412
43,1,0,4,2,1,16943,100.680000305176,0,5,3,3,1,346.983703613281,358.619995117188,0.0454765781760216
46,1,0,4,2,1,16944,48.4022750854492,0,4,2,3,1,375.360870361328,437.739990234375,0.0499447137117386
45,1,0,1,2,1,16946,31.4699993133545,1,5,3,3,0,152.38786315918,179.490005493164,0.0170504543930292
53,1,0,4,2,1,16949,30.5499992370605,1,3,1,2,1,92.4376831054688,126.26000213623,0.252528101205826
47,1,0,4,2,1,16952,23.5100002288818,1,3,2,3,1,85.5309600830078,189.110000610352,0.0518624819815159
42,1,0,2,2,1,16957,163.96923828125,0,1,3,3,0,763.384033203125,687.559997558594,0.0223958175629377
NA,NA,0,3,2,1,16958,37.2900009155273,1,2,1,1,1,150.2890625,240.399993896484,0.144536748528481
44,1,0,3,2,1,16961,41.6100006103516,0,2,3,3,1,164.644348144531,212.940002441406,0.0336750745773315
56,1,0,3,2,1,16963,209.825012207031,0,1,1,1,1,711.474304199219,721.549987792969,0.234581157565117
48,1,0,3,2,1,16964,92.1399993896484,0,1,1,3,1,326.383636474609,346.809997558594,0.172631964087486
39,1,0,3,2,1,16968,25.8868045806885,0,1,1,2,1,658.669982910156,626.280029296875,0.143704161047935
34,1,0,4,2,1,16969,38.4300003051758,0,4,1,1,1,137.043655395508,187.5,0.178810685873032
58,0,0,3,2,1,16970,101.26000213623,0,2,1,2,1,277.878509521484,387.339996337891,0.257652252912521
41,1,0,4,2,1,16971,84.7699966430664,0,2,2,2,1,304.474426269531,303.470001220703,0.0434426926076412
54,1,0,1,2,1,16974,60.7299995422363,1,1,1,1,0,235.321533203125,429.049987792969,0.137113586068153
52,1,0,4,2,1,16976,41.1100006103516,1,4,1,1,1,136.262176513672,183.729995727539,0.243563696742058
44,1,0,4,2,1,16977,96.6699981689453,0,3,3,3,1,336.352325439453,337.089996337891,0.0467656888067722
38,1,0,2,2,1,16981,67.75,0,1,1,1,0,291.645233154297,295.779998779297,0.111023865640163
45,1,0,4,2,1,16983,58.9099998474121,0,5,1,1,1,202.263488769531,272.529998779297,0.198625653982162
37,1,0,3,2,1,16984,59.8699989318848,0,3,2,3,1,246.020050048828,342.179992675781,0.0295343920588493
45,1,0,4,2,1,16987,45.2200012207031,0,5,3,3,1,166.109710693359,176.970001220703,0.0482507310807705
48,0,0,3,2,1,16989,94.3000030517578,0,1,1,2,1,318.763305664062,485.970001220703,0.173037990927696
58,1,0,3,2,1,16991,80.25,0,1,2,3,1,236.20735168457,314.029998779297,0.0710923299193382
47,1,0,4,2,1,16993,27.0200004577637,1,3,1,1,1,91.2259292602539,212.259994506836,0.208527475595474
48,0,0,3,2,1,16995,101.699996948242,0,2,1,3,1,343.265380859375,341.450012207031,0.173037990927696
48,1,0,4,2,1,16997,24.8899993896484,1,5,3,3,1,94.7579345703125,245.899993896484,0.0540208071470261
58,1,0,3,2,1,16998,43.7700004577637,1,1,1,1,1,138.240905761719,251.820007324219,0.257139950990677
45,1,0,4,2,1,16999,70.7699966430664,0,4,1,1,1,244.204772949219,310.420013427734,0.198625653982162
51,1,0,3,2,1,17000,224.246231079102,0,1,2,2,1,584.985473632812,554.090026855469,0.045577347278595
NA,NA,0,4,2,1,17003,409.010009765625,0,4,3,3,1,152.006912231445,299.660003662109,0.0303501505404711
42,1,0,3,2,1,17004,42.5099983215332,0,4,2,2,1,173.133895874023,228.970001220703,0.031845785677433
49,1,0,3,2,1,17005,37.5826568603516,1,1,2,3,1,455.022918701172,468.630004882812,0.0411347970366478
50,1,0,1,2,1,17009,53.5200004577637,0,1,2,2,0,234.330230712891,317.820007324219,0.0217497479170561
35,1,0,4,2,1,17010,41.5299987792969,0,5,1,1,1,146.335662841797,215.580001831055,0.178376957774162
45,1,0,4,2,1,17011,NA,NA,NA,NA,NA,1,0,0,NA
39,0,0,3,2,1,17013,49.9099998474121,0,1,2,2,1,190.571304321289,203.009994506836,0.0302075110375881
32,1,0,2,2,1,17014,46.560001373291,0,1,2,2,0,208.038711547852,254.399993896484,0.0210945997387171
47,1,0,4,2,1,17015,100.080001831055,0,5,1,1,1,320.020050048828,349.549987792969,0.208527475595474
50,1,0,3,2,1,17018,49.560001373291,0,2,1,1,1,169.764450073242,189.630004882812,0.184374466538429
48,1,0,3,2,1,17019,NA,NA,NA,NA,NA,1,0,0,NA
42,1,0,4,2,1,17020,42.189998626709,0,5,1,1,1,142.908294677734,213.789993286133,0.187662392854691
49,1,0,3,2,1,17024,223.81950378418,0,1,2,3,1,415.198577880859,432.690002441406,0.0411347970366478
50,0,0,1,2,1,17028,48.810001373291,1,2,3,3,0,211.19465637207,250.470001220703,0.0218324083834887
41,1,0,1,2,1,17031,56.1907768249512,0,2,3,3,0,1512.0341796875,1289.07995605469,0.0150458486750722
33,1,0,3,2,1,17032,197.782684326172,0,3,3,3,1,637.665100097656,611.359985351562,0.0297575313597918
62,1,0,3,2,1,17033,33.4300003051758,1,1,2,NA,1,81.6355743408203,0,0.0960485190153122
48,0,0,4,2,1,17034,67.8499984741211,0,4,1,1,1,215.537170410156,239.949996948242,0.214777126908302
44,1,0,4,2,1,17035,83.0899963378906,0,5,3,3,1,290.344116210938,335.130004882812,0.0467656888067722
45,1,0,3,2,1,17036,75.807991027832,0,1,3,3,1,721.849792480469,632.590026855469,0.0348134785890579
37,1,0,4,2,1,17038,103.150001525879,0,5,1,1,1,352.239837646484,372.679992675781,0.178814634680748
60,1,0,3,2,1,17040,65.1324920654297,1,3,3,3,1,453.062347412109,483.890014648438,0.0823579132556915
52,1,0,4,2,1,17041,94.906852722168,0,4,3,3,1,371.977355957031,352.779998779297,0.0654705762863159
45,0,0,3,2,1,17042,34.7999992370605,0,4,1,NA,1,25.1656684875488,0,0.159327358007431
47,1,0,3,2,1,17044,25.6499996185303,1,2,1,1,1,99.1940155029297,218.149993896484,0.167569503188133
42,0,0,2,2,1,17046,40.25,0,1,3,3,0,172.527191162109,219.809997558594,0.022480545565486
49,1,0,3,2,1,17047,75.1500015258789,0,1,3,3,1,271.242767333984,269.200012207031,0.0411347970366478
48,1,0,2,2,1,17048,83.0950546264648,0,1,1,1,0,774.503784179688,751.659973144531,0.13651992380619
52,1,0,4,2,1,17049,47.060001373291,1,5,1,2,1,143.700912475586,176.479995727539,0.243563696742058
46,1,0,2,2,1,17050,187.775146484375,0,1,3,3,0,819.540100097656,849.210021972656,0.025591840967536
45,0,0,4,2,1,17051,97.3300018310547,0,1,1,2,1,310.748321533203,326.880004882812,0.199068605899811
33,0,0,1,2,1,17052,20.7999992370605,0,2,1,1,0,96.3418731689453,230.910003662109,0.0850609615445137
32,0,0,3,2,1,17053,67.8399963378906,0,1,1,1,1,249.124649047852,303.679992675781,0.144056066870689
40,1,0,3,2,1,17055,107.466651916504,0,2,3,3,1,511.277526855469,461.489990234375,0.0305569488555193
54,1,0,3,2,1,17057,NA,NA,NA,NA,NA,1,0,0,NA
47,1,0,3,2,1,17061,NA,NA,NA,NA,NA,1,0,0,NA
41,1,0,3,2,1,17062,68.2562103271484,0,1,2,3,1,712.765502929688,623.140014648438,0.0311373621225357
49,1,0,4,2,1,17063,24.4799995422363,1,3,3,3,1,102.952598571777,339.230010986328,0.0564385242760181
57,0,0,4,2,1,17065,53.4099998474121,1,4,2,3,1,143.169692993164,164.300003051758,0.0884272679686546
47,1,0,1,2,1,17066,47.7099990844727,0,1,2,3,0,216.654067993164,313.549987792969,0.0185856781899929
53,1,0,4,2,1,17068,101.599998474121,0,3,2,2,1,302.276794433594,425.970001220703,0.0691606625914574
54,1,0,4,2,1,17069,103.569999694824,0,5,1,1,1,292.502258300781,314.600006103516,0.262205898761749
60,1,0,4,2,1,17070,48.75,1,4,1,2,1,114.755744934082,164.449996948242,0.336660206317902
54,1,0,1,2,1,17071,85.0699996948242,0,1,2,3,0,343.258850097656,398.470001220703,0.0281377844512463
50,1,0,3,2,1,17075,41.0200004577637,1,2,2,2,1,155.164215087891,189.25,0.043233584612608
51,1,0,4,2,1,17077,84.4700012207031,0,5,1,1,1,251.239227294922,332.380004882812,0.235286056995392
44,0,0,3,2,1,17079,95.4977874755859,0,1,1,1,1,593.612487792969,590.5,0.155714854598045
47,1,0,4,2,1,17080,NA,NA,NA,NA,NA,1,0,0,NA
38,1,0,4,2,1,17081,60.6199989318848,0,4,3,3,1,220.393005371094,338.380004882812,0.0416305102407932
57,1,0,3,2,1,17082,100.610000610352,0,2,2,3,1,307.478668212891,364.269989013672,0.0662437900900841
48,1,0,2,2,1,17083,52.9008026123047,0,1,3,3,0,517.112060546875,701.809997558594,0.0279634445905685
44,1,0,4,2,1,17084,63.8499984741211,0,4,2,2,1,224.578308105469,351.570007324219,0.0467656888067722
45,1,0,4,2,1,17086,42.939998626709,0,4,1,1,1,145.151748657227,265.149993896484,0.198625653982162
36,1,0,1,2,1,17088,41.6800003051758,0,1,1,1,0,189.297790527344,186.190002441406,0.0840425416827202
46,1,0,4,2,1,17089,48.0200004577637,0,4,3,3,1,164.169769287109,230.809997558594,0.0499447137117386
49,1,0,1,2,1,17092,31.4500007629395,1,2,2,2,0,155.343048095703,223.559997558594,0.0205651968717575
58,1,0,4,2,1,17093,40.25,1,5,2,3,1,113.808776855469,109.769996643066,0.0941826030611992
58,1,0,3,2,1,17094,NA,NA,NA,NA,NA,1,0,0,NA
47,0,0,1,2,1,17097,73.8099975585938,0,1,1,1,0,319.470611572266,297.709991455078,0.102618172764778
51,1,0,3,2,1,17098,44.060001373291,1,1,2,3,1,160.618606567383,269.920013427734,0.045577347278595
46,1,0,4,2,1,17100,70.7799987792969,0,3,3,3,1,245.267379760742,249.850006103516,0.0499447137117386
56,1,0,4,2,1,17103,54.3400001525879,1,5,3,3,1,157.877914428711,213.320007324219,0.0827078744769096
45,1,0,4,2,1,17105,102.76000213623,0,1,3,3,1,342.061248779297,417.260009765625,0.0482507310807705
40,0,0,3,2,1,17106,96.0299987792969,0,1,3,3,1,366.426879882812,368.149993896484,0.0306668020784855
54,0,0,1,2,1,17107,81.370002746582,0,2,2,2,0,315.616638183594,311.160003662109,0.028240367770195
40,1,0,4,2,1,17109,58.4700012207031,0,3,1,2,1,202.747421264648,293.339996337891,0.182764127850533
40,1,0,4,2,1,17110,106.220001220703,0,3,1,1,1,363.928192138672,343.290008544922,0.182764127850533
57,1,0,4,2,1,17114,80.0500030517578,0,1,2,3,1,221.820022583008,259.709991455078,0.0881730988621712
51,1,0,3,2,1,17115,83.1399993896484,0,3,2,3,1,292.589996337891,334.290008544922,0.045577347278595
54,0,0,4,2,1,17116,NA,NA,NA,NA,NA,1,0,0,NA
47,1,0,2,2,1,17117,41.4599990844727,0,1,3,3,0,182.035171508789,274.470001220703,0.0267042145133018
54,1,0,4,2,1,17121,22.4200000762939,1,3,2,2,1,78.2206192016602,157.600006103516,0.0732403099536896
51,1,0,4,2,1,17122,47.2700004577637,1,3,1,2,1,141.078109741211,196.669998168945,0.235286056995392
59,1,0,3,2,1,17124,NA,NA,NA,NA,NA,1,0,0,NA
50,1,0,3,2,1,17125,101.129997253418,0,1,2,2,1,351.242553710938,359.579986572266,0.043233584612608
48,1,0,1,2,1,17129,26.1100006103516,1,1,1,3,0,117.9375,171.979995727539,0.105949230492115
44,1,0,4,2,1,17131,42.5099983215332,0,5,1,1,1,146.410064697266,258.769989013672,0.194470122456551
42,1,0,3,2,1,17132,55.2099990844727,0,1,2,2,1,214.384460449219,222.619995117188,0.031845785677433
37,1,0,3,2,1,17133,65.5599975585938,0,3,1,NA,1,50.2032852172852,0,0.141822949051857
52,0,0,4,2,1,17134,101.089996337891,0,5,1,1,1,285.773315429688,278.230010986328,0.244061470031738
43,1,0,2,2,1,17135,91.7699966430664,0,1,3,3,0,386.694458007812,385.429992675781,0.0230248365551233
52,1,0,4,2,1,17139,42.810001373291,1,5,3,3,1,135.861053466797,303.549987792969,0.0654705762863159
58,1,0,3,2,1,17141,72.3499984741211,1,5,2,2,1,216.511734008789,203.710006713867,0.0710923299193382
43,0,0,2,2,1,17144,48.8499984741211,0,2,3,3,0,203.206680297852,392.390014648438,0.0231115520000458
54,0,0,4,2,1,17147,65.3600006103516,0,4,1,1,1,172.559310913086,282.459991455078,0.262723386287689
50,1,0,3,2,1,17148,409.989990234375,0,1,2,2,1,146.97492980957,191.639999389648,0.043233584612608
47,1,0,3,2,1,17149,NA,NA,NA,NA,NA,1,0,0,NA
47,1,0,3,2,1,17151,NA,NA,NA,NA,NA,1,0,0,NA
50,0,0,3,2,1,17152,44.2000007629395,1,3,1,1,1,147.558471679688,217.869995117188,0.184797659516335
49,1,0,4,2,1,17153,67.4100036621094,0,2,3,3,1,221.314254760742,285.829986572266,0.0564385242760181
37,1,0,3,2,1,17158,97.1800003051758,0,1,2,2,1,385.865234375,444.820007324219,0.0295343920588493
49,0,0,3,2,1,17160,68.9122619628906,0,1,2,3,1,736.213989257812,646.669982910156,0.0412749461829662
49,1,0,3,2,1,17161,53.939998626709,0,2,2,1,1,202.863265991211,242.869995117188,0.0411347970366478
38,1,0,3,2,1,17162,44.4300003051758,0,2,2,3,1,197.488342285156,271,0.0297592524439096
43,1,0,1,2,1,17163,108.855781555176,0,1,2,3,0,524.167541503906,509.5,0.0158882364630699
59,0,0,3,2,1,17164,84.7799987792969,0,1,3,3,1,237.349975585938,282.010009765625,0.0766761973500252
46,1,0,4,2,1,17165,52.580940246582,0,1,1,1,1,663.362609863281,616.380004882812,0.203305020928383
56,1,0,3,2,1,17170,93.2200012207031,0,1,3,3,1,288.686584472656,292.399993896484,0.0618583783507347
59,1,0,3,2,1,17171,NA,NA,NA,NA,NA,1,0,0,NA
50,1,0,4,2,1,17172,173.912948608398,0,3,1,1,1,359.136749267578,399.839996337891,0.227668836712837
51,1,0,3,2,1,17173,543.580017089844,0,2,1,2,1,178.222671508789,268.929992675781,0.191107615828514
52,0,0,3,2,1,17174,65.3099975585938,0,1,1,NA,1,76.3736038208008,0,0.198896154761314
44,1,0,3,2,1,17176,52.4700012207031,0,3,2,3,1,211.83283996582,258.809997558594,0.0336750745773315
46,0,0,4,2,1,17177,40.0200004577637,0,5,1,1,1,125.007545471191,213.270004272461,0.20375420153141
53,1,0,3,2,1,17178,66.3499984741211,0,1,1,NA,1,85.7248306274414,0,0.206442087888718
NA,1,0,3,2,1,17180,117.700561523438,0,1,2,1,1,624.230407714844,616.75,0.0303501505404711
45,1,0,1,2,1,17183,40.6100006103516,0,3,3,3,0,204.167465209961,219.449996948242,0.0170504543930292
56,1,0,3,2,1,17185,122.065437316895,0,1,3,3,1,553.297729492188,499.540008544922,0.0618583783507347
48,0,0,3,2,1,17186,17.8999996185303,1,2,1,NA,1,10.9893407821655,0,0.173037990927696
34,0,0,3,2,1,17187,80.7600021362305,0,1,2,3,1,307.089324951172,341.239990234375,0.0296401549130678
45,0,0,3,2,1,17189,123.584358215332,0,2,3,3,1,661.210205078125,736.390014648438,0.0349357984960079
48,1,0,4,2,1,17191,102.809997558594,0,5,3,3,1,338.142730712891,387.420013427734,0.0540208071470261
40,0,0,4,2,1,17192,38.75,0,5,1,1,1,125.116485595703,220.479995727539,0.183185026049614
43,1,0,1,2,1,17194,81.9599990844727,0,1,1,3,0,360.165649414062,327.269989013672,0.0914801806211472
48,0,0,4,2,1,17195,51.0299987792969,0,5,1,1,1,165.647735595703,242.039993286133,0.214777126908302
45,0,0,3,2,1,17196,41.6699981689453,0,2,1,1,1,145.386322021484,273.850006103516,0.159327358007431
43,1,0,3,2,1,17198,77.6853408813477,0,1,3,3,1,737.516235351562,708.429992675781,0.0326890014111996
49,0,0,4,2,1,17200,63.2900009155273,0,5,1,2,1,194.804931640625,227.679992675781,0.22115758061409
51,1,0,1,2,1,17203,97.8018798828125,0,1,1,1,0,579.927917480469,558.369995117188,0.11932485550642
48,0,0,3,2,1,17204,47,0,1,1,NA,1,90.0181350708008,0,0.173037990927696
52,1,0,4,2,1,17206,36.75,1,3,1,1,1,112.080169677734,163.949996948242,0.243563696742058
42,1,0,1,2,1,17207,26.1800003051758,0,1,1,2,0,118.410903930664,166.110000610352,0.0895771607756615
50,1,0,4,2,1,17209,62.0400009155273,0,5,1,3,1,192.913909912109,249.830001831055,0.227668836712837
47,1,0,4,2,1,17210,26.2099990844727,1,2,3,3,1,103.337684631348,263.279998779297,0.0518624819815159
48,1,0,4,2,1,17212,28.2299995422363,1,3,1,1,1,92.7549591064453,195.149993896484,0.214313834905624
33,1,0,4,2,1,17213,86.9300003051758,0,5,2,3,1,312.233734130859,298.739990234375,0.0416282638907433
54,1,0,4,2,1,17215,53.2400016784668,1,5,1,3,1,151.653381347656,207.970001220703,0.262205898761749
49,1,0,3,2,1,17216,86.4073791503906,0,1,1,2,1,420.433776855469,437.720001220703,0.17822502553463
58,1,0,4,2,1,17219,168.626480102539,0,2,1,1,1,505.495513916016,524.309997558594,0.308567583560944
53,1,0,3,2,1,17221,62.560001373291,0,1,1,3,1,201.35466003418,293.959991455078,0.206442087888718
49,1,0,4,2,1,17222,43.0499992370605,1,5,1,2,1,141.940292358398,263.579986572266,0.220686390995979
48,0,0,4,2,1,17223,64.629997253418,0,5,1,1,1,194.013824462891,341.480010986328,0.214777126908302
54,1,0,4,2,1,17224,40.1699981689453,1,3,2,2,1,126.431419372559,192.360000610352,0.0732403099536896
53,1,0,3,2,1,17225,65.6668395996094,0,1,2,2,1,511.789855957031,457.380004882812,0.0510932542383671
56,1,0,4,2,1,17226,75.6636505126953,0,2,2,1,1,340.042633056641,383.059997558594,0.0827078744769096
39,1,0,4,2,1,17227,32.4199981689453,0,4,1,1,1,117.183967590332,192.550003051758,0.181002601981163
42,1,0,4,2,1,17231,56.0200004577637,0,5,3,3,1,197.463897705078,309.119995117188,0.0443721227347851
53,1,0,3,2,1,17232,116.389923095703,0,1,3,3,1,651.576782226562,614.950012207031,0.0510932542383671
47,1,0,4,2,1,17233,101.569999694824,0,5,1,1,1,328.986022949219,425.010009765625,0.208527475595474
49,1,0,1,2,1,17234,43.1199989318848,1,1,3,3,0,198.01823425293,261.600006103516,0.0205651968717575
47,1,0,4,2,1,17235,47.2900009155273,0,5,1,1,1,151.303497314453,239.710006713867,0.208527475595474
42,1,0,4,2,1,17236,56.7000007629395,0,4,1,2,1,191.645706176758,317.010009765625,0.187662392854691
53,0,0,3,2,1,17246,65.4800033569336,0,1,2,NA,1,42.8633728027344,0,0.0512600615620613
50,1,0,3,2,1,17247,141.605133056641,0,1,2,2,1,624.110900878906,570.409973144531,0.043233584612608
48,1,0,4,2,1,17249,115.390022277832,0,5,1,1,1,630.927734375,595.109985351562,0.214313834905624
50,1,0,4,2,1,17250,42.439998626709,1,5,2,3,1,144.188385009766,189.220001220703,0.0591366998851299
40,0,0,4,2,1,17252,41.2900009155273,0,4,3,3,1,150.500793457031,188.179992675781,0.0428245216608047
58,1,0,1,2,1,17253,104.370002746582,0,2,1,1,0,382.480651855469,347.239990234375,0.169350624084473
45,1,0,1,2,1,17257,57.7700004577637,0,1,2,1,0,264.35791015625,319.350006103516,0.0170504543930292
48,0,0,3,2,1,17258,71.0400009155273,0,1,2,1,1,249.05061340332,357.450012207031,0.0393955558538437
34,1,0,4,2,1,17259,20.7299995422363,0,3,3,3,1,87.2289123535156,91.8899993896484,0.0413329601287842
58,0,0,3,2,1,17261,653.27001953125,0,1,2,3,1,181.414276123047,291.309997558594,0.0713083073496819
40,0,0,3,2,1,17262,43.740291595459,0,1,3,3,1,569.976318359375,556.710021972656,0.0306668020784855
49,1,0,4,2,1,17263,73.8000030517578,0,4,1,1,1,227.892181396484,221.119995117188,0.220686390995979
47,0,0,4,2,1,17264,103.5,0,4,1,2,1,317.226989746094,427.059997558594,0.208983451128006
56,1,0,1,2,1,17267,63.8800010681152,0,1,1,NA,0,47.7284317016602,0,0.151883333921432
40,0,0,3,2,1,17268,NA,NA,NA,NA,NA,1,0,0,NA
51,1,0,3,2,1,17269,64.629997253418,0,1,3,3,1,223.558822631836,286.600006103516,0.045577347278595
42,1,0,4,2,1,17271,110.430000305176,0,5,1,1,1,375.956726074219,375.790008544922,0.187662392854691
36,1,0,4,2,1,17272,57.1800003051758,0,4,3,3,1,208.878143310547,291.399993896484,0.0411866083741188
48,1,0,3,2,1,17274,90.0400009155273,0,1,1,1,1,314.762481689453,366.779998779297,0.172631964087486
50,1,0,4,2,1,17276,42.6300010681152,1,5,1,1,1,131.546539306641,230.029998779297,0.227668836712837
48,0,0,4,2,1,17279,105.309997558594,0,1,1,2,1,324.747863769531,349.019989013672,0.214777126908302
55,0,0,4,2,1,17283,94.5455551147461,0,3,2,2,1,365.0224609375,339.769989013672,0.0779748931527138
64,1,0,3,2,1,17285,30.5300006866455,1,2,1,NA,1,13.6890106201172,0,0.345596700906754
46,1,0,2,2,1,17286,87.0199966430664,0,1,3,3,0,356.686492919922,388.989990234375,0.025591840967536
57,1,0,3,2,1,17287,174.469451904297,0,1,2,3,1,346.919372558594,377.799987792969,0.0662437900900841
47,0,0,1,2,1,17288,42.2000007629395,0,1,1,1,0,171.667037963867,192.089996337891,0.102618172764778
52,1,0,4,2,1,17289,41.1500015258789,1,5,3,3,1,140.918395996094,215.5,0.0654705762863159
45,1,0,2,2,1,17290,33.5200004577637,0,1,2,3,0,145.505035400391,169.820007324219,0.0246144961565733
37,1,0,4,2,1,17292,42.810001373291,0,3,2,2,1,162.939895629883,251.960006713867,0.0413342975080013
44,1,0,4,2,1,17295,43.7999992370605,0,4,2,3,1,160.723342895508,214.690002441406,0.0467656888067722
47,1,0,2,2,1,17299,73.8899993896484,0,2,2,3,0,306.516876220703,284.369995117188,0.0267042145133018
49,0,0,3,2,1,17303,71.0500030517578,0,2,2,2,1,250.641891479492,232.669998168945,0.0412749461829662
49,1,0,3,2,1,17304,52.6100006103516,0,3,1,1,1,186.604736328125,225.839996337891,0.17822502553463
53,0,0,4,2,1,17305,101.790000915527,0,5,2,2,1,294.013092041016,320.5,0.0693721100687981
44,1,0,4,2,1,17306,103.669998168945,0,5,1,2,1,345.191619873047,389.640014648438,0.194470122456551
56,1,0,3,2,1,17307,505.809997558594,0,1,1,NA,1,29.8109588623047,0,0.234581157565117
45,1,0,3,2,1,17308,71.8416748046875,0,1,1,1,1,422.809631347656,487.890014648438,0.158942431211472
55,1,0,4,2,1,17311,40.9799995422363,1,4,2,2,1,129.947799682617,163.429992675781,0.0777436718344688
52,1,0,4,2,1,17313,NA,NA,NA,NA,NA,1,0,0,NA
44,1,0,3,2,1,17315,111.966217041016,0,1,3,3,1,437.121276855469,402.320007324219,0.0336750745773315
42,1,0,2,2,1,17318,44.7400016784668,0,1,3,3,0,202.766036987305,239.009994506836,0.0223958175629377
47,1,0,3,2,1,17321,25.9599990844727,1,2,2,3,1,112.595634460449,205.160003662109,0.0375928096473217
43,1,0,4,2,1,17322,68.6999969482422,0,4,2,3,1,248.547775268555,256.989990234375,0.0454765781760216
42,1,0,4,2,1,17323,25.4300003051758,0,4,1,1,1,89.4038238525391,165.490005493164,0.187662392854691
51,1,0,1,2,1,17324,43.2000007629395,1,3,1,2,0,182.902694702148,238.929992675781,0.11932485550642
52,1,0,4,2,1,17326,26.5799999237061,1,4,1,1,1,86.3924026489258,133.190002441406,0.243563696742058
NA,1,0,3,2,1,17327,82.3600006103516,0,1,2,1,1,332.950134277344,327.239990234375,0.0303501505404711
43,1,0,4,2,1,17328,100.699996948242,0,4,1,1,1,334.146636962891,310.959991455078,0.190820917487144
50,1,0,4,2,1,17329,54.6199989318848,0,4,1,1,1,174.796005249023,235.369995117188,0.227668836712837
46,0,0,4,2,1,17330,40.0400009155273,0,5,2,3,1,134.980377197266,245.419998168945,0.0501085296273232
51,1,0,4,2,1,17331,107.589996337891,0,5,3,3,1,327.477996826172,323.75,0.0621387623250484
52,1,0,4,2,1,17335,96.7200012207031,0,1,1,2,1,288.670257568359,330.260009765625,0.243563696742058
47,1,0,3,2,1,17337,43.9700012207031,0,1,1,2,1,165.157592773438,213.309997558594,0.167569503188133
42,1,0,4,2,1,17341,158.640441894531,0,3,1,2,1,379.402252197266,395.920013427734,0.187662392854691
38,1,0,3,2,1,17343,36.5299987792969,0,2,1,2,1,144.790328979492,246.220001220703,0.142573654651642
54,1,0,3,2,1,17345,100.919998168945,0,3,1,3,1,320.407165527344,312.5,0.2151048630476
59,1,0,4,2,1,17346,NA,NA,NA,NA,NA,1,0,0,NA
42,1,0,2,2,1,17347,94.629997253418,0,1,3,3,0,392.730255126953,379.329986572266,0.0223958175629377
48,1,0,3,2,1,17349,87.7699966430664,0,1,2,2,1,316.429412841797,388.059997558594,0.0392606109380722
47,0,0,3,2,1,17350,74.6500015258789,0,1,3,3,1,269.30126953125,370.739990234375,0.0377230644226074
47,1,0,4,2,1,17352,101.290000915527,0,5,1,1,1,328.243316650391,380.100006103516,0.208527475595474
47,1,0,4,2,1,17358,22.3299999237061,1,3,1,1,1,80.8013916015625,197.570007324219,0.208527475595474
41,1,0,4,2,1,17359,58.0299987792969,0,3,1,1,1,202.966827392578,294.010009765625,0.184980794787407
42,1,0,4,2,1,17361,50.4599990844727,0,5,2,3,1,185.18278503418,301.079986572266,0.0443721227347851
41,1,0,3,2,1,17364,79.9800033569336,0,2,2,3,1,312.373626708984,304.899993896484,0.0311373621225357
49,1,0,3,2,1,17365,103.779998779297,0,1,1,3,1,356.997253417969,385.829986572266,0.17822502553463
48,1,0,3,2,1,17366,NA,NA,NA,NA,NA,1,0,0,NA
45,1,0,3,2,1,17367,108.006988525391,0,1,3,3,1,598.815673828125,611.559997558594,0.0348134785890579
58,1,0,4,2,1,17368,46.1699981689453,1,5,1,2,1,117.170700073242,193.009994506836,0.308567583560944
52,1,0,1,2,1,17369,91.2900009155273,0,1,2,1,0,369.067047119141,353.559997558594,0.0245788749307394
51,1,0,4,2,1,17371,160.485702514648,0,1,2,2,1,433.560302734375,419.510009765625,0.0621387623250484
47,1,0,3,2,1,17373,60.9900016784668,0,2,1,1,1,232.623046875,260.559997558594,0.167569503188133
45,1,0,3,2,1,17379,47.189998626709,0,1,2,3,1,191.727447509766,279.609985351562,0.0348134785890579
51,1,0,4,2,1,17380,81.1800003051758,0,5,3,2,1,255.672653198242,266.869995117188,0.0621387623250484
49,0,0,3,2,1,17382,140.256225585938,0,1,2,3,1,408.618072509766,415.670013427734,0.0412749461829662
40,1,0,2,2,1,17384,104.860000610352,0,2,3,3,0,448.629211425781,455.339996337891,0.0214365608990192
51,1,0,3,2,1,17385,488.440002441406,0,1,1,NA,1,32.0604858398438,0,0.191107615828514
49,1,0,4,2,1,17386,57.7599983215332,0,4,1,1,1,185.384689331055,228.740005493164,0.220686390995979
56,1,0,4,2,1,17387,62.4500007629395,1,3,1,1,1,166.927780151367,287.190002441406,0.28380686044693
54,1,0,4,2,1,17389,21.0799999237061,1,3,2,3,1,80.3269195556641,159.229995727539,0.0732403099536896
45,1,0,3,2,1,17390,217.170745849609,0,1,2,2,1,684.393127441406,717.549987792969,0.0348134785890579
38,0,0,4,2,1,17391,100.650001525879,0,5,1,1,1,334.150909423828,317.25,0.180104523897171
42,1,0,4,2,1,17392,17.7199993133545,0,4,1,NA,1,13.0509204864502,0,0.187662392854691
42,1,0,4,2,1,17393,81.8300018310547,0,5,1,1,1,283.145172119141,325.869995117188,0.187662392854691
45,0,0,3,2,1,17394,54.6287536621094,0,1,3,3,1,774.624145507812,763.070007324219,0.0349357984960079
46,0,0,4,2,1,17395,NA,NA,NA,NA,NA,1,0,0,NA
52,1,0,3,2,1,17396,91.3099975585938,0,1,1,1,1,309.988342285156,312.869995117188,0.198453456163406
45,1,0,1,2,1,17397,45.7099990844727,0,1,2,1,0,223.533081054688,364.130004882812,0.0170504543930292
53,1,0,4,2,1,17398,91.1100006103516,0,5,1,1,1,263.804870605469,314.380004882812,0.252528101205826
54,1,0,1,2,1,17399,101.589996337891,0,1,3,3,0,405.646331787109,378.459991455078,0.0281377844512463
43,1,0,4,2,1,17400,40.689998626709,0,5,1,3,1,143.201690673828,186.179992675781,0.190820917487144
49,1,0,1,2,1,17402,NA,NA,NA,NA,NA,0,0,0,NA
48,1,0,4,2,1,17403,87.0500030517578,0,1,1,2,1,277.868133544922,300.920013427734,0.214313834905624
57,1,0,3,2,1,17404,NA,NA,NA,NA,NA,1,0,0,NA
57,0,0,4,2,1,17405,79.75,0,5,1,NA,1,38.3565139770508,0,0.296329230070114
55,1,0,1,2,1,17410,80.870002746582,0,1,3,3,0,323.976898193359,345.959991455078,0.0302430540323257
47,0,0,2,2,1,17411,49.9300003051758,0,2,1,1,0,194.356491088867,204.199996948242,0.132532343268394
52,0,0,4,2,1,17412,53.7999992370605,1,5,2,3,1,161.572372436523,236.929992675781,0.0656732395291328
47,1,0,4,2,1,17413,46.0400009155273,0,5,1,1,1,151.947769165039,172.770004272461,0.208527475595474
49,0,0,3,2,1,17414,40.25,1,1,3,3,1,137.54914855957,242.070007324219,0.0412749461829662
43,1,0,4,2,1,17415,48.4099998474121,0,5,1,2,1,163.903869628906,236.809997558594,0.190820917487144
36,1,0,4,2,1,17417,24.0300006866455,0,3,2,1,1,100.059852600098,181.490005493164,0.0411866083741188
35,1,0,4,2,1,17418,47.3400001525879,0,5,1,1,1,172.481552124023,197.270004272461,0.178376957774162
37,1,0,3,2,1,17421,111.905860900879,0,1,3,3,1,719.520080566406,745.210021972656,0.0295343920588493
45,1,0,4,2,1,17422,49.5400009155273,0,3,1,1,1,172.693496704102,195.5,0.198625653982162
48,1,0,2,2,1,17424,NA,NA,NA,NA,NA,0,0,0,NA
50,1,0,4,2,1,17426,76.1699981689453,0,3,1,1,1,237.237152099609,307.140014648438,0.227668836712837
50,1,0,4,2,1,17428,NA,NA,NA,NA,NA,1,0,0,NA
56,1,0,3,2,1,17429,100.660003662109,0,1,2,2,1,314.417572021484,401.010009765625,0.0618583783507347
40,1,0,3,2,1,17430,145.990631103516,0,1,1,1,1,773.739868164062,685.710021972656,0.145220533013344
52,1,0,3,2,1,17431,41.7200012207031,1,3,1,2,1,144.049743652344,203.130004882812,0.198453456163406
42,1,0,3,2,1,17432,77.6399993896484,0,1,1,1,1,296.697235107422,306.950012207031,0.149444967508316
58,1,0,3,2,1,17433,NA,NA,NA,NA,NA,1,0,0,NA
41,1,0,4,2,1,17434,64.8300018310547,0,1,1,1,1,219.391998291016,312.489990234375,0.184980794787407
52,0,0,2,2,1,17437,41.2900009155273,1,1,2,3,0,157.949905395508,211.399993896484,0.0348881557583809
NA,0,0,3,2,1,17440,75.1716995239258,0,1,2,2,1,803.234130859375,715.609985351562,0.0303501505404711
43,1,0,3,2,1,17443,44.7299995422363,0,1,2,2,1,178.611267089844,290,0.0326890014111996
51,1,0,3,2,1,17444,NA,NA,NA,NA,NA,1,0,0,NA
55,0,0,1,2,1,17445,51.2599983215332,0,1,1,NA,0,36.8774490356445,0,0.144542783498764
40,1,0,2,2,1,17447,136.897308349609,0,1,3,3,0,584.900573730469,485.459991455078,0.0214365608990192
57,1,0,3,2,1,17448,32.9799995422363,1,1,2,NA,1,21.5464687347412,0,0.0662437900900841
35,1,0,2,2,1,17449,64.0724639892578,0,3,1,2,0,488.370178222656,417.589996337891,0.110077761113644
49,1,0,1,2,1,17450,113.87264251709,0,1,3,3,0,572.234252929688,572.72998046875,0.0205651968717575
41,1,0,4,2,1,17451,48.6699981689453,0,5,1,1,1,167.169845581055,304.420013427734,0.184980794787407
53,1,0,3,2,1,17453,35.1699981689453,1,1,1,2,1,115.048240661621,141.669998168945,0.206442087888718
55,1,0,3,2,1,17455,77.0495147705078,0,1,1,1,1,376.712005615234,395.579986572266,0.224473759531975
48,1,0,4,2,1,17457,110.970001220703,0,2,1,1,1,346.490936279297,366.940002441406,0.214313834905624
37,0,0,4,2,1,17458,89.6800003051758,0,3,3,3,1,306.273773193359,343.209991455078,0.0414750017225742
40,1,0,4,2,1,17461,104.540000915527,0,3,1,3,1,361.280090332031,387.609985351562,0.182764127850533
54,0,0,4,2,1,17463,65.2900009155273,0,3,1,1,1,171.94384765625,204.570007324219,0.262723386287689
42,0,0,4,2,1,17467,56.0400009155273,0,5,1,1,1,185.338150024414,325.720001220703,0.188090264797211
46,1,0,1,2,1,17468,75.4000015258789,0,1,3,3,0,340.579162597656,316.760009765625,0.0177674517035484
40,1,0,4,2,1,17471,109.160003662109,0,5,1,1,1,371.633483886719,330.079986572266,0.182764127850533
40,1,0,2,2,1,17472,54.4500007629395,0,3,1,2,0,231.968688964844,253.429992675781,0.113249234855175
55,1,0,3,2,1,17473,39.6633758544922,1,2,1,1,1,620.553283691406,519.109985351562,0.224473759531975
50,0,0,4,2,1,17475,41.4199981689453,1,3,1,2,1,123.275482177734,156.169998168945,0.228148460388184
43,0,0,2,2,1,17476,111.398506164551,0,2,1,2,0,462.045532226562,463.320007324219,0.119431331753731
46,1,0,2,2,1,17480,86.6371231079102,0,1,1,1,0,812.317199707031,764.859985351562,0.128309085965157
51,0,0,3,2,1,17483,41.5499992370605,1,1,2,3,1,143.572463989258,203.979995727539,0.0457295924425125
64,1,0,4,2,1,17484,46.4900016784668,1,4,3,3,1,98.384407043457,121.069999694824,0.144463434815407
55,1,0,4,2,1,17488,43.0800018310547,1,4,1,1,1,120.562881469727,209.080001831055,0.27262356877327
41,1,0,4,2,1,17489,57.7200012207031,0,5,3,3,1,210.485946655273,268.739990234375,0.0434426926076412
44,0,0,4,2,1,17490,109.779998779297,0,5,2,2,1,370.488159179688,453.630004882812,0.0469210930168629
41,1,0,1,2,1,17491,143.691467285156,0,1,3,3,0,618.201049804688,565.690002441406,0.0150458486750722
53,1,0,3,2,1,17492,83.7300033569336,0,1,1,2,1,267.042541503906,315.920013427734,0.206442087888718
44,1,0,1,2,1,17493,73.7900009155273,0,2,1,1,0,331.298370361328,302.380004882812,0.0936914309859276
45,1,0,1,2,1,17494,100.51000213623,0,2,1,2,0,433.651214599609,444.399993896484,0.0962258577346802
51,0,0,1,2,1,17495,NA,NA,NA,NA,NA,0,0,0,NA
49,1,0,3,2,1,17499,82.5100021362305,0,1,2,3,1,301.809906005859,318.200012207031,0.0411347970366478
48,1,0,3,2,1,17500,46.8699989318848,0,5,3,3,1,176.779251098633,289.190002441406,0.0392606109380722
55,0,0,4,2,1,17501,94.0500030517578,0,5,1,NA,1,47.1934089660645,0,0.273151278495789
52,0,0,4,2,1,17502,NA,NA,NA,NA,NA,1,0,0,NA
41,0,0,3,2,1,17504,44.9799995422363,0,3,1,1,1,161.582412719727,295.559997558594,0.147496521472931
NA,1,0,1,2,1,17506,53.2400016784668,1,1,3,3,0,217.017700195312,212.339996337891,0.0303501505404711
52,1,0,4,2,1,17507,60.7099990844727,0,5,1,1,1,180.919128417969,218.220001220703,0.243563696742058
54,0,0,4,2,1,17509,52.2353591918945,1,5,3,3,1,573.231384277344,520.619995117188,0.0734612718224525
40,1,0,4,2,1,17511,41.5299987792969,0,5,1,3,1,149.402908325195,227.009994506836,0.182764127850533
51,1,0,3,2,1,17514,79.8199996948242,0,1,3,3,1,283.813751220703,320.019989013672,0.045577347278595
60,1,0,3,2,1,17515,NA,NA,NA,NA,NA,1,0,0,NA
NA,1,0,4,2,1,17517,41.2200012207031,1,1,2,3,1,176.917327880859,203.149993896484,0.0303501505404711
44,1,0,2,2,1,17518,47.5299987792969,0,1,2,3,0,210.599319458008,239.009994506836,0.0237618200480938
47,1,0,4,2,1,17520,80.2200012207031,0,1,3,3,1,273.960144042969,270.209991455078,0.0518624819815159
39,0,0,3,2,1,17521,47.3499984741211,0,2,3,2,1,183.729263305664,261.260009765625,0.0302075110375881
40,1,0,3,2,1,17523,700.580017089844,0,1,1,2,1,259.453704833984,400.589996337891,0.145220533013344
46,1,0,4,2,1,17524,34.5099983215332,1,3,2,2,1,131.442367553711,179.139999389648,0.0499447137117386
NA,NA,0,3,2,1,17527,39.9900016784668,0,3,2,2,1,151.505508422852,199.429992675781,0.0303501505404711
49,1,0,4,2,1,17530,62.6800003051758,0,5,3,3,1,207.95475769043,282.989990234375,0.0564385242760181
42,0,0,3,2,1,17533,71.4400024414062,0,1,1,1,1,265.932250976562,386.170013427734,0.149814546108246
47,1,0,3,2,1,17534,27.8199996948242,1,2,2,2,1,118.304786682129,200.270004272461,0.0375928096473217
64,1,0,4,2,1,17535,155.026519775391,0,4,1,2,1,211.183563232422,256.390014648438,0.403242617845535
51,1,0,2,2,1,17538,89.5599975585938,0,1,3,3,0,352.537445068359,323.609985351562,0.0327660292387009
54,1,0,4,2,1,17539,25.4200000762939,1,3,1,3,1,74.8437576293945,140.149993896484,0.262205898761749
52,1,0,4,2,1,17541,46.2999992370605,1,4,2,3,1,151.425933837891,220.869995117188,0.0654705762863159
34,0,0,4,2,1,17542,20.2900009155273,0,5,1,1,1,75.7614059448242,120,0.179225817322731
45,1,0,1,2,1,17543,65.7399978637695,0,3,1,1,0,282.487365722656,266.040008544922,0.0962258577346802
49,1,0,3,2,1,17544,19.8400001525879,1,2,2,3,1,83.4095306396484,144.690002441406,0.0411347970366478
47,1,0,3,2,1,17546,91.9199981689453,0,1,1,2,1,324.8447265625,452.829986572266,0.167569503188133
36,1,0,2,2,1,17550,NA,NA,NA,NA,NA,0,0,0,NA
55,1,0,4,2,1,17551,44.1699981689453,1,5,1,1,1,121.314636230469,189.770004272461,0.27262356877327
49,1,0,4,2,1,17552,20.9400005340576,1,3,2,3,1,88.708251953125,186.710006713867,0.0564385242760181
59,0,0,3,2,1,17553,73.8499984741211,1,1,2,2,1,204.818374633789,285.059997558594,0.0766761973500252
52,1,0,4,2,1,17556,20.2900009155273,1,4,1,2,1,63.9289054870605,153.710006713867,0.243563696742058
46,1,0,2,2,1,17557,44.7299995422363,0,1,3,3,0,194.22526550293,193.710006713867,0.025591840967536
45,1,0,2,2,1,17558,108.123558044434,0,1,1,2,0,551.596130371094,548.799987792969,0.124848209321499
43,0,0,4,2,1,17559,NA,NA,NA,NA,NA,1,0,0,NA
58,1,0,1,2,1,17561,81.4856719970703,0,1,3,3,0,429.565460205078,468.320007324219,0.038176491856575
41,1,0,3,2,1,17562,59.9057426452637,0,1,2,2,1,583.478393554688,578.929992675781,0.0311373621225357
48,1,0,3,2,1,17563,80.120002746582,0,1,3,3,1,292.745422363281,301.540008544922,0.0392606109380722
47,1,0,4,2,1,17564,43.2299995422363,0,4,1,2,1,142.426986694336,169.039993286133,0.208527475595474
52,1,0,4,2,1,17567,49.4500007629395,1,4,1,1,1,159.511291503906,250.580001831055,0.243563696742058
49,1,0,4,2,1,17570,109.51000213623,0,1,1,1,1,339.8603515625,362,0.220686390995979
43,1,0,3,2,1,17571,410.589996337891,0,1,3,3,1,159.322463989258,204.600006103516,0.0326890014111996
36,1,0,3,2,1,17574,44.3300018310547,0,3,1,1,1,179.853225708008,197.710006713867,0.141448020935059
43,1,0,4,2,1,17577,71.8499984741211,0,3,1,3,1,246.693801879883,255.5,0.190820917487144
47,1,0,3,2,1,17578,63.0200004577637,0,1,3,3,1,235.242919921875,226.710006713867,0.0375928096473217
45,1,0,4,2,1,17579,106.190002441406,0,5,2,2,1,363.62841796875,353.149993896484,0.0482507310807705
44,1,0,3,2,1,17583,57.4700012207031,0,1,1,1,1,215.014404296875,270.519989013672,0.155335694551468
49,1,0,3,2,1,17584,50.3199996948242,0,2,3,3,1,193.867233276367,330.109985351562,0.0411347970366478
46,1,0,4,2,1,17587,38.3006439208984,0,1,2,2,1,743.152038574219,620.299987792969,0.0499447137117386
47,1,0,3,2,1,17588,155.053726196289,0,1,1,2,1,801.111267089844,759.559997558594,0.167569503188133
55,1,0,3,2,1,17590,85.6900024414062,0,1,2,NA,1,88.150764465332,0,0.0578956827521324
57,1,0,3,2,1,17591,NA,NA,NA,NA,NA,1,0,0,NA
44,1,0,1,2,1,17592,88.7699966430664,0,1,3,3,0,405.386199951172,417.059997558594,0.0164264310151339
44,1,0,3,2,1,17594,68.9300003051758,0,1,1,1,1,251.148071289062,367.420013427734,0.155335694551468
54,1,0,3,2,1,17595,44.4599990844727,1,2,3,3,1,160.036041259766,192.820007324219,0.0543185956776142
44,1,0,3,2,1,17596,97.5376129150391,0,1,1,2,1,776.591552734375,702.539978027344,0.155335694551468
45,1,0,2,2,1,17597,126.448371887207,0,1,2,2,0,487.770599365234,508.230010986328,0.0246144961565733
34,1,0,1,2,1,17598,88.7200012207031,0,1,2,2,0,408.465148925781,376.679992675781,0.0141809824854136
44,0,0,2,2,1,17599,53.6177864074707,0,1,1,1,0,520.732543945312,499.519989013672,0.122110724449158
47,0,0,4,2,1,17600,79.7099990844727,0,5,2,3,1,259.443481445312,249.679992675781,0.0520312823355198
37,0,0,3,2,1,17601,47.3600006103516,0,1,2,3,1,184.486068725586,259.630004882812,0.0296411737799644
39,1,0,3,2,1,17602,42.6199989318848,0,3,1,2,1,166.459182739258,271.329986572266,0.143704161047935
37,1,0,3,2,1,17603,68.379997253418,0,1,1,NA,1,133.693206787109,0,0.141822949051857
61,1,0,3,2,1,17604,47.1100006103516,1,1,2,2,1,131.581192016602,246.690002441406,0.0888733267784119
53,1,0,3,2,1,17610,NA,NA,NA,NA,NA,1,0,0,NA
48,1,0,4,2,1,17611,108.900001525879,0,3,1,1,1,340.945037841797,459.839996337891,0.214313834905624
33,1,0,4,2,1,17612,122.958145141602,0,5,1,1,1,393.4541015625,518.070007324219,0.179681450128555
46,1,0,1,2,1,17613,NA,NA,NA,NA,NA,0,0,0,NA
51,1,0,3,2,1,17622,40.5200004577637,1,2,2,3,1,146.686996459961,218.919998168945,0.045577347278595
46,1,0,4,2,1,17623,20.8999996185303,1,3,2,2,1,81.6937942504883,193.559997558594,0.0499447137117386
51,1,0,1,2,1,17626,25.8400001525879,1,3,3,3,0,124.605094909668,201.690002441406,0.0230823382735252
51,1,0,1,2,1,17627,80.2900009155273,0,1,1,1,0,329.783386230469,335.239990234375,0.11932485550642
52,1,0,4,2,1,17628,46.5299987792969,1,4,1,1,1,146.368713378906,186.570007324219,0.243563696742058
51,1,0,4,2,1,17629,22.6000003814697,1,3,1,1,1,78.358154296875,177.360000610352,0.235286056995392
53,1,0,3,2,1,17631,NA,NA,NA,NA,NA,1,0,0,NA
50,0,0,2,2,1,17633,50.1800003051758,1,2,1,1,0,178.376159667969,271.970001220703,0.14697290956974
46,1,0,3,2,1,17636,84.75,0,2,3,3,1,313.482696533203,324.410003662109,0.0361152030527592
39,1,0,4,2,1,17638,40.4199981689453,0,1,2,3,1,155.437973022461,178.75,0.0420778319239616
47,0,0,4,2,1,17639,42.8199996948242,0,3,1,1,1,132.627792358398,147.699996948242,0.208983451128006
59,1,0,3,2,1,17640,NA,NA,NA,NA,NA,1,0,0,NA
58,0,0,4,2,1,17643,76.4100036621094,0,3,1,1,1,180.405014038086,234.419998168945,0.309126794338226
45,1,0,3,2,1,17644,406.079986572266,0,1,1,2,1,145.303604125977,165.259994506836,0.158942431211472
51,1,0,3,2,1,17645,77.1833724975586,0,1,1,2,1,581.56298828125,629.539978027344,0.191107615828514
32,1,0,4,2,1,17647,25.8299999237061,0,4,1,1,1,96.9802093505859,145.440002441406,0.180993229150772
45,1,0,4,2,1,17650,35.0099983215332,0,5,1,1,1,127.016952514648,218.080001831055,0.198625653982162
57,1,0,4,2,1,17651,50.3199996948242,1,5,2,1,1,142.724273681641,285.399993896484,0.0881730988621712
52,1,0,3,2,1,17652,NA,NA,NA,NA,NA,1,0,0,NA
47,1,0,4,2,1,17653,102.870002746582,0,5,1,1,1,330.077697753906,308,0.208527475595474
45,1,0,4,2,1,17655,60.7700004577637,0,3,1,1,1,202.997695922852,229.389999389648,0.198625653982162
46,1,0,1,2,1,17656,61.310001373291,0,1,3,3,0,279.010986328125,274.720001220703,0.0177674517035484
39,1,0,3,2,1,17659,43.7000007629395,0,3,2,3,1,180.98616027832,174.429992675781,0.0300990268588066
NA,1,0,1,2,1,17660,101.779998779297,0,1,1,1,0,385.602325439453,359.600006103516,0.144536748528481
42,1,0,2,2,1,17661,42.75,0,1,3,3,0,186.972854614258,276.670013427734,0.0223958175629377
52,1,0,3,2,1,17662,93.7900009155273,0,1,3,3,1,324.891326904297,382.890014648438,0.0481888316571712
48,1,0,4,2,1,17664,72.9100036621094,0,4,2,2,1,246.322357177734,352.559997558594,0.0540208071470261
48,1,0,4,2,1,17665,49.5900001525879,0,5,1,1,1,156.660659790039,191.270004272461,0.214313834905624
46,1,0,4,2,1,17666,46.6100006103516,0,3,2,2,1,169.574462890625,196.610000610352,0.0499447137117386
58,1,0,3,2,1,17667,110.087966918945,0,1,2,2,1,338.234222412109,339.929992675781,0.0710923299193382
43,1,0,3,2,1,17668,40.0283508300781,0,1,3,3,1,541.053527832031,594.859985351562,0.0326890014111996
50,0,0,4,2,1,17670,107,0,5,1,1,1,318.141265869141,422.589996337891,0.228148460388184
41,1,0,2,2,1,17671,59.4300003051758,0,1,2,1,0,273.513427734375,364.880004882812,0.0218682251870632
49,0,0,1,2,1,17673,45.4099998474121,1,1,3,3,0,191.826293945312,318,0.0206440333276987
53,1,0,3,2,1,17674,NA,NA,NA,NA,NA,1,0,0,NA
47,1,0,1,2,1,17675,82.2900009155273,0,1,2,2,0,371.322143554688,409.290008544922,0.0185856781899929
47,1,0,2,2,1,17676,105.806365966797,0,2,1,1,0,780.292663574219,765.539978027344,0.132192268967628
41,1,0,3,2,1,17677,85.8499984741211,0,1,1,1,1,322.382690429688,327.570007324219,0.147130787372589
47,1,0,3,2,1,17678,84.9000015258789,0,1,2,2,1,313.191711425781,310.079986572266,0.0375928096473217
42,1,0,1,2,1,17679,84.0500030517578,0,1,2,3,0,379.842895507812,558.419982910156,0.0154297631233931
44,1,0,3,2,1,17680,42.1300010681152,0,2,2,2,1,170.490249633789,222.580001831055,0.0336750745773315
49,1,0,4,2,1,17682,82.9899978637695,0,1,3,3,1,276.912292480469,375.619995117188,0.0564385242760181
41,1,0,3,2,1,17683,45.5099983215332,0,2,1,3,1,173.72721862793,272.600006103516,0.147130787372589
40,0,0,3,2,1,17685,85.4000015258789,0,2,1,1,1,321.767181396484,404.309997558594,0.14558307826519
46,1,0,4,2,1,17687,57.0161781311035,0,5,1,1,1,416.759857177734,429.429992675781,0.203305020928383
44,0,0,2,2,1,17690,45.310001373291,0,2,2,2,0,189.445190429688,232.059997558594,0.0238508675247431
49,1,0,4,2,1,17694,103.519996643066,0,4,1,1,1,332.087554931641,335.299987792969,0.220686390995979
40,1,0,4,2,1,17696,100.860000610352,0,5,2,1,1,365.123474121094,308.959991455078,0.0426801256835461
57,1,0,3,2,1,17699,100.139999389648,0,1,3,3,1,303.618499755859,299.329986572266,0.0662437900900841
41,0,0,4,2,1,17705,55.8800010681152,0,5,1,1,1,184.34162902832,246.550003051758,0.185404822230339
43,1,0,4,2,1,17707,48.6699981689453,0,3,1,2,1,178.941253662109,194.649993896484,0.190820917487144
47,1,0,3,2,1,17708,101.019996643066,0,3,2,2,1,368.801239013672,452.260009765625,0.0375928096473217
52,1,0,3,2,1,17709,144.341033935547,0,2,3,3,1,406.726715087891,433.779998779297,0.0481888316571712
52,1,0,3,2,1,17711,110.43278503418,0,1,1,1,1,462.053619384766,435.959991455078,0.198453456163406
46,1,0,4,2,1,17712,150.722030639648,0,2,3,3,1,432.382202148438,425.339996337891,0.0499447137117386
55,0,0,3,2,1,17713,84.8000030517578,0,3,2,2,1,258.700469970703,259.140014648438,0.0580798014998436
53,0,0,1,2,1,17714,406.239990234375,0,1,3,3,0,156.636306762695,267.109985351562,0.0263541154563427
41,1,0,3,2,1,17715,24.3400001525879,0,2,1,1,1,95.2558822631836,227.889999389648,0.147130787372589
52,1,0,3,2,1,17716,96.4211959838867,0,1,2,3,1,652.517456054688,683.599975585938,0.0481888316571712
48,1,0,3,2,1,17721,44.060001373291,1,1,1,2,1,161.066833496094,260.220001220703,0.172631964087486
46,0,0,4,2,1,17723,54.1599998474121,0,3,1,2,1,175.487045288086,228.449996948242,0.20375420153141
48,0,0,3,2,1,17725,18.6299991607666,1,2,2,2,1,73.8984527587891,169.309997558594,0.0393955558538437
45,1,0,4,2,1,17726,NA,NA,NA,NA,NA,1,0,0,NA
37,1,0,3,2,1,17730,44.8600006103516,0,1,3,2,1,183.914001464844,222.429992675781,0.0295343920588493
47,0,0,3,2,1,17731,98.5800018310547,0,3,2,3,1,354.570709228516,459.320007324219,0.0377230644226074
47,0,0,4,2,1,17733,85.4800033569336,0,5,2,3,1,273.386322021484,300.559997558594,0.0520312823355198
45,1,0,1,2,1,17735,87.9800033569336,0,1,1,1,0,389.710388183594,399.179992675781,0.0962258577346802
38,0,0,4,2,1,17740,45.810001373291,0,4,3,3,1,158.204315185547,203.220001220703,0.0417720265686512
44,1,0,1,2,1,17741,78.7600021362305,0,3,2,3,0,357.666961669922,375.779998779297,0.0164264310151339
57,1,0,3,2,1,17743,74.3006286621094,0,1,2,2,1,963.498596191406,842.72998046875,0.0662437900900841
39,1,0,2,2,1,17744,74.8596954345703,0,1,3,3,0,515.155639648438,441.570007324219,0.0210964009165764
44,1,0,3,2,1,17746,36.404655456543,0,2,1,1,1,428.826751708984,405.200012207031,0.155335694551468
44,1,0,4,2,1,17747,41.5699996948242,0,4,1,3,1,147.903472900391,156.660003662109,0.194470122456551
49,1,0,2,2,1,17748,62.4409828186035,0,1,3,3,0,468.353698730469,457.970001220703,0.029383011162281
49,1,0,4,2,1,17749,43.2523422241211,1,5,1,2,1,369.424743652344,425.160003662109,0.220686390995979
49,1,0,1,2,1,17750,87.2200012207031,0,1,1,2,0,362.371520996094,373.459991455078,0.109968215227127
52,1,0,1,2,1,17751,12.1000003814697,1,1,2,3,0,80.7000885009766,197.940002441406,0.0245788749307394
37,1,0,2,2,1,17753,46.1199989318848,0,1,2,2,0,202.639678955078,261.640014648438,0.0206774305552244
42,1,0,2,2,1,17754,26.8400001525879,0,1,2,2,0,127.29955291748,235.389999389648,0.0223958175629377
54,1,0,4,2,1,17755,143.014541625977,0,5,1,1,1,318.791961669922,317.179992675781,0.262205898761749
52,1,0,1,2,1,17756,60.4000015258789,0,2,1,1,0,242.839431762695,366.790008544922,0.124721169471741
40,1,0,2,2,1,17759,63.7299995422363,0,3,1,2,0,273.698333740234,308.279998779297,0.113249234855175
43,1,0,4,2,1,17760,44.7200012207031,0,4,1,1,1,151.291549682617,204,0.190820917487144
45,1,0,4,2,1,17761,40.0800018310547,0,5,1,1,1,140.021514892578,182.899993896484,0.198625653982162
50,1,0,3,2,1,17762,33.5,1,4,3,3,1,128.888427734375,220.630004882812,0.043233584612608
51,1,0,3,2,1,17763,90.1040191650391,0,1,3,3,1,1104.48779296875,933.210021972656,0.045577347278595
55,1,0,1,2,1,17764,42.5299987792969,1,1,2,3,0,171.837768554688,210.800003051758,0.0302430540323257
47,0,0,4,2,1,17765,42.5900001525879,0,5,1,1,1,129.633651733398,204.770004272461,0.208983451128006
45,1,0,4,2,1,17769,69.6600036621094,0,1,3,3,1,254.002868652344,311.429992675781,0.0482507310807705
48,1,0,4,2,1,17771,39.7999992370605,1,1,3,3,1,144.097930908203,174.440002441406,0.0540208071470261
46,1,0,3,2,1,17772,91.7200012207031,0,3,3,3,1,337.440765380859,360.160003662109,0.0361152030527592
54,1,0,4,2,1,17773,75.8000030517578,0,4,1,NA,1,41.8579711914062,0,0.262205898761749
66,0,0,3,2,1,17774,89.2300033569336,1,1,3,3,1,179.974258422852,306.299987792969,0.132886171340942
63,1,0,4,2,1,17775,153.060974121094,0,5,2,2,1,261.694274902344,400.25,0.134117543697357
53,1,0,1,2,1,17776,34.9099998474121,0,1,1,NA,0,27.6920433044434,0,0.130639046430588
51,1,0,4,2,1,17777,90.2399978637695,0,2,2,3,1,281.006378173828,313.859985351562,0.0621387623250484
48,1,0,4,2,1,17778,51.2900009155273,0,3,1,1,1,162.920745849609,279.230010986328,0.214313834905624
67,0,0,4,2,1,17779,37.75,1,5,1,NA,1,9.89333438873291,0,0.462790459394455
44,1,0,3,2,1,17781,40.6300010681152,0,3,1,1,1,158.569000244141,193.679992675781,0.155335694551468
46,1,0,1,2,1,17783,42.0400009155273,0,1,2,2,0,202.822784423828,342.910003662109,0.0177674517035484
42,1,0,4,2,1,17784,47.9199981689453,0,5,1,1,1,172.586853027344,183.110000610352,0.187662392854691
41,1,0,4,2,1,17788,40.3300018310547,0,4,1,1,1,144.062438964844,165.770004272461,0.184980794787407
48,1,0,2,2,1,17789,85.6724166870117,0,1,1,1,0,489.0322265625,536.070007324219,0.13651992380619
NA,1,0,4,2,1,17794,44.1599998474121,1,2,2,2,1,179.561782836914,311.739990234375,0.0303501505404711
56,0,0,4,2,1,17795,NA,NA,NA,NA,NA,1,0,0,NA
43,0,0,3,2,1,17796,88.6443023681641,0,3,3,3,1,734.703918457031,758.289978027344,0.032805148512125
53,1,0,4,2,1,17797,40.0999984741211,1,4,1,2,1,126.252052307129,143.929992675781,0.252528101205826
40,1,0,2,2,1,17798,141.31901550293,0,1,2,3,0,516.106201171875,532.549987792969,0.0214365608990192
47,1,0,4,2,1,17799,119.979202270508,0,4,3,3,1,670.405944824219,594.549987792969,0.0518624819815159
42,1,0,2,2,1,17800,57.2200012207031,0,1,1,2,0,238.258636474609,267.640014648438,0.116809122264385
40,1,0,4,2,1,17802,47.0699996948242,0,5,1,1,1,168.149963378906,204,0.182764127850533
48,1,0,3,2,1,17803,NA,NA,NA,NA,NA,1,0,0,NA
44,1,0,4,2,1,17807,56.6300010681152,0,4,1,1,1,191.518539428711,270.829986572266,0.194470122456551
53,0,0,4,2,1,17809,24.7099990844727,1,5,2,3,1,82.4290924072266,189.149993896484,0.0693721100687981
47,1,0,4,2,1,17811,41.6199989318848,0,1,2,3,1,156.319412231445,160.259994506836,0.0518624819815159
NA,1,0,2,2,1,17812,103.569999694824,0,1,3,3,0,403.969329833984,362.649993896484,0.0303501505404711
42,1,0,4,2,1,17813,106.980003356934,0,5,2,2,1,372.514526367188,360.809997558594,0.0443721227347851
42,1,0,3,2,1,17814,45.1500015258789,0,1,2,3,1,180.555236816406,225.490005493164,0.031845785677433
54,0,0,3,2,1,17817,108.01000213623,0,1,1,1,1,331.209350585938,398.359985351562,0.2155691832304
NA,1,0,3,2,1,17818,81.9000015258789,0,4,2,3,1,316.776702880859,427.350006103516,0.0303501505404711
53,0,0,4,2,1,17819,35.9700012207031,1,3,2,1,1,108.220146179199,229.410003662109,0.0693721100687981
47,1,0,1,2,1,17820,32.0999984741211,1,1,2,2,0,151.734313964844,299.369995117188,0.0185856781899929
55,1,0,4,2,1,17823,NA,NA,NA,NA,NA,1,0,0,NA
57,1,0,4,2,1,17824,38.6599998474121,1,4,2,NA,1,22.4917278289795,0,0.0881730988621712
53,1,0,3,2,1,17827,88.9300003051758,0,1,1,1,1,286.41064453125,445.079986572266,0.206442087888718
50,1,0,3,2,1,17829,24.9099998474121,1,2,1,1,1,91.4416580200195,129.779998779297,0.184374466538429
31,1,0,4,2,1,17831,64.7799987792969,0,4,1,1,1,222.333129882812,274.140014648438,0.182752072811127
53,1,0,2,2,1,17832,54.4099998474121,1,1,1,1,0,207.965698242188,225.589996337891,0.165748745203018
44,1,0,4,2,1,17833,38.8300018310547,0,3,1,1,1,132.125259399414,251.419998168945,0.194470122456551
40,0,0,4,2,1,17836,62.6699981689453,0,1,3,3,1,225.283264160156,354.279998779297,0.0428245216608047
46,1,0,3,2,1,17837,116.178665161133,0,1,2,2,1,660.653625488281,621.059997558594,0.0361152030527592
40,1,0,3,2,1,17838,46.1399993896484,0,3,1,2,1,176.784851074219,252.789993286133,0.145220533013344
40,1,0,1,2,1,17840,50.0382385253906,0,1,1,1,0,791.392028808594,722.679992675781,0.0866461098194122
49,0,0,4,2,1,17842,109.300003051758,0,5,1,1,1,326.870635986328,310.040008544922,0.22115758061409
47,1,0,3,2,1,17844,49.3199996948242,0,1,1,NA,1,61.4066963195801,0,0.167569503188133
46,1,0,3,2,1,17847,189.403900146484,0,1,2,3,1,490.752471923828,408.899993896484,0.0361152030527592
48,1,0,3,2,1,17848,23.25,1,4,1,3,1,87.0899505615234,164.779998779297,0.172631964087486
47,0,0,4,2,1,17850,49.9500007629395,0,1,1,2,1,155.481475830078,190.160003662109,0.208983451128006
33,1,0,4,2,1,17853,50.8499984741211,0,5,1,2,1,178.721008300781,289.040008544922,0.179681450128555
48,1,0,3,2,1,17855,81.4199981689453,0,2,1,1,1,285.150115966797,283.339996337891,0.172631964087486
46,1,0,4,2,1,17858,102.459999084473,0,5,1,1,1,333.340789794922,430.119995117188,0.203305020928383
59,1,0,4,2,1,17859,NA,NA,NA,NA,NA,1,0,0,NA
46,1,0,4,2,1,17860,50.060001373291,0,5,3,3,1,177.853805541992,200.089996337891,0.0499447137117386
61,1,0,3,2,1,17861,47.060001373291,1,2,1,1,1,121.887222290039,140.580001831055,0.29729038476944
48,1,0,2,2,1,17862,93.6900024414062,0,1,1,1,0,368.042022705078,404.029998779297,0.13651992380619
54,1,0,4,2,1,17863,NA,NA,NA,NA,NA,1,0,0,NA
43,0,0,3,2,1,17864,115.445175170898,0,1,3,3,1,897.038757324219,778.929992675781,0.032805148512125
48,1,0,1,2,1,17865,16.5499992370605,1,1,2,1,0,96.8733444213867,253.789993286133,0.019514637067914
49,1,0,1,2,1,17866,26.4599990844727,1,4,2,2,0,133.357788085938,263.920013427734,0.0205651968717575
42,1,0,3,2,1,17867,73.6399993896484,0,2,1,1,1,275.706634521484,332.609985351562,0.149444967508316
43,1,0,3,2,1,17868,97.807014465332,0,1,2,2,1,635.311279296875,619.849975585938,0.0326890014111996
48,0,0,2,2,1,17869,46.8501510620117,0,2,3,3,0,806.102294921875,700.22998046875,0.0280654989182949
40,1,0,4,2,1,17874,50.7400016784668,0,5,1,2,1,175.329483032227,221.830001831055,0.182764127850533
57,0,0,3,2,1,17876,NA,NA,NA,NA,NA,1,0,0,NA
44,1,0,3,2,1,17877,803.489990234375,0,1,3,3,1,299.378692626953,309.519989013672,0.0336750745773315
46,0,0,3,2,1,17878,106.25,0,1,2,3,1,377.281799316406,397.279998779297,0.0362412594258785
44,1,0,4,2,1,17880,40.0800018310547,0,4,2,3,1,145.343978881836,188.050003051758,0.0467656888067722
53,1,0,1,2,1,17882,44.3600006103516,1,1,2,3,0,196.548278808594,246.669998168945,0.0262572839856148
44,1,0,3,2,1,17885,573.820007324219,0,1,1,1,1,206.540390014648,218.830001831055,0.155335694551468
57,1,0,4,2,1,17886,102.769996643066,0,3,1,1,1,269.228607177734,272.149993896484,0.295780569314957
53,1,0,4,2,1,17890,91.4700012207031,0,2,1,2,1,261.453552246094,306.279998779297,0.252528101205826
45,1,0,4,2,1,17891,47.1300010681152,0,3,2,2,1,166.871444702148,278.75,0.0482507310807705
49,1,0,1,2,1,17892,22.9200000762939,1,1,3,3,0,110.13557434082,221.929992675781,0.0205651968717575
43,1,0,3,2,1,17893,101.23999786377,0,3,2,2,1,383.539306640625,379.890014648438,0.0326890014111996
49,1,0,4,2,1,17894,84.4887390136719,0,5,1,1,1,443.188262939453,423.630004882812,0.220686390995979
57,0,0,4,2,1,17895,21.1000003814697,1,5,1,2,1,48.7520179748535,152.110000610352,0.296329230070114
50,0,0,2,2,1,17896,62.8600006103516,0,4,1,1,0,240.257522583008,282.5,0.14697290956974
54,1,0,3,2,1,17897,82.129997253418,0,3,2,2,1,273.783966064453,334.880004882812,0.0543185956776142
47,0,0,2,2,1,17898,28.5499992370605,1,1,2,2,0,115.638008117676,150.339996337891,0.0268024224787951
40,1,0,1,2,1,17903,67.8739852905273,0,1,2,3,0,795.617004394531,733.080017089844,0.0147321866825223
44,1,0,3,2,1,17905,103.069999694824,0,1,3,3,1,390.672454833984,365.700012207031,0.0336750745773315
42,1,0,3,2,1,17906,136.258255004883,0,1,3,3,1,767.238098144531,677.059997558594,0.031845785677433
56,0,0,4,2,1,17907,111.169998168945,0,5,1,2,1,278.997497558594,336.720001220703,0.284345060586929
46,1,0,4,2,1,17909,47.0499992370605,0,1,2,3,1,172.430969238281,280.380004882812,0.0499447137117386
51,1,0,3,2,1,17910,109.050003051758,0,1,1,2,1,362.521362304688,404.809997558594,0.191107615828514
52,1,0,4,2,1,17912,54.1800003051758,1,4,2,2,1,172.195449829102,243.020004272461,0.0654705762863159
52,1,0,4,2,1,17914,109.089996337891,0,2,1,1,1,322.181396484375,346.730010986328,0.243563696742058
45,1,0,4,2,1,17915,44.2000007629395,0,5,1,1,1,145.931823730469,186.580001831055,0.198625653982162
42,1,0,1,2,1,17916,83.0100021362305,0,1,3,3,0,386.768737792969,401.869995117188,0.0154297631233931
52,0,0,3,2,1,17917,659.280029296875,0,1,1,3,1,202.026397705078,249.279998779297,0.198896154761314
56,1,0,3,2,1,17918,25.25,1,1,1,NA,1,15.6081409454346,0,0.234581157565117
39,1,0,3,2,1,17919,82.4899978637695,0,1,3,2,1,321.481475830078,338.049987792969,0.0300990268588066
39,1,0,2,2,1,17920,56.1157264709473,0,1,3,3,0,544.561584472656,527.5,0.0210964009165764
48,1,0,2,2,1,17921,96.8099975585938,0,1,2,2,0,393.742980957031,404.529998779297,0.0279634445905685
61,1,0,4,2,1,17922,NA,NA,NA,NA,NA,1,0,0,NA
54,0,0,3,2,1,17923,80.9800033569336,0,1,1,3,1,248.374465942383,270.470001220703,0.2155691832304
43,1,0,2,2,1,17924,46.5,0,1,2,2,0,211.984390258789,261.619995117188,0.0230248365551233
41,0,0,4,2,1,17926,48.6699981689453,0,5,1,1,1,160.310043334961,318.109985351562,0.185404822230339
60,1,0,2,2,1,17928,80.4000015258789,1,1,2,2,0,254.032821655273,271.359985351562,0.0615783706307411
52,0,0,4,2,1,17929,100.339996337891,0,5,1,1,1,285.740631103516,333,0.244061470031738
37,1,0,2,2,1,17930,90.2600021362305,0,1,3,3,0,389.475372314453,371.309997558594,0.0206774305552244
50,1,0,4,2,1,17931,41.7000007629395,1,5,1,1,1,131.103393554688,215.570007324219,0.227668836712837
56,1,0,4,2,1,17932,100.589996337891,0,5,1,1,1,265.562225341797,331.920013427734,0.28380686044693
45,1,0,1,2,1,17934,41.0699996948242,0,1,1,1,0,189.079574584961,209.350006103516,0.0962258577346802
40,1,0,4,2,1,17936,100.779998779297,0,5,1,1,1,342.905853271484,332.890014648438,0.182764127850533
47,1,0,3,2,1,17938,71.1399993896484,0,2,1,3,1,257.637878417969,321.160003662109,0.167569503188133
50,1,0,1,2,1,17939,129.47737121582,0,1,1,1,0,752.189819335938,663.840026855469,0.114417366683483
42,1,0,4,2,1,17940,32.2200012207031,0,1,3,3,1,123.720611572266,156.509994506836,0.0443721227347851
46,1,0,4,2,1,17941,100.419998168945,0,4,1,1,1,328.026794433594,351.570007324219,0.203305020928383
60,0,0,4,2,1,17942,98.8600006103516,0,2,3,3,1,225.7236328125,321.089996337891,0.108317852020264
39,1,0,2,2,1,17943,37.3699989318848,0,1,1,NA,0,32.3569679260254,0,0.111973889172077
45,1,0,3,2,1,17944,45.3899993896484,0,3,2,1,1,185.510101318359,309.720001220703,0.0348134785890579
36,1,0,4,2,1,17945,40.8499984741211,0,3,1,1,1,151.082794189453,194.860000610352,0.178378254175186
53,1,0,3,2,1,17946,103.420707702637,0,1,3,2,1,675.748718261719,636.659973144531,0.0510932542383671
45,1,0,3,2,1,17950,64,0,1,1,NA,1,47.4268074035645,0,0.158942431211472
40,1,0,4,2,1,17952,32.8499984741211,0,3,1,1,1,118.86841583252,234.789993286133,0.182764127850533
48,1,0,3,2,1,17953,207.980224609375,0,1,3,3,1,651.263916015625,570.070007324219,0.0392606109380722
40,1,0,3,2,1,17954,38.0299987792969,0,1,2,2,1,158.098480224609,279.690002441406,0.0305569488555193
NA,NA,0,4,2,1,17956,61.2700004577637,0,5,1,1,1,230.891723632812,301.059997558594,0.144536748528481
40,0,0,4,2,1,17959,34.5200004577637,0,1,3,2,1,124.067657470703,194.240005493164,0.0428245216608047
48,0,0,3,2,1,17961,53.5200004577637,0,3,1,2,1,177.976791381836,281.739990234375,0.173037990927696
46,1,0,4,2,1,17962,28.5400009155273,1,3,1,2,1,104.956237792969,245.160003662109,0.203305020928383
54,1,0,4,2,1,17964,67.0199966430664,0,3,3,3,1,195.658386230469,326.380004882812,0.0732403099536896
40,1,0,4,2,1,17965,63.3199996948242,0,4,2,2,1,228.186737060547,232.509994506836,0.0426801256835461
48,1,0,3,2,1,17969,77.9100036621094,0,1,2,2,1,285.452758789062,314.709991455078,0.0392606109380722
41,1,0,1,2,1,17970,146.614593505859,0,3,2,3,0,528.577697753906,505.130004882812,0.0150458486750722
48,1,0,4,2,1,17973,28.4099998474121,1,5,2,2,1,107.330993652344,138.190002441406,0.0540208071470261
62,1,0,4,2,1,17975,78.8000030517578,0,3,2,NA,1,35.2495231628418,0,0.124634392559528
43,0,0,4,2,1,17976,20.3400001525879,1,3,2,3,1,73.0270843505859,97.9899978637695,0.0456285327672958
49,1,0,1,2,1,17978,46.5499992370605,0,1,3,3,0,214.89225769043,275.010009765625,0.0205651968717575
53,0,0,2,2,1,17980,48.7700004577637,1,1,2,2,0,180.533798217773,248.660003662109,0.0371282026171684
55,1,0,3,2,1,17981,69.6699981689453,0,1,1,NA,1,43.2287445068359,0,0.224473759531975
51,1,0,4,2,1,17985,40.4300003051758,1,5,2,2,1,133.626190185547,187.119995117188,0.0621387623250484
38,1,0,2,2,1,17987,43.7599983215332,0,3,1,1,0,190.882141113281,315.049987792969,0.111023865640163
59,1,0,4,2,1,17989,25.1299991607666,1,5,1,NA,1,12.1980762481689,0,0.322188377380371
49,1,0,4,2,1,17990,49.7299995422363,0,5,2,2,1,171.033981323242,203.360000610352,0.0564385242760181
45,1,0,2,2,1,17991,122.639839172363,0,1,2,3,0,482.999389648438,481.720001220703,0.0246144961565733
56,1,0,3,2,1,17995,96.9800033569336,0,3,1,NA,1,54.7522087097168,0,0.234581157565117
55,1,0,4,2,1,17996,47.3800010681152,0,4,1,NA,1,25.8332767486572,0,0.27262356877327
38,1,0,2,2,1,17998,62.7011070251465,0,1,3,3,0,592.825134277344,550.02001953125,0.0208442155271769
46,1,0,1,2,1,18000,40.1972541809082,0,3,1,1,0,765.778442382812,694.659973144531,0.0991005152463913
51,1,0,4,2,1,18004,56.2400016784668,0,4,1,1,1,167.180786132812,180.860000610352,0.235286056995392
33,1,0,4,2,1,18005,227.663879394531,0,5,1,2,1,689.5107421875,596.969970703125,0.179681450128555
43,0,0,4,2,1,18006,54.9234771728516,0,3,2,2,1,374.226379394531,395.040008544922,0.0456285327672958
42,1,0,4,2,1,18007,94.6999969482422,0,4,1,1,1,324.179748535156,305.190002441406,0.187662392854691
46,1,0,4,2,1,18009,111.370002746582,0,5,1,1,1,361.524993896484,380.910003662109,0.203305020928383
46,1,0,3,2,1,18010,43.8499984741211,0,1,3,3,1,175.220291137695,359.489990234375,0.0361152030527592
NA,1,0,3,2,1,18011,97.2600021362305,0,1,1,1,1,363.124542236328,346.559997558594,0.144536748528481
58,1,0,3,2,1,18012,41.1199989318848,1,2,2,3,1,130.647613525391,170.100006103516,0.0710923299193382
NA,1,0,4,2,1,18014,41.939998626709,0,4,1,2,1,169.106918334961,239.169998168945,0.144536748528481
49,1,0,4,2,1,18016,61.7900009155273,0,4,1,1,1,198.223678588867,365.980010986328,0.220686390995979
56,0,0,2,2,1,18019,53.310001373291,0,1,1,NA,0,69.1369476318359,0,0.190915286540985
52,1,0,4,2,1,18020,41.0699996948242,1,4,1,2,1,128.046020507812,126.599998474121,0.243563696742058
57,1,0,4,2,1,18021,42.5299987792969,1,5,1,1,1,112.730583190918,197.119995117188,0.295780569314957
49,0,0,4,2,1,18022,60.5200004577637,0,1,2,2,1,191.955337524414,225.779998779297,0.0566189922392368
44,1,0,3,2,1,18023,28.6200008392334,1,2,1,1,1,117.914764404297,167.190002441406,0.155335694551468
45,1,0,3,2,1,18024,83.6600036621094,0,1,3,3,1,312.889251708984,306.470001220703,0.0348134785890579
48,1,0,4,2,1,18025,50.7200012207031,0,4,2,3,1,186.966247558594,234.419998168945,0.0540208071470261
29,1,0,2,2,1,18027,84.629997253418,0,1,2,2,0,361.122833251953,417.850006103516,0.022392300888896
41,1,0,4,2,1,18028,54.0299987792969,0,3,2,3,1,203.965301513672,242.119995117188,0.0434426926076412
52,1,0,3,2,1,18029,24.7700004577637,1,2,1,3,1,83.1850738525391,166.970001220703,0.198453456163406
49,0,0,2,2,1,18031,44.2299995422363,1,1,1,1,0,173.335388183594,257.260009765625,0.14167232811451
46,0,0,3,2,1,18033,64.2300033569336,0,2,1,2,1,220.534286499023,228.559997558594,0.163405001163483
54,1,0,3,2,1,18037,70.4899978637695,0,1,3,3,1,239.422897338867,286.970001220703,0.0543185956776142
45,1,0,4,2,1,18038,77.8199996948242,0,4,1,1,1,259.705627441406,251.550003051758,0.198625653982162
48,1,0,4,2,1,18041,39.7000007629395,1,3,1,1,1,133.410202026367,159.649993896484,0.214313834905624
52,1,0,4,2,1,18042,45,1,3,1,1,1,137.137802124023,194.580001831055,0.243563696742058
40,1,0,2,2,1,18044,100.508110046387,0,2,3,3,0,775.359191894531,732.780029296875,0.0214365608990192
31,1,0,4,2,1,18045,40.9700012207031,0,4,1,3,1,140.860687255859,197,0.182752072811127
50,1,0,4,2,1,18047,78.6333389282227,0,2,1,1,1,604.31640625,593.109985351562,0.227668836712837
46,1,0,3,2,1,18048,29.1599998474121,1,3,2,2,1,122.391670227051,210.809997558594,0.0361152030527592
54,0,0,4,2,1,18052,75.6399993896484,0,3,3,3,1,214.220687866211,260.010009765625,0.0734612718224525
54,1,0,2,2,1,18054,NA,NA,NA,NA,NA,0,0,0,NA
52,0,0,3,2,1,18055,51.810001373291,1,1,3,3,1,196.116256713867,253.190002441406,0.0483480282127857
41,1,0,4,2,1,18056,80.5999984741211,0,1,3,3,1,287.231811523438,303.779998779297,0.0434426926076412
70,1,0,4,2,1,18057,48,1,5,2,3,1,66.0387649536133,161.919998168945,0.227971062064171
45,1,0,3,2,1,18060,81.7300033569336,0,3,1,1,1,300.640441894531,344.5,0.158942431211472
49,0,0,4,2,1,18061,40.0099983215332,1,4,1,1,1,126.198699951172,207.279998779297,0.22115758061409
46,1,0,4,2,1,18063,45.3400001525879,0,4,1,2,1,152.664443969727,220.940002441406,0.203305020928383
50,1,0,4,2,1,18065,122.953170776367,0,5,2,2,1,651.532287597656,609.77001953125,0.0591366998851299
51,0,0,4,2,1,18066,100.080001831055,0,5,1,1,1,288.308532714844,399.220001220703,0.235774517059326
50,1,0,4,2,1,18069,45.0499992370605,1,4,1,1,1,138.696548461914,179.330001831055,0.227668836712837
49,1,0,4,2,1,18070,41.6399993896484,1,5,1,1,1,135.199829101562,203.619995117188,0.220686390995979
46,1,0,4,2,1,18071,100.269996643066,0,5,1,1,1,330.62939453125,340.980010986328,0.203305020928383
73,0,0,4,2,1,18074,75.9000015258789,1,5,2,NA,1,10.7129192352295,0,0.286377787590027
45,0,0,4,2,1,18077,42.7999992370605,0,1,2,2,1,140.889434814453,212.449996948242,0.0484100952744484
49,1,0,3,2,1,18078,60.4790916442871,0,1,2,3,1,507.267608642578,460.619995117188,0.0411347970366478
57,0,0,4,2,1,18079,NA,NA,NA,NA,NA,1,0,0,NA
40,1,0,4,2,1,18080,53.0900001525879,0,3,2,2,1,190.597030639648,232.809997558594,0.0426801256835461
45,0,0,3,2,1,18083,50.7549591064453,0,1,3,3,1,666.689270019531,622.929992675781,0.0349357984960079
42,1,0,4,2,1,18085,8.44999980926514,1,3,1,1,1,42.6582069396973,160.779998779297,0.187662392854691
36,1,0,4,2,1,18086,57.2700004577637,0,3,2,2,1,219.669082641602,245.070007324219,0.0411866083741188
38,1,0,4,2,1,18087,43.3300018310547,0,4,2,2,1,160.723999023438,184.899993896484,0.0416305102407932
40,1,0,1,2,1,18089,90.7600021362305,0,2,3,3,0,431.200286865234,418.220001220703,0.0147321866825223
45,1,0,4,2,1,18090,38.9099998474121,0,2,3,3,1,155.335296630859,175.350006103516,0.0482507310807705
54,1,0,2,2,1,18093,114.127014160156,0,1,2,3,0,697.003784179688,573.02001953125,0.0394911207258701
58,1,0,4,2,1,18095,120.871780395508,0,3,3,3,1,10000,408.320007324219,0.0941826030611992
52,0,0,4,2,1,18096,106.480003356934,0,5,1,1,1,301.506378173828,325.420013427734,0.244061470031738
34,0,0,4,2,1,18097,48.1100006103516,0,5,1,2,1,169.511383056641,285.089996337891,0.179225817322731
65,1,0,4,2,1,18099,NA,NA,NA,NA,NA,1,0,0,NA
48,0,0,3,2,1,18102,140.680191040039,0,3,1,2,1,708.27685546875,650.640014648438,0.173037990927696
43,1,0,3,2,1,18103,46.1800003051758,0,3,1,1,1,177.99870300293,238.179992675781,0.152175262570381
NA,1,0,4,2,1,18104,104.199996948242,0,5,1,1,1,394.191467285156,412.880004882812,0.144536748528481
46,1,0,3,2,1,18107,NA,NA,NA,NA,NA,1,0,0,NA
49,1,0,1,2,1,18108,22.2800006866455,1,2,1,1,0,106.285385131836,252.960006713867,0.109968215227127
48,1,0,4,2,1,18110,21,1,3,3,3,1,91.6719741821289,175.229995727539,0.0540208071470261
40,1,0,4,2,1,18113,109.51000213623,0,4,3,3,1,385.457489013672,421.540008544922,0.0426801256835461
54,1,0,4,2,1,18115,46.3400001525879,1,3,3,3,1,145.762542724609,202.600006103516,0.0732403099536896
48,1,0,3,2,1,18116,145.698913574219,0,1,2,3,1,448.914489746094,399.559997558594,0.0392606109380722
47,1,0,3,2,1,18117,39.7049293518066,0,3,2,3,1,581.442260742188,568.450012207031,0.0375928096473217
61,1,0,2,2,1,18120,86.0100021362305,1,1,2,2,0,263.463226318359,270,0.0668073371052742
37,0,0,4,2,1,18122,40.9599990844727,0,5,2,1,1,142.297424316406,157.229995727539,0.0414750017225742
50,1,0,4,2,1,18126,81.7300033569336,0,5,2,2,1,262.866607666016,323.779998779297,0.0591366998851299
51,1,0,4,2,1,18127,NA,NA,NA,NA,NA,1,0,0,NA
43,1,0,4,2,1,18130,49.0999984741211,0,5,1,1,1,168.323318481445,284.179992675781,0.190820917487144
51,1,0,3,2,1,18131,44.5699996948242,1,3,1,1,1,158.543441772461,204.940002441406,0.191107615828514
43,1,0,1,2,1,18132,99.4400024414062,0,1,2,3,0,451.924285888672,451.690002441406,0.0158882364630699
44,1,0,4,2,1,18139,39.7799987792969,0,3,1,1,1,151.177856445312,232.320007324219,0.194470122456551
51,1,0,3,2,1,18140,NA,NA,NA,NA,NA,1,0,0,NA
38,0,0,4,2,1,18142,34.7400016784668,0,3,2,2,1,128.950714111328,223.240005493164,0.0417720265686512
42,1,0,3,2,1,18143,91.6600036621094,0,1,1,1,1,353.416778564453,388.109985351562,0.149444967508316
53,1,0,3,2,1,18144,25.9277439117432,1,1,2,2,1,569.183532714844,521.340026855469,0.0510932542383671
42,0,0,4,2,1,18146,404.619995117188,0,5,1,1,1,124.607559204102,232.089996337891,0.188090264797211
55,1,0,4,2,1,18150,30.1700000762939,1,3,1,NA,1,16.9795703887939,0,0.27262356877327
43,1,0,3,2,1,18151,192.001983642578,0,1,1,2,1,843.843811035156,725.929992675781,0.152175262570381
56,0,0,3,2,1,18153,104.040000915527,0,1,3,3,1,309.934997558594,374.529998779297,0.062052309513092
41,1,0,1,2,1,18155,46.9199981689453,0,3,2,2,0,233.583267211914,270.320007324219,0.0150458486750722
40,1,0,4,2,1,18156,42.939998626709,0,2,2,3,1,163.293807983398,283.369995117188,0.0426801256835461
44,0,0,2,2,1,18158,96.0413970947266,0,2,3,3,0,909.352600097656,758.489990234375,0.0238508675247431
38,1,0,4,2,1,18159,45.9199981689453,0,5,1,1,1,166.990341186523,200.660003662109,0.179688066244125
36,1,0,4,2,1,18160,45.1699981689453,0,5,1,2,1,161.467636108398,218.460006713867,0.178378254175186
52,1,0,3,2,1,18161,NA,NA,NA,NA,NA,1,0,0,NA
41,0,0,3,2,1,18162,56.2999992370605,0,1,2,1,1,213.103408813477,260.790008544922,0.0312489345669746
57,1,0,4,2,1,18164,109.599998474121,0,5,2,3,1,291.869354248047,349.589996337891,0.0881730988621712
49,1,0,4,2,1,18165,78.6999969482422,0,3,1,1,1,254.758651733398,377.040008544922,0.220686390995979
50,0,0,1,2,1,18166,17.9099998474121,1,1,3,3,0,88.0907821655273,219.779998779297,0.0218324083834887
53,1,0,3,2,1,18170,9.97000026702881,1,2,3,3,1,48.2594528198242,248.789993286133,0.0510932542383671
48,1,0,1,2,1,18171,54.8131980895996,0,1,2,2,0,655.60302734375,587.780029296875,0.019514637067914
48,0,0,3,2,1,18172,41.8699989318848,1,2,3,3,1,152.424758911133,205.960006713867,0.0393955558538437
40,1,0,2,2,1,18174,27.3099994659424,0,1,3,2,0,129.306762695312,225.660003662109,0.0214365608990192
39,0,0,3,2,1,18177,40.3699989318848,0,3,1,1,1,146.562286376953,208.580001831055,0.144064143300056
34,1,0,4,2,1,18181,41.7099990844727,0,4,2,3,1,157.571350097656,196.529998779297,0.0413329601287842
41,1,0,2,2,1,18185,42.5499992370605,0,1,3,3,0,188.159957885742,262.070007324219,0.0218682251870632
41,1,0,4,2,1,18186,42.6500015258789,0,4,1,1,1,144.727813720703,283.299987792969,0.184980794787407
48,1,0,2,2,1,18187,64.7799987792969,0,2,1,1,0,256.870330810547,335.170013427734,0.13651992380619
37,1,0,2,2,1,18188,25.7087516784668,0,1,2,2,0,768.123229980469,767.159973144531,0.0206774305552244
48,1,0,4,2,1,18194,44.5999984741211,0,5,1,1,1,142.747421264648,192.869995117188,0.214313834905624
45,1,0,3,2,1,18195,41.8300018310547,0,2,1,1,1,158.984817504883,362.799987792969,0.158942431211472
43,1,0,2,2,1,18196,29.9154777526855,0,1,1,1,0,780.492858886719,762.940002441406,0.119115136563778
54,1,0,4,2,1,18197,50.8499984741211,0,4,1,NA,1,28.5028781890869,0,0.262205898761749
41,1,0,3,2,1,18198,69.9499969482422,0,1,2,NA,1,55.0351181030273,0,0.0311373621225357
43,0,0,1,2,1,18199,120.370910644531,0,1,2,3,0,717.773803710938,726.690002441406,0.0159515142440796
45,1,0,2,2,1,18200,71.5100021362305,0,1,3,3,0,301.692810058594,303.929992675781,0.0246144961565733
44,1,0,4,2,1,18201,51.939998626709,0,4,1,1,1,181.073928833008,249.080001831055,0.194470122456551
43,0,0,4,2,1,18203,82.4599990844727,0,4,1,2,1,267.256011962891,269.709991455078,0.191253140568733
43,1,0,4,2,1,18204,36.132381439209,0,1,2,3,1,491.10302734375,486.489990234375,0.0454765781760216
52,1,0,2,2,1,18205,53.9099998474121,1,1,2,3,0,210.846038818359,254.699996948242,0.0347659774124622
NA,1,0,4,2,1,18206,33.0299987792969,0,3,1,1,1,136.167724609375,199.509994506836,0.144536748528481
45,0,0,3,2,1,18209,44.3789901733398,0,1,1,1,1,481.612823486328,538.440002441406,0.159327358007431
47,1,0,4,2,1,18211,NA,NA,NA,NA,NA,1,0,0,NA
47,1,0,4,2,1,18212,51.7406044006348,0,5,1,2,1,463.771301269531,543.219970703125,0.208527475595474
48,1,0,3,2,1,18213,82.8499984741211,0,1,3,3,1,306.702575683594,446.940002441406,0.0392606109380722
52,0,0,4,2,1,18215,40.4000015258789,1,4,1,1,1,115.717353820801,172.639999389648,0.244061470031738
41,0,0,4,2,1,18216,40.5299987792969,0,5,1,3,1,131.853820800781,171.779998779297,0.185404822230339
49,1,0,4,2,1,18220,54.0299987792969,0,2,3,3,1,181.253128051758,247.820007324219,0.0564385242760181
49,1,0,1,2,1,18221,86.2699966430664,0,1,1,3,0,360.317687988281,325.019989013672,0.109968215227127
52,0,0,3,2,1,18223,NA,NA,NA,NA,NA,1,0,0,NA
47,1,0,1,2,1,18224,62.0900039672852,0,1,3,3,0,922.805786132812,809.97998046875,0.0185856781899929
43,0,0,4,2,1,18226,21.5699996948242,1,4,2,2,1,89.0391693115234,170.559997558594,0.0456285327672958
53,1,0,4,2,1,18227,51.2526092529297,1,1,3,3,1,412.197479248047,421.660003662109,0.0691606625914574
65,1,0,3,2,1,18229,NA,NA,NA,NA,NA,1,0,0,NA
43,1,0,4,2,1,18230,41.7099990844727,0,5,1,1,1,145.785949707031,311.649993896484,0.190820917487144
40,1,0,2,2,1,18233,58.2299995422363,0,1,3,3,0,280.185241699219,270.179992675781,0.0214365608990192
50,0,0,4,2,1,18234,40.4300003051758,1,5,2,3,1,127.291793823242,287.5,0.05932392552495
63,1,0,4,2,1,18237,23.2900009155273,1,3,1,NA,1,9.66706085205078,0,0.385288536548615
51,1,0,4,2,1,18240,44.9599990844727,1,5,1,1,1,140.409454345703,243.100006103516,0.235286056995392
56,1,0,3,2,1,18241,NA,NA,NA,NA,NA,1,0,0,NA
47,1,0,3,2,1,18242,12.0900001525879,1,1,3,3,1,60.1987571716309,145.020004272461,0.0375928096473217
49,0,0,4,2,1,18244,22.4500007629395,1,5,1,1,1,61.0929679870605,171.630004882812,0.22115758061409
38,0,0,4,2,1,18246,56.189998626709,0,3,2,2,1,197.401641845703,191.160003662109,0.0417720265686512
44,1,0,3,2,1,18247,82.5299987792969,0,3,1,1,1,300.422210693359,376.209991455078,0.155335694551468
41,1,0,2,2,1,18249,139.367385864258,0,1,2,3,0,849.134582519531,823.059997558594,0.0218682251870632
39,1,0,4,2,1,18250,45.7700004577637,0,5,1,2,1,157.567398071289,168.970001220703,0.181002601981163
56,0,0,4,2,1,18253,43.1300010681152,1,3,2,2,1,122.813446044922,117.660003662109,0.0829501748085022
50,1,0,4,2,1,18254,46.9599990844727,1,3,3,3,1,157.329406738281,252.690002441406,0.0591366998851299
59,1,0,4,2,1,18258,34.2000007629395,1,4,1,NA,1,17.5829563140869,0,0.322188377380371
47,1,0,3,2,1,18259,21.1800003051758,1,2,1,1,1,83.5187149047852,163.279998779297,0.167569503188133
56,1,0,3,2,1,18260,34.7999992370605,1,1,3,NA,1,23.6042175292969,0,0.0618583783507347
43,1,0,2,2,1,18261,46.7400016784668,0,2,2,1,0,207.031616210938,272.660003662109,0.0230248365551233
59,1,0,4,2,1,18262,64.0299987792969,1,1,2,3,1,161.302337646484,233.919998168945,0.100782759487629
46,0,0,4,2,1,18265,72.2900009155273,0,3,2,2,1,242.651275634766,302.670013427734,0.0501085296273232
42,1,0,4,2,1,18266,60.3400001525879,0,3,1,1,1,203.813537597656,283.179992675781,0.187662392854691
45,1,0,3,2,1,18267,16.1200008392334,1,3,2,3,1,80.8837814331055,176.259994506836,0.0348134785890579
49,1,0,4,2,1,18268,36.7299995422363,0,3,1,NA,1,23.9208717346191,0,0.220686390995979
43,1,0,4,2,1,18269,84.6100006103516,0,4,3,3,1,290.935241699219,290.049987792969,0.0454765781760216
46,0,0,2,2,1,18270,42.9300003051758,0,1,3,3,0,178.248550415039,225.089996337891,0.0256866160780191
44,1,0,4,2,1,18271,50.9799995422363,0,5,2,1,1,190.044311523438,247.149993896484,0.0467656888067722
45,1,0,3,2,1,18273,88.4199981689453,0,1,2,3,1,333.494995117188,477.029998779297,0.0348134785890579
52,1,0,1,2,1,18274,NA,NA,NA,NA,NA,0,0,0,NA
51,1,0,3,2,1,18275,51.5684967041016,1,1,2,2,1,657.815368652344,642.450012207031,0.045577347278595
59,1,0,1,2,1,18276,73.9000015258789,0,2,3,NA,0,52.7247200012207,0,0.0414657816290855
47,1,0,2,2,1,18277,83.3292694091797,0,1,2,2,0,578.813781738281,660.679992675781,0.0267042145133018
53,0,0,4,2,1,18278,106.970001220703,0,5,1,1,1,291.585052490234,346.170013427734,0.253035575151443
43,1,0,2,2,1,18281,45.5800018310547,0,2,2,3,0,199.19352722168,213.229995727539,0.0230248365551233
38,1,0,2,2,1,18283,79.5149536132812,0,1,1,2,0,907.263122558594,788.419982910156,0.111023865640163
30,1,0,4,2,1,18285,41.5200004577637,0,5,1,1,1,141.843658447266,161.350006103516,0.184965893626213
44,1,0,4,2,1,18287,100.25,0,5,1,1,1,333.151550292969,372.5,0.194470122456551
32,1,0,3,2,1,18289,107.290000915527,0,1,2,2,1,427.445251464844,472.140014648438,0.0300966128706932
50,1,0,4,2,1,18291,54.1800003051758,0,5,1,2,1,176.62825012207,192.789993286133,0.227668836712837
43,0,0,4,2,1,18294,52.4700012207031,0,4,1,2,1,167.077590942383,260.309997558594,0.191253140568733
45,0,0,4,2,1,18295,70.4100036621094,0,4,1,1,1,236.027114868164,404.709991455078,0.199068605899811
51,1,0,3,2,1,18296,88.0400009155273,0,3,2,3,1,314.699096679688,310.890014648438,0.045577347278595
38,1,0,3,2,1,18300,100.150001525879,0,3,2,1,1,401.726196289062,452.720001220703,0.0297592524439096
53,1,0,3,2,1,18301,215.024597167969,0,3,2,3,1,389.428009033203,383.809997558594,0.0510932542383671
36,1,0,4,2,1,18303,101.830001831055,0,3,2,2,1,359.487152099609,448.079986572266,0.0411866083741188
50,1,0,4,2,1,18305,21.2700004577637,1,5,2,2,1,85.8804397583008,209.440002441406,0.0591366998851299
49,1,0,4,2,1,18307,19.8999996185303,1,5,1,1,1,65.869255065918,104.199996948242,0.220686390995979
45,1,0,2,2,1,18308,84.9020385742188,0,1,2,2,0,821.331787109375,719.390014648438,0.0246144961565733
46,1,0,4,2,1,18309,36.7099990844727,0,3,1,1,1,119.229698181152,166.429992675781,0.203305020928383
48,1,0,3,2,1,18310,55.7599983215332,0,3,2,2,1,213.311294555664,325.279998779297,0.0392606109380722
45,1,0,4,2,1,18311,45.4199981689453,0,1,3,3,1,165.265365600586,223.919998168945,0.0482507310807705
50,1,0,1,2,1,18313,22.9799995422363,1,2,2,2,0,112.819465637207,129.089996337891,0.0217497479170561
47,1,0,4,2,1,18314,105.550003051758,0,5,1,3,1,337.352508544922,354.880004882812,0.208527475595474
39,1,0,3,2,1,18315,433.079986572266,0,1,2,3,1,171.164642333984,193.779998779297,0.0300990268588066
52,1,0,2,2,1,18318,84.3099975585938,0,1,1,2,0,314.655395507812,359.410003662109,0.158792808651924
44,1,0,3,2,1,18319,81.5800018310547,0,1,2,3,1,307.401641845703,377.320007324219,0.0336750745773315
45,0,0,3,2,1,18321,150.863403320312,0,1,2,2,1,600.940307617188,567.280029296875,0.0349357984960079
38,1,0,4,2,1,18323,482,0,1,2,2,1,173.483642578125,206.779998779297,0.0416305102407932
50,1,0,2,2,1,18325,141.888641357422,0,1,3,3,0,698.563720703125,692.989990234375,0.0309781432151794
NA,1,0,4,2,1,18326,31.2099990844727,1,5,1,NA,1,25.0788536071777,0,0.144536748528481
50,0,0,3,2,1,18327,106.961219787598,0,1,2,3,1,1097.431640625,916.669982910156,0.0433794930577278
46,0,0,3,2,1,18328,70.6800003051758,0,1,1,NA,1,67.4106826782227,0,0.163405001163483
43,1,0,4,2,1,18330,36.9199981689453,0,5,1,NA,1,26.4156284332275,0,0.190820917487144
42,1,0,3,2,1,18331,47.3600006103516,0,2,1,1,1,180.982696533203,215.720001220703,0.149444967508316
52,1,0,1,2,1,18332,42.5800018310547,1,2,2,2,0,191.126358032227,268.309997558594,0.0245788749307394
43,1,0,4,2,1,18333,26.3500003814697,1,3,1,2,1,97.9209747314453,206.259994506836,0.190820917487144
53,1,0,4,2,1,18334,101.150001525879,0,2,3,3,1,301.381011962891,292.519989013672,0.0691606625914574
50,1,0,4,2,1,18335,17.8400001525879,1,3,1,NA,1,12.3727550506592,0,0.227668836712837
34,1,0,4,2,1,18336,54.1100006103516,0,3,1,1,1,188.214080810547,277.929992675781,0.178810685873032
57,1,0,4,2,1,18338,32.5499992370605,1,5,1,NA,1,16.8581390380859,0,0.295780569314957
51,1,0,4,2,1,18339,111.349998474121,0,4,1,1,1,328.911987304688,389.220001220703,0.235286056995392
49,0,0,3,2,1,18345,93.8499984741211,0,1,1,2,1,317.286743164062,400.420013427734,0.178639337420464
52,1,0,4,2,1,18346,40.6800003051758,1,3,3,3,1,134.101608276367,173.100006103516,0.0654705762863159
49,1,0,3,2,1,18347,47.9485778808594,0,1,3,3,1,446.752380371094,529.340026855469,0.0411347970366478
47,1,0,3,2,1,18349,41.4599990844727,0,2,1,2,1,148.616958618164,246.210006713867,0.167569503188133
38,0,0,4,2,1,18350,79.085334777832,0,3,1,2,1,407.790283203125,404.730010986328,0.180104523897171
42,1,0,4,2,1,18351,28.3299999237061,0,4,1,1,1,98.1261444091797,128.330001831055,0.187662392854691
53,1,0,2,2,1,18352,46.6699981689453,0,2,1,NA,0,33.6249046325684,0,0.165748745203018
46,1,0,3,2,1,18353,20.0900001525879,0,1,1,NA,1,14.5137767791748,0,0.16301366686821
37,1,0,4,2,1,18356,56.6183929443359,0,1,1,2,1,405.602172851562,440.440002441406,0.178814634680748
46,0,0,4,2,1,18358,41.7099990844727,0,5,1,1,1,129.319091796875,171.020004272461,0.20375420153141
60,1,0,4,2,1,18359,21.6100006103516,1,3,1,NA,1,11.4960289001465,0,0.336660206317902
48,1,0,1,2,1,18360,122.260047912598,0,2,3,3,0,902.214660644531,859.450012207031,0.019514637067914
56,1,0,3,2,1,18361,79.5699996948242,0,1,1,NA,1,79.0279083251953,0,0.234581157565117
53,1,0,4,2,1,18362,48.4199981689453,1,5,1,1,1,143.711074829102,237.050003051758,0.252528101205826
43,1,0,4,2,1,18363,53.7099990844727,0,5,1,2,1,182.911285400391,241.979995727539,0.190820917487144
45,1,0,4,2,1,18364,104.080001831055,0,4,2,3,1,348.971923828125,452.359985351562,0.0482507310807705
52,1,0,4,2,1,18365,47.9099998474121,1,2,2,2,1,158.160873413086,244.919998168945,0.0654705762863159
40,0,0,4,2,1,18368,107.470001220703,0,5,1,1,1,355.919372558594,459.470001220703,0.183185026049614
49,1,0,4,2,1,18373,64.0899963378906,0,4,1,2,1,207.020126342773,369.369995117188,0.220686390995979
50,0,0,2,2,1,18375,61.6992607116699,0,1,1,2,0,526.599365234375,480.959991455078,0.14697290956974
50,1,0,4,2,1,18377,71.120002746582,0,4,1,1,1,222.050842285156,212.860000610352,0.227668836712837
48,1,0,2,2,1,18380,98.3277893066406,0,1,2,3,0,452.210571289062,435.589996337891,0.0279634445905685
46,1,0,4,2,1,18382,NA,NA,NA,NA,NA,1,0,0,NA
56,1,0,1,2,1,18384,38.939998626709,1,2,1,2,0,154.568450927734,226.389999389648,0.151883333921432
48,1,0,3,2,1,18385,96.5100021362305,0,1,3,3,1,351.587310791016,497.089996337891,0.0392606109380722
41,1,0,3,2,1,18386,126.77555847168,0,1,3,2,1,453.540100097656,391.5,0.0311373621225357
50,1,0,4,2,1,18387,44.0299987792969,1,4,1,1,1,139.003341674805,200.940002441406,0.227668836712837
39,1,0,3,2,1,18392,88.0299987792969,0,1,3,3,1,341.773376464844,365.329986572266,0.0300990268588066
43,1,0,4,2,1,18393,73.5299987792969,0,3,3,3,1,263.004638671875,399.809997558594,0.0454765781760216
45,0,0,3,2,1,18396,166.923278808594,0,1,2,3,1,422.610961914062,510.790008544922,0.0349357984960079
48,1,0,3,2,1,18397,79.2300033569336,0,1,2,3,1,288.809539794922,370.549987792969,0.0392606109380722
51,1,0,4,2,1,18399,44.1599998474121,1,5,3,2,1,148.052444458008,220.979995727539,0.0621387623250484
47,0,0,4,2,1,18400,NA,NA,NA,NA,NA,1,0,0,NA
50,1,0,1,2,1,18401,NA,NA,NA,NA,NA,0,0,0,NA
49,1,0,3,2,1,18403,225.024856567383,0,1,1,2,1,717.941162109375,628.27001953125,0.17822502553463
42,1,0,3,2,1,18404,88.870002746582,0,1,3,3,1,343.981414794922,357.190002441406,0.031845785677433
49,1,0,3,2,1,18407,26.2999992370605,1,1,3,2,1,106.035026550293,174.729995727539,0.0411347970366478
52,0,0,4,2,1,18410,40.2799987792969,1,1,2,2,1,132.549987792969,201.279998779297,0.0656732395291328
55,1,0,4,2,1,18411,26.6100006103516,1,3,1,2,1,82.9671859741211,148.850006103516,0.27262356877327
59,1,0,4,2,1,18415,42.8600006103516,1,4,1,NA,1,21.1642265319824,0,0.322188377380371
47,1,0,4,2,1,18416,51.2200012207031,0,5,1,1,1,177.369338989258,256.790008544922,0.208527475595474
49,1,0,1,2,1,18418,31.3199996948242,1,2,3,3,0,144.875549316406,182.619995117188,0.0205651968717575
56,1,0,3,2,1,18419,54.1599998474121,0,1,1,NA,1,92.1341247558594,0,0.234581157565117
46,1,0,3,2,1,18420,88.8629531860352,0,1,2,2,1,662.042785644531,569.119995117188,0.0361152030527592
48,1,0,3,2,1,18422,NA,NA,NA,NA,NA,1,0,0,NA
49,0,0,4,2,1,18423,42.3899993896484,1,2,3,2,1,139.577896118164,245.820007324219,0.0566189922392368
40,1,0,3,2,1,18426,92.6021728515625,0,1,1,2,1,662.478637695312,680.869995117188,0.145220533013344
45,1,0,3,2,1,18427,67.8499984741211,0,1,2,2,1,264.330902099609,372.390014648438,0.0348134785890579
51,1,0,3,2,1,18428,741.859985351562,0,1,1,2,1,243.538452148438,311.309997558594,0.191107615828514
40,1,0,3,2,1,18429,82.9000015258789,0,1,2,3,1,324.610290527344,398.510009765625,0.0305569488555193
41,1,0,4,2,1,18430,73.0528564453125,0,5,1,1,1,447.300750732422,468.829986572266,0.184980794787407
60,1,0,1,2,1,18433,36.7799987792969,1,3,1,NA,0,25.4194850921631,0,0.189859196543694
49,1,0,3,2,1,18434,NA,NA,NA,NA,NA,1,0,0,NA
42,1,0,2,2,1,18436,639.530029296875,0,1,3,3,0,267.151000976562,297.010009765625,0.0223958175629377
46,1,0,4,2,1,18438,101.180000305176,0,5,1,2,1,327.437316894531,397.790008544922,0.203305020928383
49,1,0,4,2,1,18440,20.8999996185303,1,5,1,3,1,67.3960571289062,165.240005493164,0.220686390995979
56,1,0,4,2,1,18441,107.660003662109,0,1,3,3,1,292.797821044922,347.510009765625,0.0827078744769096
57,0,0,3,2,1,18442,NA,NA,NA,NA,NA,1,0,0,NA
44,0,0,4,2,1,18444,55.5200004577637,0,3,1,1,1,172.232803344727,212.690002441406,0.194907367229462
56,1,0,4,2,1,18446,NA,NA,NA,NA,NA,1,0,0,NA
54,1,0,4,2,1,18447,35.0400009155273,1,3,1,1,1,104.199295043945,218.970001220703,0.262205898761749
47,1,0,4,2,1,18451,49.310001373291,0,1,3,3,1,168.023544311523,195.929992675781,0.0518624819815159
42,1,0,4,2,1,18452,102.129997253418,0,2,2,3,1,354.465728759766,451.359985351562,0.0443721227347851
55,1,0,4,2,1,18453,100.220001220703,0,4,1,1,1,270.695068359375,330.75,0.27262356877327
41,1,0,1,2,1,18455,29.5200004577637,0,3,3,3,0,144.247467041016,172.380004882812,0.0150458486750722
69,1,0,1,2,1,18457,NA,NA,NA,NA,NA,0,0,0,NA
52,1,0,3,2,1,18458,80.9899978637695,0,1,1,2,1,267.964294433594,323.760009765625,0.198453456163406
58,1,0,4,2,1,18460,102.370002746582,0,1,1,1,1,260.174499511719,310.049987792969,0.308567583560944
54,1,0,4,2,1,18465,400.399993896484,0,5,1,1,1,110.213165283203,267.899993896484,0.262205898761749
45,1,0,3,2,1,18466,90.5400009155273,0,1,2,2,1,342.805755615234,368.470001220703,0.0348134785890579
47,0,0,4,2,1,18467,58.7999992370605,0,1,1,1,1,181.525924682617,205.410003662109,0.208983451128006
38,1,0,1,2,1,18468,187.146179199219,0,1,2,2,0,577.545227050781,587.349975585938,0.0143024064600468
46,1,0,4,2,1,18471,42.5999984741211,0,4,1,2,1,143.768463134766,266.109985351562,0.203305020928383
49,1,0,4,2,1,18473,52.6800003051758,0,1,1,2,1,165.94401550293,249,0.220686390995979
49,1,0,3,2,1,18474,97.6600036621094,0,1,2,3,1,350.891479492188,372.239990234375,0.0411347970366478
52,1,0,3,2,1,18475,NA,NA,NA,NA,NA,1,0,0,NA
47,1,0,4,2,1,18476,40.5499992370605,1,4,1,1,1,133.085159301758,241.350006103516,0.208527475595474
49,1,0,2,2,1,18477,121.801422119141,0,1,1,1,0,730.2158203125,608.940002441406,0.141316398978233
36,1,0,4,2,1,18480,52.4000015258789,0,5,2,2,1,196.752838134766,224.139999389648,0.0411866083741188
53,1,0,2,2,1,18483,64.7399978637695,0,1,2,NA,0,49.2967300415039,0,0.0369996279478073
54,1,0,3,2,1,18485,86.9599990844727,0,2,2,2,1,280.805786132812,313.179992675781,0.0543185956776142
51,1,0,3,2,1,18486,80.6800003051758,0,1,2,3,1,281.708557128906,329.880004882812,0.045577347278595
46,1,0,4,2,1,18488,45.9199981689453,0,5,3,3,1,175.885986328125,268.679992675781,0.0499447137117386
46,1,0,4,2,1,18489,19.1900005340576,0,3,1,NA,1,13.990083694458,0,0.203305020928383
40,1,0,1,2,1,18491,45.25,0,3,3,3,0,224.931411743164,270.339996337891,0.0147321866825223
47,1,0,4,2,1,18492,101.519996643066,0,5,1,3,1,332.475799560547,444.049987792969,0.208527475595474
51,1,0,3,2,1,18494,7.09000015258789,1,3,1,NA,1,5.88046979904175,0,0.191107615828514
52,1,0,4,2,1,18495,30.7900009155273,0,5,2,NA,1,20.691349029541,0,0.0654705762863159
43,0,0,4,2,1,18496,40.5400009155273,0,4,1,1,1,129.329467773438,283.739990234375,0.191253140568733
43,1,0,4,2,1,18499,16.2399997711182,1,5,1,1,1,71.4229431152344,144.360000610352,0.190820917487144
50,1,0,4,2,1,18501,87.620002746582,0,3,1,2,1,270.047088623047,320.190002441406,0.227668836712837
52,1,0,4,2,1,18502,39.5800018310547,0,3,1,NA,1,24.6668815612793,0,0.243563696742058
45,0,0,3,2,1,18503,53.689998626709,0,1,1,2,1,189.32063293457,317.100006103516,0.159327358007431
53,1,0,3,2,1,18504,NA,NA,NA,NA,NA,1,0,0,NA
44,1,0,4,2,1,18505,37.1800003051758,0,2,2,3,1,150.79817199707,231.800003051758,0.0467656888067722
61,1,0,2,2,1,18506,NA,NA,NA,NA,NA,0,0,0,NA
39,0,0,3,2,1,18508,98.6600036621094,0,1,1,1,1,367.107269287109,360.239990234375,0.144064143300056
58,1,0,3,2,1,18510,NA,NA,NA,NA,NA,1,0,0,NA
44,1,0,4,2,1,18513,33.1399993896484,0,1,2,3,1,131.587890625,149.559997558594,0.0467656888067722
39,0,0,1,2,1,18514,97.6800003051758,0,1,1,1,0,436.121307373047,417.950012207031,0.0858466327190399
58,1,0,3,2,1,18515,108.970001220703,0,1,3,3,1,315.408782958984,307.980010986328,0.0710923299193382
51,1,0,4,2,1,18516,45.5299987792969,1,5,1,1,1,143.376617431641,200.889999389648,0.235286056995392
46,0,0,2,2,1,18517,48.5400009155273,0,1,2,2,0,191.767807006836,227.419998168945,0.0256866160780191
51,0,0,4,2,1,18521,23.6900005340576,1,3,3,3,1,75.3221740722656,215.990005493164,0.0623333603143692
50,1,0,3,2,1,18523,73.8899993896484,0,1,1,2,1,256.169891357422,279.859985351562,0.184374466538429
53,1,0,4,2,1,18524,NA,NA,NA,NA,NA,1,0,0,NA
54,0,0,4,2,1,18526,50.060001373291,0,2,1,NA,1,26.207763671875,0,0.262723386287689
51,0,0,1,2,1,18528,NA,NA,NA,NA,NA,0,0,0,NA
NA,1,0,4,2,1,18529,44.9799995422363,0,5,2,2,1,182.005249023438,206.800003051758,0.0303501505404711
50,1,0,1,2,1,18530,27.3099994659424,1,2,3,3,0,128.827423095703,290.890014648438,0.0217497479170561
45,1,0,4,2,1,18531,40.0400009155273,0,4,1,3,1,140.544631958008,216.110000610352,0.198625653982162
42,1,0,2,2,1,18534,162.516815185547,0,2,1,1,0,748.192016601562,660.369995117188,0.116809122264385
NA,1,0,1,2,1,18538,40.0523300170898,1,1,3,3,0,693.990844726562,712.869995117188,0.0303501505404711
56,1,0,1,2,1,18539,99.620002746582,0,1,2,2,0,379.404724121094,471.600006103516,0.032598465681076
58,1,0,4,2,1,18540,15.5900001525879,1,4,1,NA,1,8.25125408172607,0,0.308567583560944
45,1,0,2,2,1,18541,95.1900024414062,0,1,2,3,0,393.441162109375,464.239990234375,0.0246144961565733
53,0,0,4,2,1,18542,108.389999389648,0,5,1,3,1,301.489349365234,319.190002441406,0.253035575151443
45,1,0,4,2,1,18544,29.5799999237061,1,1,1,1,1,101.062911987305,211.240005493164,0.198625653982162
54,1,0,4,2,1,18545,NA,NA,NA,NA,NA,1,0,0,NA
45,1,0,2,2,1,18546,84.8199996948242,0,1,1,1,0,343.617614746094,420.329986572266,0.124848209321499
45,1,0,3,2,1,18549,81.3199996948242,0,1,2,2,1,326.066741943359,392.049987792969,0.0348134785890579
48,0,0,3,2,1,18550,95.6500015258789,0,1,3,3,1,333.224456787109,313.5,0.0393955558538437
44,1,0,4,2,1,18554,101.089996337891,0,5,2,1,1,353.466278076172,397.230010986328,0.0467656888067722
45,1,0,4,2,1,18556,79.3600006103516,0,5,1,1,1,261.183197021484,287.910003662109,0.198625653982162
61,1,0,4,2,1,18557,103.410003662109,0,5,1,2,1,231.363006591797,241.110000610352,0.351996332406998
50,1,0,2,2,1,18558,113.599990844727,0,1,2,2,0,444.976470947266,414.220001220703,0.0309781432151794
48,1,0,1,2,1,18559,65.4800033569336,0,1,1,NA,0,55.2723579406738,0,0.105949230492115
59,1,0,1,2,1,18566,62.1599998474121,0,1,1,NA,0,43.4824600219727,0,0.179202631115913
51,1,0,1,2,1,18567,69.468017578125,0,1,2,2,0,619.569702148438,681.739990234375,0.0230823382735252
57,0,0,3,2,1,18568,NA,NA,NA,NA,NA,1,0,0,NA
55,1,0,3,2,1,18571,541.460021972656,0,2,2,1,1,173.929779052734,313.200012207031,0.0578956827521324
39,1,0,4,2,1,18572,20.2800006866455,0,5,2,3,1,93.7439880371094,183.039993286133,0.0420778319239616
55,1,0,4,2,1,18573,34.5499992370605,1,5,1,NA,1,19.2906684875488,0,0.27262356877327
49,1,0,3,2,1,18574,41.0200004577637,1,2,1,2,1,150.301406860352,235.600006103516,0.17822502553463
32,1,0,2,2,1,18575,85.6100006103516,0,1,3,2,0,368.051971435547,388.25,0.0210945997387171
44,1,0,3,2,1,18576,132.888275146484,0,1,2,3,1,1222.50744628906,1079.03002929688,0.0336750745773315
48,1,0,2,2,1,18579,50.2000007629395,0,1,3,3,0,213.993194580078,214.380004882812,0.0279634445905685
44,1,0,4,2,1,18580,22.8600006103516,1,3,1,2,1,80.2175827026367,286.829986572266,0.194470122456551
54,1,0,1,2,1,18583,30.1700000762939,1,1,1,NA,0,24.5928153991699,0,0.137113586068153
46,0,0,1,2,1,18586,58.4799995422363,0,2,3,3,0,255.292358398438,274.510009765625,0.0178370773792267
42,1,0,3,2,1,18587,41.7599983215332,0,3,1,1,1,159.710266113281,185.320007324219,0.149444967508316
NA,1,0,3,2,1,18589,76.6399993896484,0,1,3,3,1,301.661071777344,309.970001220703,0.0303501505404711
37,1,0,4,2,1,18591,96.4112243652344,0,1,2,2,1,719.559875488281,669.159973144531,0.0413342975080013
33,1,0,1,2,1,18594,81.7600021362305,0,1,3,3,0,375.808959960938,449.589996337891,0.0143014825880527
37,1,0,3,2,1,18595,43.0699996948242,0,2,1,2,1,164.578918457031,255.139999389648,0.141822949051857
57,1,0,4,2,1,18597,NA,NA,NA,NA,NA,1,0,0,NA
51,1,0,3,2,1,18599,42.9799995422363,1,1,3,3,1,165.745895385742,231.320007324219,0.045577347278595
59,1,0,4,2,1,18602,NA,NA,NA,NA,NA,1,0,0,NA
50,0,0,4,2,1,18605,23.8799991607666,1,5,2,2,1,82.2906723022461,190.449996948242,0.05932392552495
48,1,0,3,2,1,18606,NA,NA,NA,NA,NA,1,0,0,NA
48,1,0,3,2,1,18607,304.350006103516,0,4,1,NA,1,20.9760856628418,0,0.172631964087486
41,1,0,4,2,1,18608,48.6699981689453,0,3,2,2,1,180.525207519531,281.760009765625,0.0434426926076412
57,0,0,4,2,1,18609,41.7400016784668,1,4,1,1,1,100.047653198242,250.479995727539,0.296329230070114
53,0,0,3,2,1,18611,80.7099990844727,0,2,2,3,1,266.167510986328,268.299987792969,0.0512600615620613
46,1,0,3,2,1,18612,80.0500030517578,0,1,1,1,1,287.980377197266,306.119995117188,0.16301366686821
45,1,0,2,2,1,18613,30.3299999237061,1,1,1,3,0,127.616310119629,177.960006713867,0.124848209321499
48,1,0,4,2,1,18614,40.8199996948242,1,5,2,2,1,148.903198242188,176.309997558594,0.0540208071470261
42,1,0,1,2,1,18618,67.6999969482422,0,1,3,3,0,311.603973388672,319.570007324219,0.0154297631233931
54,1,0,4,2,1,18620,44.6100006103516,1,5,2,2,1,139.435852050781,200.139999389648,0.0732403099536896
49,0,0,3,2,1,18622,73.9132080078125,0,1,3,2,1,1272.97937011719,1114.89001464844,0.0412749461829662
50,1,0,3,2,1,18623,83.6110992431641,0,3,3,3,1,588.114990234375,537.049987792969,0.043233584612608
38,1,0,3,2,1,18624,18.3500003814697,0,2,3,3,1,85.1973876953125,163.050003051758,0.0297592524439096
43,1,0,4,2,1,18625,46.9700012207031,0,3,2,3,1,172.358917236328,252.770004272461,0.0454765781760216
62,1,0,4,2,1,18626,109.800003051758,0,5,2,3,1,240.375061035156,263.239990234375,0.124634392559528
45,1,0,3,2,1,18630,55.9099998474121,0,1,1,1,1,221.778915405273,228.669998168945,0.158942431211472
37,0,0,4,2,1,18631,44.8600006103516,0,5,1,2,1,148.255111694336,292.75,0.179229825735092
46,0,0,4,2,1,18633,105.889999389648,0,1,2,2,1,342.813171386719,364.429992675781,0.0501085296273232
50,0,0,4,2,1,18634,NA,NA,NA,NA,NA,1,0,0,NA
46,0,0,2,2,1,18635,47.1300010681152,0,2,1,NA,0,36.5099754333496,0,0.128642216324806
44,1,0,4,2,1,18636,35.3499984741211,0,3,1,NA,1,24.6872177124023,0,0.194470122456551
51,1,0,3,2,1,18637,36.2099990844727,1,3,2,1,1,138.734100341797,172.820007324219,0.045577347278595
49,1,0,4,2,1,18638,NA,NA,NA,NA,NA,1,0,0,NA
61,1,0,4,2,1,18639,NA,NA,NA,NA,NA,1,0,0,NA
41,1,0,4,2,1,18641,106.419998168945,0,3,1,1,1,362.323303222656,329.470001220703,0.184980794787407
46,0,0,3,2,1,18644,91.6065216064453,0,1,3,3,1,811.289672851562,741.950012207031,0.0362412594258785
40,0,0,3,2,1,18645,92.2300033569336,0,1,1,2,1,337.810211181641,426.589996337891,0.14558307826519
46,1,0,4,2,1,18647,90.3300018310547,0,1,2,3,1,304.383483886719,330.059997558594,0.0499447137117386
59,1,0,1,2,1,18648,NA,NA,NA,NA,NA,0,0,0,NA
42,1,0,3,2,1,18649,586.690002441406,0,1,1,1,1,215.292083740234,269.980010986328,0.149444967508316
51,1,0,4,2,1,18651,112.050003051758,0,5,1,1,1,332.631408691406,369.540008544922,0.235286056995392
47,1,0,4,2,1,18653,41.7200012207031,0,5,1,1,1,132.718292236328,235.360000610352,0.208527475595474
42,1,0,4,2,1,18654,41.4900016784668,0,5,1,1,1,146.061172485352,194.139999389648,0.187662392854691
40,0,0,3,2,1,18655,46.0699996948242,0,2,2,3,1,174.290100097656,180.610000610352,0.0306668020784855
55,1,0,4,2,1,18656,NA,NA,NA,NA,NA,1,0,0,NA
39,0,0,1,2,1,18659,48.5437164306641,0,4,1,1,0,494.024810791016,473.829986572266,0.0858466327190399
51,1,0,4,2,1,18660,22.3199996948242,1,3,2,3,1,79.8578643798828,134.369995117188,0.0621387623250484
51,0,0,4,2,1,18661,52.060001373291,1,4,2,2,1,166.972640991211,206.770004272461,0.0623333603143692
42,1,0,4,2,1,18663,104.199996948242,0,5,1,1,1,348.562591552734,439.730010986328,0.187662392854691
51,1,0,2,2,1,18664,407.799987792969,0,2,2,2,0,158.554046630859,217.009994506836,0.0327660292387009
45,1,0,4,2,1,18665,101.339996337891,0,1,3,3,1,344.502471923828,436.869995117188,0.0482507310807705
48,1,0,4,2,1,18667,107.830001831055,0,2,3,3,1,355.706207275391,402.790008544922,0.0540208071470261
49,1,0,3,2,1,18668,84.1721954345703,0,1,2,2,1,852.076721191406,896.390014648438,0.0411347970366478
38,1,0,4,2,1,18670,23.6299991607666,0,3,1,1,1,92.9051895141602,130.600006103516,0.179688066244125
44,1,0,4,2,1,18671,41.5,0,5,1,1,1,143.747894287109,192,0.194470122456551
53,1,0,4,2,1,18673,15.4799995422363,1,5,1,NA,1,9.11620426177979,0,0.252528101205826
50,1,0,4,2,1,18674,25.2099990844727,1,5,1,2,1,87.3852233886719,153.270004272461,0.227668836712837
52,1,0,4,2,1,18675,45.0200004577637,1,5,3,3,1,148.062545776367,240.179992675781,0.0654705762863159
51,1,0,2,2,1,18676,46.0300521850586,1,1,1,1,0,592.174255371094,524.840026855469,0.152423366904259
50,1,0,4,2,1,18677,55.7249870300293,0,3,1,1,1,349.557922363281,423.100006103516,0.227668836712837
56,1,0,4,2,1,18680,32.0699996948242,1,5,1,NA,1,17.5331687927246,0,0.28380686044693
48,0,0,4,2,1,18681,NA,NA,NA,NA,NA,1,0,0,NA
44,1,0,4,2,1,18682,42.2900009155273,0,4,1,1,1,145.964828491211,194.929992675781,0.194470122456551
49,1,0,3,2,1,18686,54.2000007629395,0,2,2,2,1,204.256195068359,227.369995117188,0.0411347970366478
54,1,0,4,2,1,18688,32.4199981689453,1,4,3,NA,1,21.1930465698242,0,0.0732403099536896
51,1,0,3,2,1,18689,62.0099983215332,0,2,3,3,1,222.351852416992,230.539993286133,0.045577347278595
55,0,0,4,2,1,18690,15.9300003051758,1,4,1,NA,1,8.18606567382812,0,0.273151278495789
59,1,0,1,2,1,18691,45.3199996948242,1,5,1,1,0,158.758361816406,160.830001831055,0.179202631115913
44,1,0,4,2,1,18692,47.6300010681152,0,4,2,3,1,170.342391967773,202.059997558594,0.0467656888067722
53,1,0,4,2,1,18693,62.939998626709,0,4,1,1,1,183.171844482422,193.029998779297,0.252528101205826
45,1,0,4,2,1,18694,23.3299999237061,1,5,1,1,1,85.1123733520508,261.540008544922,0.198625653982162
42,1,0,3,2,1,18695,95.4599990844727,0,1,2,3,1,363.197570800781,420.529998779297,0.031845785677433
58,1,0,4,2,1,18697,24.6299991607666,1,4,1,1,1,67.4380722045898,141.429992675781,0.308567583560944
47,1,0,3,2,1,18699,136.638916015625,0,1,3,3,1,635.281311035156,598.669982910156,0.0375928096473217
49,1,0,2,2,1,18700,85.6100006103516,0,1,3,3,0,352.666137695312,414.790008544922,0.029383011162281
46,1,0,1,2,1,18703,131.146713256836,0,1,3,3,0,588.601013183594,569.25,0.0177674517035484
47,1,0,4,2,1,18707,59.2900009155273,0,2,1,1,1,196.008239746094,297.940002441406,0.208527475595474
49,1,0,4,2,1,18708,73.0233383178711,0,5,2,2,1,368.754486083984,325.859985351562,0.0564385242760181
61,1,0,3,2,1,18709,55.3600006103516,0,1,1,NA,1,53.9845275878906,0,0.29729038476944
58,1,0,4,2,1,18711,30.3400001525879,1,1,1,NA,1,15.6293210983276,0,0.308567583560944
48,0,0,3,2,1,18712,806.190002441406,0,1,2,3,1,277.59619140625,304.390014648438,0.0393955558538437
48,1,0,4,2,1,18713,41.5999984741211,1,5,1,1,1,131.831970214844,184.190002441406,0.214313834905624
48,1,0,4,2,1,18714,31.9599990844727,1,5,2,3,1,119.233955383301,159.389999389648,0.0540208071470261
55,1,0,4,2,1,18715,18.0799999237061,1,5,1,NA,1,11.2137813568115,0,0.27262356877327
48,1,0,2,2,1,18716,70.2209320068359,0,1,2,3,0,533.980895996094,466.779998779297,0.0279634445905685
57,1,0,2,2,1,18717,9.4399995803833,1,1,1,1,0,36.6320152282715,74.7200012207031,0.200139880180359
51,1,0,1,2,1,18719,NA,NA,NA,NA,NA,0,0,0,NA
54,1,0,4,2,1,18720,48.560001373291,1,4,1,2,1,136.058990478516,247.850006103516,0.262205898761749
NA,1,0,2,2,1,18721,NA,NA,NA,NA,NA,0,0,0,NA
57,1,0,3,2,1,18723,120.474548339844,0,1,3,3,1,362.343811035156,384.440002441406,0.0662437900900841
61,1,0,4,2,1,18725,33.060001373291,1,3,1,1,1,76.8171005249023,135.039993286133,0.351996332406998
52,1,0,4,2,1,18726,40.8400001525879,1,5,1,3,1,124.699005126953,161.800003051758,0.243563696742058
36,0,0,4,2,1,18727,50.2799987792969,0,3,1,1,1,170.003112792969,316.730010986328,0.178792804479599
44,1,0,2,2,1,18728,108.247650146484,0,1,3,3,0,476.114990234375,420.779998779297,0.0237618200480938
45,1,0,3,2,1,18729,98.2153625488281,0,1,2,3,1,799.907409667969,739.880004882812,0.0348134785890579
50,0,0,4,2,1,18731,46.3499984741211,1,5,1,1,1,137.319717407227,169.529998779297,0.228148460388184
50,1,0,3,2,1,18735,58.9000015258789,0,2,1,3,1,207.055130004883,270.670013427734,0.184374466538429
51,1,0,3,2,1,18736,20.5200004577637,1,5,1,1,1,75.3467330932617,178.309997558594,0.191107615828514
50,1,0,3,2,1,18737,402.920013427734,0,1,1,1,1,135.163238525391,179.119995117188,0.184374466538429
54,1,0,1,2,1,18738,87.6999969482422,0,1,2,3,0,351.236724853516,375.540008544922,0.0281377844512463
53,0,0,4,2,1,18740,83.6100006103516,0,4,1,1,1,230.106689453125,241.460006713867,0.253035575151443
45,1,0,4,2,1,18744,42.8899993896484,0,5,2,3,1,163.980529785156,271.140014648438,0.0482507310807705
47,1,0,4,2,1,18746,51.8899993896484,0,4,1,2,1,167.875396728516,178.990005493164,0.208527475595474
NA,NA,0,3,2,1,18750,66.2300033569336,0,5,2,2,1,250.873153686523,415.140014648438,0.0303501505404711
48,0,0,3,2,1,18755,104.480003356934,0,1,2,3,1,365.295837402344,424.549987792969,0.0393955558538437
39,0,0,4,2,1,18756,17.1599998474121,0,3,1,NA,1,10.8674421310425,0,0.181420966982841
46,1,0,4,2,1,18757,43.9000015258789,0,2,2,3,1,167.162307739258,178.110000610352,0.0499447137117386
39,1,0,3,2,1,18760,74.9409713745117,0,1,3,3,1,529.722473144531,476.140014648438,0.0300990268588066
42,1,0,3,2,1,18761,81.5,0,2,1,1,1,307.479583740234,313.670013427734,0.149444967508316
51,1,0,4,2,1,18763,100.25,0,5,1,1,1,302.358001708984,389.420013427734,0.235286056995392
42,1,0,1,2,1,18764,81.0299987792969,0,1,2,3,0,369.161895751953,365.760009765625,0.0154297631233931
44,1,0,4,2,1,18765,20.6900005340576,1,4,1,2,1,74.6056900024414,127.900001525879,0.194470122456551
42,1,0,3,2,1,18768,413.160003662109,0,1,2,3,1,161.856781005859,184.139999389648,0.031845785677433
46,1,0,3,2,1,18771,86.3199996948242,0,3,2,2,1,325.71337890625,355.859985351562,0.0361152030527592
46,0,0,4,2,1,18774,103.849998474121,0,5,1,1,1,326.427398681641,349.769989013672,0.20375420153141
NA,1,0,3,2,1,18775,65.5999984741211,0,2,1,2,1,251.052963256836,452.079986572266,0.144536748528481
38,1,0,3,2,1,18776,24.8799991607666,0,2,2,3,1,112.485824584961,181.080001831055,0.0297592524439096
36,0,0,4,2,1,18777,90.3499984741211,0,3,2,3,1,325.639892578125,359.480010986328,0.0413269028067589
63,1,0,3,2,1,18778,NA,NA,NA,NA,NA,1,0,0,NA
51,1,0,4,2,1,18780,80.7200012207031,0,4,3,3,1,249.70491027832,355.720001220703,0.0621387623250484
54,0,0,3,2,1,18782,NA,NA,NA,NA,NA,1,0,0,NA
NA,1,0,4,2,1,18784,44.8300018310547,0,4,1,1,1,169.720443725586,249.279998779297,0.144536748528481
42,0,0,4,2,1,18786,40.060001373291,0,4,2,3,1,143.410781860352,281.299987792969,0.0445211231708527
58,1,0,3,2,1,18788,36.9065933227539,1,1,3,3,1,374.669555664062,377.619995117188,0.0710923299193382
45,1,0,4,2,1,18789,57.8600006103516,0,3,2,2,1,202.269165039062,206.240005493164,0.0482507310807705
41,1,0,4,2,1,18791,80.5699996948242,0,1,3,3,1,285.986602783203,433.549987792969,0.0434426926076412
42,0,0,4,2,1,18792,47.3300018310547,0,5,1,2,1,166.564346313477,257.410003662109,0.188090264797211
47,0,0,4,2,1,18794,42.3199996948242,0,3,1,1,1,134.781768798828,252.100006103516,0.208983451128006
47,1,0,3,2,1,18795,108.540000915527,0,3,1,2,1,385.377624511719,372.489990234375,0.167569503188133
46,1,0,4,2,1,18796,47.560001373291,0,4,2,NA,1,33.3073196411133,0,0.0499447137117386
37,1,0,4,2,1,18797,114.527801513672,0,5,1,1,1,693.160034179688,742.760009765625,0.178814634680748
NA,1,0,4,2,1,18799,122.365493774414,0,5,1,1,1,443.430999755859,439.579986572266,0.144536748528481
52,1,0,3,2,1,18800,36.5703201293945,1,3,1,1,1,389.500793457031,388.149993896484,0.198453456163406
46,1,0,3,2,1,18801,92.8300018310547,0,1,1,NA,1,99.8675308227539,0,0.16301366686821
42,1,0,1,2,1,18804,31.8099994659424,0,2,1,1,0,152.070281982422,192.580001831055,0.0895771607756615
58,0,0,4,2,1,18808,42.4900016784668,0,5,1,NA,1,19.4823608398438,0,0.309126794338226
52,1,0,3,2,1,18809,247.771850585938,0,1,2,2,1,420.186889648438,434.369995117188,0.0481888316571712
50,0,0,3,2,1,18811,80.2600021362305,0,1,1,NA,1,53.8064041137695,0,0.184797659516335
48,1,0,1,2,1,18812,84.2699966430664,0,1,3,3,0,367.462280273438,378.75,0.019514637067914
48,1,0,1,2,1,18814,NA,NA,NA,NA,NA,0,0,0,NA
42,1,0,4,2,1,18816,47.310001373291,0,5,1,1,1,164.515869140625,211.990005493164,0.187662392854691
58,1,0,4,2,1,18817,NA,NA,NA,NA,NA,1,0,0,NA
45,1,0,4,2,1,18818,41.8400001525879,0,4,2,1,1,149.158828735352,189.960006713867,0.0482507310807705
46,1,0,4,2,1,18819,40.9599990844727,0,4,1,1,1,146.29850769043,170.460006713867,0.203305020928383
46,1,0,4,2,1,18820,39.8899993896484,0,4,1,NA,1,27.3326930999756,0,0.203305020928383
48,1,0,4,2,1,18821,13.8900003433228,1,3,1,1,1,48.4318466186523,140.619995117188,0.214313834905624
43,1,0,4,2,1,18822,40.9199981689453,0,5,1,2,1,140.242904663086,195.940002441406,0.190820917487144
52,1,0,1,2,1,18823,66.2300033569336,0,3,1,1,0,269.934631347656,316.160003662109,0.124721169471741
49,1,0,3,2,1,18824,59.0400009155273,0,2,3,3,1,219.239898681641,270.480010986328,0.0411347970366478
49,0,0,3,2,1,18826,100.735458374023,0,1,2,3,1,439.47119140625,484.769989013672,0.0412749461829662
49,1,0,4,2,1,18828,43.4900016784668,1,4,2,3,1,145.937194824219,161.820007324219,0.0564385242760181
42,0,0,4,2,1,18831,55.4599990844727,0,5,1,1,1,182.377349853516,176.350006103516,0.188090264797211
35,1,0,4,2,1,18832,40.8199996948242,0,4,1,2,1,145.68782043457,168.910003662109,0.178376957774162
52,1,0,4,2,1,18833,24.3899993896484,1,3,1,3,1,74.4036865234375,164.669998168945,0.243563696742058
43,1,0,2,2,1,18834,84.1600036621094,0,1,3,3,0,349.412384033203,317.640014648438,0.0230248365551233
55,0,0,4,2,1,18835,106.51000213623,0,5,1,3,1,280.313262939453,276.549987792969,0.273151278495789
39,0,0,3,2,1,18836,63.5699996948242,0,2,2,2,1,246.282150268555,257.130004882812,0.0302075110375881
44,1,0,4,2,1,18837,103.889999389648,0,5,2,2,1,352.251159667969,354.769989013672,0.0467656888067722
46,1,0,2,2,1,18838,46.0200004577637,0,1,1,1,0,200.37956237793,363.850006103516,0.128309085965157
49,1,0,2,2,1,18839,90.0299987792969,0,2,1,1,0,344.341522216797,360.929992675781,0.141316398978233
62,0,0,1,2,1,18841,NA,NA,NA,NA,NA,0,0,0,NA
36,1,0,4,2,1,18843,41.060001373291,0,3,2,1,1,155.329574584961,143.470001220703,0.0411866083741188
39,1,0,1,2,1,18844,75.7200012207031,0,3,1,1,0,336.672302246094,440.820007324219,0.0855980068445206
54,1,0,1,2,1,18846,41.9000015258789,1,2,2,2,0,174.265182495117,280.130004882812,0.0281377844512463
52,1,0,4,2,1,18847,21.5200004577637,1,3,1,1,1,75.9503479003906,256.910003662109,0.243563696742058
62,1,0,1,2,1,18851,56.1199989318848,1,5,1,1,0,183.536636352539,255.729995727539,0.213763281702995
47,1,0,2,2,1,18853,30.2099990844727,1,1,2,3,0,138.662475585938,205.100006103516,0.0267042145133018
56,1,0,3,2,1,18855,NA,NA,NA,NA,NA,1,0,0,NA
53,0,0,2,2,1,18856,77.3899993896484,0,1,1,NA,0,52.887939453125,0,0.166144326329231
49,0,0,1,2,1,18857,NA,NA,NA,NA,NA,0,0,0,NA
36,1,0,4,2,1,18858,41.5699996948242,0,3,2,3,1,160.638000488281,213.850006103516,0.0411866083741188
52,1,0,4,2,1,18859,NA,NA,NA,NA,NA,1,0,0,NA
55,1,0,1,2,1,18860,30.3099994659424,1,1,1,NA,0,24.8680629730225,0,0.144181981682777
49,1,0,4,2,1,18863,43.5400009155273,1,4,1,2,1,140.873275756836,232.679992675781,0.220686390995979
44,1,0,1,2,1,18866,91.3199996948242,0,1,2,2,0,416.576721191406,438.859985351562,0.0164264310151339
47,0,0,4,2,1,18867,54.0499992370605,0,4,1,2,1,165.554260253906,284.190002441406,0.208983451128006
33,0,0,3,2,1,18868,185.995346069336,0,3,1,1,1,501.022003173828,519.309997558594,0.142925977706909
44,1,0,3,2,1,18872,54.439998626709,0,1,2,3,1,214.144500732422,265.220001220703,0.0336750745773315
42,0,0,2,2,1,18873,49.2200012207031,0,1,2,3,0,200.874206542969,227.380004882812,0.022480545565486
49,1,0,4,2,1,18874,28.0900001525879,1,5,1,1,1,99.8058471679688,194.050003051758,0.220686390995979
50,0,0,4,2,1,18875,NA,NA,NA,NA,NA,1,0,0,NA
54,1,0,4,2,1,18877,42.4799995422363,1,5,1,1,1,122.399253845215,237.369995117188,0.262205898761749
48,1,0,3,2,1,18880,24.6399993896484,1,2,1,1,1,93.7249984741211,187.020004272461,0.172631964087486
46,1,0,4,2,1,18881,40.5900001525879,0,1,3,3,1,148.898788452148,275.320007324219,0.0499447137117386
45,0,0,4,2,1,18884,84.5944290161133,0,5,1,1,1,373.524719238281,368.630004882812,0.199068605899811
46,1,0,4,2,1,18885,80.4100036621094,0,3,2,3,1,269.760803222656,332.029998779297,0.0499447137117386
46,0,0,3,2,1,18886,80.8899993896484,0,1,2,1,1,305.069519042969,323.910003662109,0.0362412594258785
43,1,0,3,2,1,18887,79.1252822875977,0,1,1,1,1,678.226989746094,619.849975585938,0.152175262570381
49,0,0,2,2,1,18889,100.120002746582,0,1,1,NA,0,75.9753723144531,0,0.14167232811451
45,1,0,4,2,1,18890,41.1699981689453,0,3,1,2,1,144.215637207031,168.270004272461,0.198625653982162
47,1,0,4,2,1,18892,81.4199981689453,0,4,3,3,1,270.881988525391,337.339996337891,0.0518624819815159
51,1,0,4,2,1,18894,25.4200000762939,1,3,1,1,1,77.3886032104492,168.029998779297,0.235286056995392
43,1,0,4,2,1,18896,110.120002746582,0,5,1,1,1,372.451751708984,460.5,0.190820917487144
41,1,0,4,2,1,18897,NA,NA,NA,NA,NA,1,0,0,NA
50,1,0,3,2,1,18898,113.717727661133,0,1,3,3,1,411.619720458984,418.959991455078,0.043233584612608
57,1,0,4,2,1,18899,109.112609863281,0,5,1,1,1,293.502532958984,374.970001220703,0.295780569314957
48,1,0,1,2,1,18900,108.660003662109,0,1,3,3,0,466.678588867188,464.899993896484,0.019514637067914
45,1,0,4,2,1,18902,40.7900009155273,0,4,1,1,1,138.911026000977,150.330001831055,0.198625653982162
42,1,0,3,2,1,18906,180.466583251953,0,1,2,2,1,701.750732421875,719.75,0.031845785677433
47,0,0,3,2,1,18909,81.0500030517578,0,1,3,3,1,290.663330078125,284.839996337891,0.0377230644226074
53,1,0,4,2,1,18910,109.709999084473,0,4,1,1,1,311.959167480469,319.760009765625,0.252528101205826
51,1,0,4,2,1,18914,40.5400009155273,1,2,3,3,1,136.584991455078,146.889999389648,0.0621387623250484
50,1,0,1,2,1,18915,53.189998626709,0,2,1,1,0,218.168914794922,238.490005493164,0.114417366683483
35,1,0,4,2,1,18918,20.6599998474121,0,3,2,2,1,85.0340118408203,212.529998779297,0.0411861687898636
38,1,0,4,2,1,18919,107.180000305176,0,5,1,1,1,368.016693115234,360.959991455078,0.179688066244125
54,1,0,4,2,1,18920,50.3499984741211,1,1,1,2,1,142.331069946289,287.429992675781,0.262205898761749
48,1,0,4,2,1,18922,45.7900009155273,0,4,1,1,1,148.742980957031,207.949996948242,0.214313834905624
45,0,0,4,2,1,18925,21.4799995422363,1,3,1,1,1,68.5438690185547,173.729995727539,0.199068605899811
48,1,0,3,2,1,18926,36.4799995422363,1,2,1,1,1,132.593048095703,299.899993896484,0.172631964087486
58,1,0,4,2,1,18927,NA,NA,NA,NA,NA,1,0,0,NA
40,1,0,4,2,1,18928,485.600006103516,0,1,2,3,1,173.901519775391,247.449996948242,0.0426801256835461
43,0,0,3,2,1,18932,85.6399993896484,0,1,1,2,1,319.751953125,398.570007324219,0.152549311518669
50,1,0,4,2,1,18935,22.7099990844727,1,2,1,NA,1,102.747947692871,0,0.227668836712837
47,0,0,4,2,1,18936,55.7099990844727,0,5,2,3,1,184.223831176758,275.619995117188,0.0520312823355198
48,1,0,4,2,1,18937,60.5900001525879,0,3,1,1,1,191.87580871582,233.979995727539,0.214313834905624
37,1,0,4,2,1,18938,41.5999984741211,0,5,1,2,1,148.835098266602,248.470001220703,0.178814634680748
44,1,0,3,2,1,18939,61.1868095397949,0,1,3,3,1,796.269653320312,720.309997558594,0.0336750745773315
39,1,0,4,2,1,18940,100.169998168945,0,5,1,1,1,342.188323974609,365.769989013672,0.181002601981163
48,1,0,2,2,1,18945,58,0,1,1,2,0,235.860046386719,248.779998779297,0.13651992380619
49,1,0,4,2,1,18946,106.819999694824,0,4,1,1,1,338.428985595703,430.559997558594,0.220686390995979
46,1,0,4,2,1,18947,41.1599998474121,0,4,1,2,1,141.229354858398,226.419998168945,0.203305020928383
41,0,0,3,2,1,18948,81.2900009155273,0,1,2,2,1,310.436981201172,391.899993896484,0.0312489345669746
49,1,0,2,2,1,18951,61.939998626709,0,1,1,NA,0,47.8992004394531,0,0.141316398978233
45,1,0,3,2,1,18953,73.9700012207031,0,3,1,2,1,275.516693115234,331.190002441406,0.158942431211472
49,1,0,2,2,1,18954,119.190002441406,0,2,2,NA,0,70.3928985595703,0,0.029383011162281
53,1,0,3,2,1,18955,NA,NA,NA,NA,NA,1,0,0,NA
60,1,0,2,2,1,18956,43.3300018310547,1,1,1,NA,0,57.2942733764648,0,0.233875870704651
50,0,0,4,2,1,18957,NA,NA,NA,NA,NA,1,0,0,NA
38,1,0,3,2,1,18962,55.1606521606445,0,3,2,2,1,727.421997070312,713.539978027344,0.0297592524439096
58,1,0,4,2,1,18968,77.8600006103516,0,5,2,NA,1,40.8915176391602,0,0.0941826030611992
59,0,0,2,2,1,18971,NA,NA,NA,NA,NA,0,0,0,NA
38,1,0,1,2,1,18973,43.310001373291,0,1,1,3,0,203.534683227539,302.380004882812,0.084817998111248
39,0,0,4,2,1,18974,40.7799987792969,0,1,2,3,1,143.361694335938,206.339996337891,0.0422205813229084
51,0,0,3,2,1,18975,47.8800010681152,1,1,1,1,1,156.068161010742,255.789993286133,0.1915403008461
44,1,0,3,2,1,18976,70.1100006103516,0,1,2,3,1,266.511108398438,358.350006103516,0.0336750745773315
46,1,0,1,2,1,18978,101.589996337891,0,3,1,2,0,449.192016601562,428.109985351562,0.0991005152463913
48,1,0,4,2,1,18979,101.401611328125,0,1,1,2,1,362.811218261719,399.309997558594,0.214313834905624
46,1,0,4,2,1,18980,62.9099998474121,0,4,2,3,1,220.130111694336,343.510009765625,0.0499447137117386
35,1,0,2,2,1,18981,50.6971549987793,0,1,3,3,0,562.939453125,533.809997558594,0.0205940920859575
65,1,0,3,2,1,18984,74.3099975585938,0,1,2,NA,1,34.0603332519531,0,0.122125200927258
50,1,0,4,2,1,18985,40.5800018310547,1,4,1,1,1,131.555068969727,215.529998779297,0.227668836712837
55,1,0,1,2,1,18990,33.2700004577637,1,1,1,NA,0,26.8993721008301,0,0.144181981682777
49,1,0,1,3,1,18991,422.970001220703,0,1,2,3,0,184.661987304688,211.199996948242,0.0204229671508074
48,1,0,4,3,1,18992,54.5397605895996,0,1,2,2,1,649.213623046875,587.900024414062,0.0537059530615807
45,1,0,1,3,1,18995,41.7000007629395,0,1,1,1,0,194.27326965332,254.820007324219,0.0957358404994011
NA,1,0,3,3,1,19000,NA,NA,NA,NA,NA,1,0,0,NA
42,0,0,2,3,1,19001,55.0200004577637,0,1,3,3,0,234.71533203125,241.550003051758,0.0223271790891886
49,1,0,3,3,1,19002,75.2300033569336,0,3,1,NA,1,52.4284553527832,0,0.177475690841675
54,1,0,3,3,1,19003,26.2299995422363,1,3,2,3,1,98.4015884399414,177,0.054002370685339
42,0,0,3,3,1,19004,186.869995117188,0,1,1,NA,1,66.4758377075195,0,0.149145215749741
53,1,0,3,3,1,19008,31.9099998474121,0,3,1,NA,1,21.9666576385498,0,0.20562207698822
48,0,0,3,3,1,19009,102.529998779297,0,3,1,1,1,356.470092773438,381.549987792969,0.172302529215813
56,1,0,3,3,1,19010,32.810001373291,1,3,3,3,1,124.904678344727,187.259994506836,0.0615081116557121
51,1,0,3,3,1,19011,53.8499984741211,1,3,1,1,1,184.682403564453,205.619995117188,0.190324991941452
47,0,0,2,3,1,19012,48.6370086669922,0,1,3,3,0,781.344543457031,751.099975585938,0.0266246479004622
47,1,0,1,3,1,19015,98.5500030517578,0,1,3,3,0,429.570831298828,377.459991455078,0.0184551626443863
41,1,0,3,3,1,19016,40.9799995422363,0,3,1,1,1,157.561264038086,213.089996337891,0.146469458937645
50,1,0,1,3,1,19022,90.2699966430664,0,1,2,3,0,383.988494873047,497.779998779297,0.0216006133705378
46,1,0,3,3,1,19024,20.4599990844727,1,1,1,1,1,82.8506622314453,170.770004272461,0.162305951118469
45,0,0,3,3,1,19025,50.9099998474121,0,3,3,3,1,196.930557250977,241.899993896484,0.0347143784165382
49,1,0,3,3,1,19029,41.2000007629395,1,3,1,1,1,148.48161315918,252.220001220703,0.177475690841675
42,1,0,3,3,1,19031,104.309997558594,0,3,1,2,1,389.671112060547,355.529998779297,0.148776739835739
39,1,0,3,3,1,19033,91.2900009155273,0,1,2,2,1,367.173522949219,328.420013427734,0.0299032386392355
52,1,0,1,3,1,19034,63.0800018310547,0,1,3,NA,0,53.5609970092773,0,0.0244135428220034
42,1,0,3,3,1,19035,62.5499992370605,0,3,1,1,1,242.073959350586,334.649993896484,0.148776739835739
53,0,0,1,3,1,19038,91.5100021362305,0,1,1,1,0,351.513824462891,365.470001220703,0.130365490913391
42,1,0,3,3,1,19039,64.7399978637695,0,3,1,1,1,245.336471557617,272.950012207031,0.148776739835739
51,1,0,3,3,1,19040,105.919998168945,0,1,1,1,1,349.714324951172,353.329986572266,0.190324991941452
43,1,0,2,3,1,19041,77.7099990844727,0,1,1,1,0,312.224029541016,313.399993896484,0.118543468415737
45,1,0,1,3,1,19042,804.109985351562,0,1,3,3,0,354.363250732422,399.839996337891,0.0169292092323303
50,1,0,3,3,1,19043,37.439998626709,0,3,1,NA,1,26.7799987792969,0,0.183609008789062
50,1,0,3,3,1,19044,66.1399993896484,0,3,1,1,1,232.886978149414,258.630004882812,0.183609008789062
44,1,0,3,3,1,19046,40.8300018310547,0,3,1,2,1,161.690673828125,198.259994506836,0.154650017619133
58,0,0,3,3,1,19049,43.9900016784668,1,1,3,3,1,128.435485839844,140.660003662109,0.0709172412753105
37,1,0,2,3,1,19051,26.1000003814697,0,1,1,2,0,119.910285949707,194.220001220703,0.109851948916912
40,1,0,3,3,1,19052,46.1399993896484,0,3,2,2,1,190.527603149414,264.779998779297,0.0303586814552546
53,1,0,1,3,1,19054,198.302062988281,0,1,3,3,0,818.232421875,727.380004882812,0.0260825529694557
56,0,0,4,3,1,19055,55.1699981689453,1,3,2,2,1,145.684722900391,145.460006713867,0.0825114026665688
48,1,0,4,3,1,19056,42.6500015258789,0,3,2,3,1,150.225311279297,211.979995727539,0.0537059530615807
38,1,0,3,3,1,19057,77.1100006103516,0,3,1,1,1,298.819488525391,355,0.14192621409893
51,1,0,4,3,1,19062,42.5400009155273,1,1,1,1,1,130.832992553711,193.100006103516,0.234402120113373
50,1,0,3,3,1,19067,48.5999984741211,1,3,1,1,1,170.530044555664,212.990005493164,0.183609008789062
44,1,0,3,3,1,19069,83.5699996948242,0,1,2,2,1,319.805053710938,306.459991455078,0.0334602333605289
40,1,0,3,3,1,19070,41.2799987792969,0,3,1,3,1,160.75927734375,153.320007324219,0.144564986228943
53,0,0,3,3,1,19071,41.6199989318848,1,3,1,1,1,130.11637878418,193.360000610352,0.206074252724648
53,1,0,3,3,1,19077,105.959999084473,0,3,1,2,1,337.304412841797,369.410003662109,0.20562207698822
48,1,0,3,3,1,19078,101.819999694824,0,3,1,1,1,360.249877929688,357.510009765625,0.17189759016037
51,1,0,1,3,1,19081,81.0899963378906,0,1,2,3,0,339.865051269531,381,0.0229255259037018
37,1,0,3,3,1,19083,47.2400016784668,0,3,1,2,1,195.17756652832,202.919998168945,0.141177818179131
62,1,0,3,3,1,19086,32.1100006103516,1,3,1,NA,1,16.6913566589355,0,0.311443746089935
40,1,0,3,3,1,19088,104.529998779297,0,3,2,2,1,406.583251953125,445.470001220703,0.0303586814552546
43,1,0,3,3,1,19090,87.0699996948242,0,3,1,2,1,328.836761474609,384.799987792969,0.15149886906147
44,1,0,1,3,1,19093,97.2784423828125,0,1,1,1,0,741.049377441406,666.940002441406,0.0932109281420708
56,1,0,3,3,1,19095,NA,NA,NA,NA,NA,1,0,0,NA
54,1,0,3,3,1,19097,55.9599990844727,1,3,1,2,1,179.104705810547,235.440002441406,0.214264795184135
45,0,0,3,3,1,19100,49.5949630737305,0,1,1,1,1,881.182861328125,766.469970703125,0.158630192279816
46,0,0,4,3,1,19101,103.379997253418,0,3,1,1,1,322.235565185547,332.200012207031,0.202940583229065
52,1,0,3,3,1,19104,NA,NA,NA,NA,NA,1,0,0,NA
46,0,0,1,3,1,19105,46.3199996948242,0,1,1,1,0,200.980209350586,301.700012207031,0.0988758206367493
47,0,0,2,3,1,19106,72.0605010986328,0,1,1,2,0,1176.69909667969,993.690002441406,0.131916418671608
51,1,0,3,3,1,19107,103.080001831055,0,3,1,1,1,341.501647949219,416.739990234375,0.190324991941452
46,1,0,1,3,1,19109,97.8899993896484,0,1,3,3,0,434.655944824219,418.220001220703,0.0176418535411358
39,1,0,3,3,1,19111,NA,NA,NA,NA,NA,1,0,0,NA
52,1,0,2,3,1,19112,79.5500030517578,0,1,1,NA,0,92.5535736083984,0,0.158097162842751
48,1,0,2,3,1,19114,44.9199981689453,0,1,1,2,0,186.86589050293,317.279998779297,0.135891377925873
NA,1,0,3,3,1,19116,41.2099990844727,1,3,1,1,1,159.893692016602,216.789993286133,0.144536748528481
29,1,0,3,3,1,19118,48.3699989318848,0,1,3,3,1,191.861022949219,349.359985351562,0.0316359400749207
47,0,0,2,3,1,19119,38.1399993896484,1,1,2,3,0,153.72346496582,196.679992675781,0.0266246479004622
58,1,0,3,3,1,19122,11.0799999237061,1,3,1,1,1,44.5318489074707,84.75,0.256212800741196
51,1,0,3,3,1,19123,47.0699996948242,1,3,1,1,1,164.328796386719,286.75,0.190324991941452
35,1,0,3,3,1,19124,77.5899963378906,0,3,1,1,1,298.629913330078,323.649993896484,0.140802934765816
57,1,0,3,3,1,19126,42.1100006103516,1,3,3,3,1,135.665008544922,149.75,0.0658743381500244
56,0,0,3,3,1,19127,84.5100021362305,0,3,3,3,1,255.599853515625,287.609985351562,0.0617011673748493
39,1,0,2,3,1,19128,83.8399963378906,0,1,3,3,0,359.355163574219,404.339996337891,0.0209510568529367
39,1,0,3,3,1,19129,100.800003051758,0,3,1,1,1,383.640289306641,403.170013427734,0.143053293228149
48,1,0,3,3,1,19130,101.699996948242,0,3,1,1,1,354.015106201172,338.880004882812,0.17189759016037
48,1,0,3,3,1,19131,44.0699996948242,0,3,1,2,1,161.258361816406,180.509994506836,0.17189759016037
49,0,0,3,3,1,19132,42.3600006103516,1,3,1,1,1,144.499038696289,233.070007324219,0.177888914942741
51,1,0,3,3,1,19135,42.3499984741211,1,1,1,2,1,148.934692382812,159.100006103516,0.190324991941452
41,1,0,3,3,1,19137,41.1100006103516,0,1,1,1,1,169.693496704102,211.639999389648,0.146469458937645
57,1,0,3,3,1,19140,55.8199996948242,1,3,2,2,1,172.266616821289,192.009994506836,0.0658743381500244
54,1,0,3,3,1,19142,10.9700002670288,1,3,2,2,1,48.111888885498,154.580001831055,0.054002370685339
52,1,0,3,3,1,19143,82,0,1,2,2,1,294.394744873047,359.839996337891,0.0479013547301292
51,1,0,1,3,1,19144,NA,NA,NA,NA,NA,0,0,0,NA
49,0,0,1,3,1,19145,NA,NA,NA,NA,NA,0,0,0,NA
51,1,0,3,3,1,19146,100.019996643066,0,3,1,1,1,337.779693603516,319.829986572266,0.190324991941452
51,1,0,3,3,1,19149,70.4549179077148,0,3,2,1,1,389.311889648438,421.25,0.0453024655580521
43,1,0,3,3,1,19152,40.3400001525879,0,3,2,3,1,173.977203369141,170.309997558594,0.0324793606996536
52,1,0,3,3,1,19153,100.639999389648,0,3,1,2,1,335.530792236328,407.329986572266,0.197652563452721
49,1,0,3,3,1,19154,40.310001373291,1,3,1,1,1,144.440048217773,268.480010986328,0.177475690841675
44,1,0,3,3,1,19155,102.980003356934,0,1,1,3,1,382.061004638672,371.010009765625,0.154650017619133
53,1,0,3,3,1,19156,37.6699981689453,0,3,1,NA,1,25.1457061767578,0,0.20562207698822
56,1,0,3,3,1,19157,72.2300033569336,0,3,1,NA,1,51.7171745300293,0,0.233698695898056
50,0,0,3,3,1,19158,40.5299987792969,1,3,3,3,1,143.959136962891,211.360000610352,0.0431153364479542
41,0,0,1,3,1,19160,73.1980438232422,0,1,2,3,0,662.898071289062,672.090026855469,0.0149969384074211
47,0,0,1,3,1,19161,118.969909667969,0,1,3,3,0,867.237426757812,955.969970703125,0.0185270775109529
56,0,0,3,3,1,19162,NA,NA,NA,NA,NA,1,0,0,NA
53,1,0,3,3,1,19167,35.9799995422363,0,3,1,NA,1,24.0504169464111,0,0.20562207698822
44,1,0,2,3,1,19168,400.339996337891,0,1,2,2,0,169.670837402344,178.100006103516,0.0236011203378439
47,0,0,3,3,1,19171,81.7399978637695,0,3,2,3,1,294.241363525391,360.309997558594,0.0374872535467148
52,1,0,2,3,1,19172,61.8300018310547,0,1,2,2,0,238.366821289062,217.490005493164,0.0345454402267933
49,1,0,3,3,1,19174,100.800003051758,0,3,1,1,1,345.035614013672,383.980010986328,0.177475690841675
54,1,0,2,3,1,19176,127.105514526367,0,1,1,1,0,742.394409179688,699.72998046875,0.172588974237442
42,1,0,3,3,1,19178,41.4500007629395,0,3,1,1,1,164.547561645508,296.910003662109,0.148776739835739
56,1,0,3,3,1,19181,44.6599998474121,1,3,1,1,1,136.539520263672,266.679992675781,0.233698695898056
50,1,0,3,3,1,19182,30.9599990844727,0,3,1,NA,1,21.4385948181152,0,0.183609008789062
45,1,0,3,3,1,19183,40.7099990844727,0,3,2,2,1,170.686340332031,173.770004272461,0.0345926955342293
42,1,0,3,3,1,19185,27.2299995422363,0,3,2,3,1,121.77229309082,132.320007324219,0.0316406339406967
NA,0,0,3,3,1,19186,55.9700012207031,0,1,3,3,1,211.88346862793,269.369995117188,0.0303501505404711
42,1,0,3,3,1,19187,51.560001373291,0,3,1,1,1,196.628890991211,310.149993896484,0.148776739835739
42,1,0,3,3,1,19188,69.8300018310547,0,1,1,1,1,269.658905029297,329.279998779297,0.148776739835739
43,1,0,3,3,1,19190,99.3607788085938,0,1,3,3,1,975.760070800781,928.299987792969,0.0324793606996536
63,1,0,3,3,1,19192,30.3099994659424,1,3,1,NA,1,14.8546352386475,0,0.327520221471786
47,0,0,1,3,1,19193,40.2700004577637,0,1,2,2,0,174.413131713867,265.559997558594,0.0185270775109529
52,1,0,3,3,1,19196,111.947021484375,0,1,2,2,1,414.166046142578,427.579986572266,0.0479013547301292
52,1,0,3,3,1,19198,53.388671875,1,3,2,2,1,665.06201171875,621.640014648438,0.0479013547301292
40,1,0,3,3,1,19199,100.610000610352,0,3,1,1,1,383.182220458984,373.299987792969,0.144564986228943
42,1,0,3,3,1,19201,47.060001373291,0,3,1,1,1,182.439071655273,245.899993896484,0.148776739835739
41,0,0,3,3,1,19203,87.9300003051758,0,1,2,3,1,333.9951171875,317.109985351562,0.0310469549149275
45,1,0,3,3,1,19204,NA,NA,NA,NA,NA,1,0,0,NA
43,1,0,3,3,1,19205,50.4000015258789,0,1,3,3,1,200.093978881836,266.959991455078,0.0324793606996536
46,1,0,3,3,1,19208,53.7900009155273,0,1,3,3,1,208.115447998047,248.779998779297,0.0358876511454582
64,1,0,1,3,1,19209,75.9899978637695,1,1,1,2,0,225.618606567383,227.839996337891,0.240510851144791
46,1,0,3,3,1,19211,99.712646484375,0,3,1,1,1,740.088928222656,713.099975585938,0.162305951118469
44,0,0,2,3,1,19212,100.120002746582,0,1,2,2,0,414.021057128906,439.540008544922,0.0236896704882383
62,1,0,3,3,1,19214,45.3600006103516,1,3,1,NA,1,22.5220279693604,0,0.311443746089935
59,0,0,4,3,1,19216,NA,NA,NA,NA,NA,1,0,0,NA
44,1,0,4,3,1,19221,80.6699981689453,0,1,3,3,1,280.215972900391,314.970001220703,0.0464850403368473
37,1,0,1,3,1,19222,53.0499992370605,0,1,3,3,0,257.946411132812,275.75,0.0140780238434672
44,1,0,2,3,1,19225,29.3700008392334,1,1,2,1,0,145.458374023438,209.160003662109,0.0236011203378439
48,1,0,3,3,1,19226,56.5699996948242,0,3,2,2,1,212.226913452148,296.529998779297,0.039016991853714
54,1,0,3,3,1,19231,NA,NA,NA,NA,NA,1,0,0,NA
38,0,0,2,3,1,19233,90.4045715332031,0,1,1,1,0,621.210510253906,594.400024414062,0.11077993363142
40,1,0,2,3,1,19234,30.0200004577637,0,1,2,3,0,148.426788330078,178.490005493164,0.0212892461568117
41,1,0,3,3,1,19235,128.517715454102,0,3,2,3,1,846.587768554688,770.02001953125,0.0309359766542912
62,1,0,3,3,1,19238,38.6500015258789,1,3,1,NA,1,19.752124786377,0,0.311443746089935
45,0,0,3,3,1,19239,NA,NA,NA,NA,NA,1,0,0,NA
59,1,0,3,3,1,19243,109.815124511719,0,3,1,1,1,442.013153076172,474.450012207031,0.268703490495682
71,0,0,3,3,1,19244,120.319999694824,0,3,1,NA,1,38.9610137939453,0,0.489918977022171
56,1,0,1,3,1,19246,57.2751083374023,1,1,2,3,0,769.060180664062,740.049987792969,0.0323893167078495
49,0,0,1,3,1,19248,132.709350585938,0,1,2,2,0,730.1845703125,643.599975585938,0.0205013435333967
54,1,0,3,3,1,19250,66.9900054931641,0,3,2,3,1,638.934326171875,681.5,0.054002370685339
56,0,0,1,3,1,19251,NA,NA,NA,NA,NA,0,0,0,NA
39,0,0,3,3,1,19255,61.4799995422363,0,3,1,1,1,223.277542114258,250,0.143412128090858
52,1,0,2,3,1,19256,41.4500007629395,1,1,1,1,0,152.275131225586,335.839996337891,0.158097162842751
37,1,0,1,3,1,19258,44.1500015258789,0,1,3,3,0,214.267196655273,256.679992675781,0.0140780238434672
NA,1,0,1,3,1,19260,84.8199996948242,0,1,2,2,0,327.365051269531,378.910003662109,0.0303501505404711
38,0,0,1,3,1,19262,44.5400009155273,0,1,3,3,0,204.062759399414,255.259994506836,0.0142555851489305
42,1,0,3,3,1,19263,44.9599990844727,0,3,2,2,1,182.77702331543,290.190002441406,0.0316406339406967
55,0,0,3,3,1,19264,63.4199981689453,1,3,1,1,1,185.344100952148,193.179992675781,0.224087610840797
45,1,0,2,3,1,19265,27.1200008392334,1,1,2,3,0,122.285087585449,208.240005493164,0.0244489628821611
63,1,0,2,3,1,19266,NA,NA,NA,NA,NA,0,0,0,NA
50,1,0,3,3,1,19272,16.7399997711182,1,3,2,3,1,79.2536849975586,232.839996337891,0.0429701656103134
49,0,0,3,3,1,19273,42.8899993896484,1,3,1,2,1,143.405014038086,210.770004272461,0.177888914942741
57,1,0,4,3,1,19274,103.379997253418,0,3,3,3,1,278.613830566406,354.739990234375,0.0877137929201126
53,1,0,1,3,1,19275,87.3499984741211,0,1,1,3,0,348.884826660156,321.140014648438,0.130029276013374
45,1,0,3,3,1,19277,22.0100002288818,1,1,3,3,1,101.801834106445,145.410003662109,0.0345926955342293
34,1,0,1,3,1,19278,56.9500007629395,0,1,1,2,0,256.919952392578,383.970001220703,0.0838542431592941
43,1,0,3,3,1,19279,43.3199996948242,0,3,1,2,1,172.509796142578,315.029998779297,0.15149886906147
51,0,0,3,3,1,19281,60.7900009155273,0,3,1,NA,1,59.5858039855957,0,0.190756574273109
44,1,0,3,3,1,19282,75.5800018310547,0,3,1,3,1,281.139434814453,376.75,0.154650017619133
50,1,0,3,3,1,19285,NA,NA,NA,NA,NA,1,0,0,NA
43,0,0,2,3,1,19287,82.0199966430664,0,1,1,2,0,327.721099853516,410.940002441406,0.118858627974987
62,1,0,3,3,1,19288,21.5599994659424,1,3,1,1,1,59.899772644043,350.510009765625,0.311443746089935
42,0,0,2,3,1,19292,75.8199996948242,0,1,2,3,0,307.902954101562,284.010009765625,0.0223271790891886
49,0,0,3,3,1,19297,44.4799995422363,1,3,1,2,1,150.230545043945,331.429992675781,0.177888914942741
54,1,0,4,3,1,19298,60.5099983215332,1,1,3,3,1,184.518081665039,169.080001831055,0.0728411450982094
48,1,0,3,3,1,19299,59.9500007629395,0,3,1,NA,1,114.587547302246,0,0.17189759016037
60,1,0,3,3,1,19300,50.7999992370605,1,3,1,1,1,141.882797241211,187.570007324219,0.282055497169495
58,0,0,1,3,1,19301,31.6800003051758,1,1,2,3,0,118.315055847168,166.729995727539,0.0380696021020412
53,1,0,3,3,1,19304,44.689998626709,1,1,3,3,1,161.07795715332,184.720001220703,0.050792034715414
57,1,0,2,3,1,19305,NA,NA,NA,NA,NA,0,0,0,NA
51,0,0,3,3,1,19307,49.4000015258789,1,3,1,1,1,158.52912902832,269.869995117188,0.190756574273109
59,1,0,3,3,1,19308,76.2399978637695,0,1,1,NA,1,84.3756484985352,0,0.268703490495682
46,1,0,3,3,1,19311,84.4350814819336,0,3,1,2,1,881.010620117188,800.369995117188,0.162305951118469
53,0,0,1,3,1,19312,49.9799995422363,1,1,3,2,0,209.452056884766,230.779998779297,0.0261788442730904
54,1,0,3,3,1,19313,NA,NA,NA,NA,NA,1,0,0,NA
46,1,0,3,3,1,19314,88.6800003051758,0,3,3,3,1,347.776580810547,371.989990234375,0.0358876511454582
53,0,0,3,3,1,19316,22.4500007629395,1,3,1,1,1,72.1014785766602,159.759994506836,0.206074252724648
36,1,0,3,3,1,19319,53.4099998474121,0,3,2,3,1,219.419677734375,358.160003662109,0.0292301792651415
51,1,0,1,3,1,19320,24.0200004577637,1,1,1,1,0,110.224151611328,184.279998779297,0.118752516806126
48,1,0,1,3,1,19321,88.2300033569336,0,1,1,2,0,374.536407470703,400.829986572266,0.105423517525196
47,1,0,3,3,1,19322,104.339996337891,0,1,2,3,1,382.914703369141,420.339996337891,0.0373576655983925
61,1,0,3,3,1,19324,30.6200008392334,1,3,1,NA,1,16.3737907409668,0,0.296294748783112
67,1,0,3,3,1,19325,43.3300018310547,1,3,1,2,1,85.7707366943359,102.059997558594,0.40123775601387
46,1,0,3,3,1,19328,48.5,0,3,1,1,1,178.197006225586,260.799987792969,0.162305951118469
42,1,0,3,3,1,19329,40.5900001525879,0,3,1,1,1,159.789733886719,237.850006103516,0.148776739835739
50,1,0,3,3,1,19330,115.557106018066,0,1,2,1,1,785.984619140625,678.919982910156,0.0429701656103134
43,1,0,1,3,1,19331,90.0899963378906,0,1,2,2,0,411.001159667969,434.929992675781,0.0157740972936153
43,0,0,3,3,1,19332,63.9032287597656,0,1,3,3,1,796.551086425781,709.669982910156,0.0325948894023895
49,1,0,1,3,1,19334,88.5852813720703,0,1,3,3,0,967.261291503906,816.640014648438,0.0204229671508074
55,1,0,3,3,1,19335,406.459991455078,0,1,1,1,1,123.627113342285,155.610000610352,0.223612859845161
51,1,0,3,3,1,19338,NA,NA,NA,NA,NA,1,0,0,NA
56,1,0,3,3,1,19341,98.0749588012695,0,1,1,1,1,609.493286132812,607.530029296875,0.233698695898056
41,1,0,3,3,1,19342,49.9000015258789,0,3,1,1,1,199.903076171875,206.699996948242,0.146469458937645
48,0,0,3,3,1,19343,45.5200004577637,0,3,1,1,1,152.079895019531,210.25,0.172302529215813
43,1,0,1,3,1,19344,40.5200004577637,0,1,3,3,0,194.782333374023,263.160003662109,0.0157740972936153
47,1,0,2,3,1,19345,30.8199996948242,1,1,2,2,0,140.057281494141,183.509994506836,0.0265269987285137
40,0,0,3,3,1,19346,62.8300018310547,0,3,2,3,1,240.103851318359,250.869995117188,0.0304679423570633
44,1,0,3,3,1,19348,66.370002746582,0,3,2,2,1,256.534790039062,298.589996337891,0.0334602333605289
45,1,0,3,3,1,19350,50.9099998474121,0,3,1,3,1,190.219924926758,282.829986572266,0.158246368169785
45,1,0,2,3,1,19354,94.0146942138672,0,3,3,3,0,1218.20629882812,1117.2900390625,0.0244489628821611
47,1,0,3,3,1,19357,91.3213195800781,0,3,2,2,1,514.862854003906,559.080017089844,0.0373576655983925
48,0,0,1,3,1,19359,84.1999969482422,0,1,1,1,0,362.410308837891,416.829986572266,0.105713330209255
58,0,0,2,3,1,19360,73.5620422363281,1,1,2,2,0,640.702270507812,594.840026855469,0.0524801835417747
50,1,0,2,3,1,19361,46.189998626709,1,1,3,3,0,189.185562133789,257.690002441406,0.0307776108384132
48,1,0,4,3,1,19362,42.7400016784668,1,3,1,1,1,141.895294189453,176.559997558594,0.213475570082664
48,1,0,2,3,1,19364,57.6300010681152,0,1,2,2,0,234.096084594727,277.890014648438,0.0277792811393738
45,0,0,3,3,1,19365,103.129997253418,0,1,2,2,1,384.695373535156,378.690002441406,0.0347143784165382
43,1,0,4,3,1,19367,104.304580688477,0,1,2,3,1,681.816223144531,630.739990234375,0.0452021658420563
50,0,0,1,3,1,19368,601.77001953125,0,1,3,2,0,243.421264648438,285.730010986328,0.0216827839612961
43,1,0,3,3,1,19369,104.930000305176,0,3,1,2,1,402.225280761719,351.890014648438,0.15149886906147
59,1,0,1,3,1,19370,92.2300033569336,0,1,3,3,0,331.482360839844,453,0.0412111170589924
40,1,0,3,3,1,19372,105.269996643066,0,3,1,1,1,398.603424072266,412.809997558594,0.144564986228943
49,1,0,3,3,1,19375,85.120002746582,0,1,2,2,1,314.726531982422,338.029998779297,0.0408817790448666
52,1,0,1,3,1,19376,27.5499992370605,1,1,1,3,0,118.539909362793,194.089996337891,0.124130718410015
51,1,0,3,3,1,19377,101.25,0,3,1,2,1,336.298400878906,390.820007324219,0.190324991941452
51,1,0,3,3,1,19378,NA,NA,NA,NA,NA,1,0,0,NA
39,0,0,3,3,1,19380,85.5400009155273,0,3,2,3,1,340.207916259766,377.790008544922,0.030011123046279
48,0,0,3,3,1,19381,110.569999694824,0,3,3,3,1,386.215576171875,425.350006103516,0.0391512513160706
59,0,0,1,3,1,19382,NA,NA,NA,NA,NA,0,0,0,NA
NA,0,0,3,3,1,19383,124.574310302734,0,1,1,2,1,753.7578125,649.330017089844,0.144536748528481
50,1,0,3,3,1,19388,50.2900009155273,0,1,1,NA,1,36.9505577087402,0,0.183609008789062
57,0,0,3,3,1,19389,29.6800003051758,1,3,1,NA,1,16.6337337493896,0,0.245053604245186
53,1,0,3,3,1,19396,60.6195640563965,0,1,3,3,1,756.943054199219,688.5,0.050792034715414
56,0,0,2,3,1,19397,75.6600036621094,0,1,1,1,0,245.7978515625,257.510009765625,0.190133094787598
49,0,0,3,3,1,19398,NA,NA,NA,NA,NA,1,0,0,NA
48,0,0,2,3,1,19400,NA,NA,NA,NA,NA,0,0,0,NA
42,1,0,3,3,1,19401,71.5400009155273,0,3,1,1,1,284.591156005859,329.619995117188,0.148776739835739
56,1,0,3,3,1,19402,45.939998626709,1,3,1,1,1,138.117233276367,214.380004882812,0.233698695898056
45,1,0,2,3,1,19404,41.7000007629395,0,1,2,3,0,182.389862060547,194.539993286133,0.0244489628821611
58,1,0,4,3,1,19405,50.0999984741211,1,1,1,2,1,133.368072509766,138.100006103516,0.307555198669434
51,1,0,2,3,1,19408,154.707565307617,0,1,3,3,0,1142.71997070312,1068.40002441406,0.0325559750199318
47,1,0,3,3,1,19410,73.4100036621094,0,1,2,3,1,270.936645507812,352.829986572266,0.0373576655983925
46,1,0,4,3,1,19412,85.2900009155273,0,3,2,3,1,285.867340087891,281.790008544922,0.0496489144861698
43,1,0,1,3,1,19413,40.3699989318848,0,1,1,1,0,187.109115600586,182.639999389648,0.0910081043839455
56,1,0,3,3,1,19414,120.306671142578,0,1,2,2,1,863.611145019531,755.880004882812,0.0615081116557121
46,1,0,4,3,1,19417,103.959999084473,0,3,1,3,1,336.360412597656,341.970001220703,0.202492490410805
NA,1,0,3,3,1,19422,28.0400009155273,1,3,1,2,1,110.431999206543,122.360000610352,0.144536748528481
53,0,0,2,3,1,19423,86.1900024414062,0,1,1,1,0,296.476043701172,376.170013427734,0.165427818894386
46,1,0,2,3,1,19424,73.6999969482422,0,1,2,2,0,313.121032714844,319.920013427734,0.0254208222031593
36,1,0,3,3,1,19425,62.7799987792969,0,3,1,1,1,237.428497314453,214.789993286133,0.140804052352905
44,0,0,3,3,1,19426,102.349998474121,0,3,1,1,1,369.011535644531,415.679992675781,0.155028089880943
54,1,0,3,3,1,19427,44.8899993896484,1,3,1,1,1,149.467025756836,221.509994506836,0.214264795184135
46,1,0,3,3,1,19429,409.730010986328,0,1,2,3,1,155.370391845703,176.419998168945,0.0358876511454582
53,1,0,3,3,1,19431,42.7799987792969,1,3,1,1,1,144.325942993164,260.5,0.20562207698822
50,1,0,2,3,1,19432,81.0699996948242,0,1,2,2,0,313.429992675781,282.940002441406,0.0307776108384132
39,1,0,1,3,1,19433,95.0800018310547,0,1,3,3,0,442.611267089844,423.989990234375,0.0143798692151904
51,1,0,1,3,1,19434,103.514778137207,0,1,3,3,0,498.190765380859,593.890014648438,0.0229255259037018
56,1,0,1,3,1,19435,103.440002441406,0,1,2,3,0,405.974945068359,370.440002441406,0.0323893167078495
47,0,0,3,3,1,19436,60.6100006103516,0,3,1,NA,1,41.9346237182617,0,0.167246282100677
35,1,0,3,3,1,19437,43.6399993896484,0,3,2,3,1,177.262680053711,310.649993896484,0.0292298495769501
55,1,0,1,3,1,19438,39.689998626709,1,1,1,1,0,156.87565612793,253.949996948242,0.143529608845711
49,1,0,2,3,1,19440,60.1399993896484,0,1,2,2,0,248.73274230957,305.869995117188,0.0291910842061043
46,1,0,3,3,1,19441,47.939998626709,0,3,1,1,1,176.744720458984,290.290008544922,0.162305951118469
49,1,0,3,3,1,19442,NA,NA,NA,NA,NA,1,0,0,NA
48,1,0,3,3,1,19444,67.4499969482422,0,3,1,1,1,238.838989257812,276.220001220703,0.17189759016037
58,0,0,3,3,1,19445,100.190002441406,0,3,1,2,1,282.2138671875,321.079986572266,0.256724148988724
48,1,0,3,3,1,19449,64.3199996948242,0,3,2,3,1,238.08056640625,356.730010986328,0.039016991853714
55,1,0,1,3,1,19451,61.2599983215332,1,1,2,2,0,250.489654541016,312.459991455078,0.0300464760512114
50,1,0,3,3,1,19452,27.9599990844727,1,3,2,3,1,109.034675598145,196.429992675781,0.0429701656103134
49,1,0,2,3,1,19453,48.5,0,1,1,2,0,190.637680053711,234.130004882812,0.140672832727432
41,0,0,2,3,1,19461,89.9400024414062,0,1,3,3,0,373.789428710938,505.070007324219,0.0218009538948536
49,1,0,3,3,1,19463,100.76000213623,0,3,3,3,1,356.954650878906,363.739990234375,0.0408817790448666
45,1,0,3,3,1,19465,100.949996948242,0,3,1,1,1,364.760620117188,419.809997558594,0.158246368169785
43,1,0,3,3,1,19466,125.187164306641,0,1,1,2,1,499.291229248047,448.309997558594,0.15149886906147
45,1,0,3,3,1,19467,42.75,0,3,1,1,1,163.000503540039,213.220001220703,0.158246368169785
41,1,0,1,3,1,19470,14.8900003433228,1,1,3,3,0,102.825614929199,143.190002441406,0.0149369277060032
43,0,0,3,3,1,19472,47.5400009155273,0,3,1,2,1,180.24560546875,196.580001831055,0.151871800422668
56,1,0,1,3,1,19473,75.5199966430664,0,1,2,NA,0,58.2672538757324,0,0.0323893167078495
49,0,0,3,3,1,19474,77.2099990844727,0,3,1,NA,1,51.4744033813477,0,0.177888914942741
42,0,0,3,3,1,19476,45.9799995422363,0,3,1,3,1,168.329681396484,296.790008544922,0.149145215749741
52,0,0,3,3,1,19477,110.470001220703,0,3,2,3,1,363.860870361328,392.190002441406,0.0480597950518131
49,1,0,2,3,1,19478,71.9899978637695,0,1,1,1,0,277.110412597656,287.609985351562,0.140672832727432
46,0,0,2,3,1,19479,26.1219596862793,1,1,3,3,0,823.091918945312,774.880004882812,0.0255150683224201
46,0,0,2,3,1,19480,95.0699996948242,0,1,3,3,0,381.333190917969,454.820007324219,0.0255150683224201
50,0,0,3,3,1,19481,149.839996337891,0,1,1,NA,1,109.482566833496,0,0.184031069278717
49,1,0,3,3,1,19483,114.550941467285,0,3,3,3,1,562.716064453125,515.320007324219,0.0408817790448666
62,0,0,1,3,1,19487,NA,NA,NA,NA,NA,0,0,0,NA
48,1,0,3,3,1,19488,103.779998779297,0,3,1,1,1,361.646301269531,368.309997558594,0.17189759016037
NA,1,0,3,3,1,19489,24.0799999237061,1,3,1,1,1,103.429512023926,241.889999389648,0.144536748528481
54,1,0,3,3,1,19490,NA,NA,NA,NA,NA,1,0,0,NA
60,1,0,1,3,1,19491,43.2099990844727,1,1,2,3,0,154.20246887207,200.919998168945,0.0448664240539074
42,1,0,3,3,1,19496,150.070434570312,0,1,3,3,1,791.579956054688,761.130004882812,0.0316406339406967
39,1,0,3,3,1,19497,48.9300003051758,0,3,2,3,1,208.458068847656,223.610000610352,0.0299032386392355
59,1,0,1,3,1,19498,80.8300018310547,0,1,2,3,0,290.675903320312,319.640014648438,0.0412111170589924
49,1,0,3,3,1,19499,49.6100006103516,0,3,2,3,1,187.179656982422,207.949996948242,0.0408817790448666
51,0,0,3,3,1,19501,102.370002746582,0,3,2,3,1,350.581024169922,390.679992675781,0.0454539731144905
49,0,0,3,3,1,19504,40.6500015258789,1,3,2,3,1,148.399627685547,221.300003051758,0.0410212315618992
51,0,0,1,3,1,19505,30.4300003051758,0,1,1,NA,0,23.497745513916,0,0.119068078696728
47,1,0,1,3,1,19507,NA,NA,NA,NA,NA,0,0,0,NA
51,1,0,3,3,1,19508,88.3956756591797,0,1,1,1,1,397.293548583984,505.209991455078,0.190324991941452
53,1,0,3,3,1,19509,84.2699966430664,0,3,2,3,1,286.319702148438,306.369995117188,0.050792034715414
44,1,0,3,3,1,19511,100.319999694824,0,1,1,1,1,370.008056640625,400.269989013672,0.154650017619133
53,0,0,3,3,1,19513,21.5699996948242,1,3,1,1,1,61.3142929077148,228.479995727539,0.206074252724648
45,1,0,2,3,1,19514,54.7599983215332,0,1,2,3,0,247.161956787109,344.089996337891,0.0244489628821611
40,1,0,3,3,1,19516,80.3899993896484,0,1,1,2,1,306.73193359375,366.950012207031,0.144564986228943
42,0,0,3,3,1,19518,406.720001220703,0,1,2,3,1,149.489395141602,286.720001220703,0.031753696501255
54,1,0,3,3,1,19519,NA,NA,NA,NA,NA,1,0,0,NA
54,1,0,3,3,1,19522,NA,NA,NA,NA,NA,1,0,0,NA
51,1,0,3,3,1,19524,99.5627593994141,0,3,1,1,1,471.742156982422,482.720001220703,0.190324991941452
51,1,0,3,3,1,19526,30.0400009155273,1,1,3,3,1,119.596290588379,206,0.0453024655580521
56,1,0,3,3,1,19527,41,1,3,1,2,1,124.127601623535,147.25,0.233698695898056
52,1,0,2,3,1,19528,NA,NA,NA,NA,NA,0,0,0,NA
49,0,0,3,3,1,19530,NA,NA,NA,NA,NA,1,0,0,NA
48,1,0,3,3,1,19531,55.4150695800781,0,3,3,3,1,407.235656738281,411.579986572266,0.039016991853714
45,1,0,3,3,1,19533,40.0900001525879,0,1,3,3,1,160.471420288086,200.800003051758,0.0345926955342293
44,1,0,2,3,1,19534,40.1654853820801,0,1,2,2,0,816.924011230469,767.719970703125,0.0236011203378439
47,0,0,3,3,1,19535,43.8199996948242,0,3,1,1,1,153.078094482422,146.399993896484,0.167246282100677
45,0,0,1,3,1,19536,54.4599990844727,0,1,2,3,0,244.437026977539,338.529998779297,0.0169960092753172
52,0,0,3,3,1,19537,34.5099983215332,1,1,2,3,1,126.179122924805,148,0.0480597950518131
50,1,0,3,3,1,19538,41.3300018310547,1,3,1,2,1,146.224472045898,275.880004882812,0.183609008789062
41,0,0,3,3,1,19540,87.3499984741211,0,1,2,2,1,327.015167236328,292.619995117188,0.0310469549149275
57,1,0,2,3,1,19542,NA,NA,NA,NA,NA,0,0,0,NA
47,1,0,1,3,1,19544,94.9973297119141,0,1,2,3,0,705.341430664062,649.080017089844,0.0184551626443863
51,1,0,3,3,1,19545,42.4300003051758,1,3,2,2,1,157.809677124023,349.779998779297,0.0453024655580521
42,1,0,3,3,1,19547,43.2999992370605,0,1,1,2,1,179.521621704102,226.070007324219,0.148776739835739
55,1,0,1,3,1,19548,89.1689453125,0,1,2,2,0,516.605529785156,530.669982910156,0.0300464760512114
55,1,0,3,3,1,19550,21.4899997711182,1,3,1,1,1,69.7197799682617,152.919998168945,0.223612859845161
48,1,0,3,3,1,19551,52.7999992370605,0,1,1,1,1,195.520111083984,286.130004882812,0.17189759016037
55,0,0,2,3,1,19552,63.3899993896484,1,1,1,1,0,213.947875976562,292.019989013672,0.181217789649963
54,1,0,3,3,1,19556,106.589996337891,0,3,1,2,1,335.414581298828,379.140014648438,0.214264795184135
49,1,0,3,3,1,19561,41.8600006103516,1,3,3,2,1,157.008422851562,207.889999389648,0.0408817790448666
46,1,0,3,3,1,19563,41.7799987792969,0,3,1,2,1,153.578811645508,184.559997558594,0.162305951118469
39,1,0,2,3,1,19566,28.438777923584,0,1,3,3,0,703.363342285156,617.570007324219,0.0209510568529367
52,1,0,3,3,1,19568,53.4000015258789,1,3,1,2,1,177.660461425781,238.160003662109,0.197652563452721
43,1,0,3,3,1,19569,96.9400024414062,0,1,3,3,1,374.191955566406,409.239990234375,0.0324793606996536
39,1,0,3,3,1,19570,62.5800018310547,0,3,1,2,1,244.424377441406,224.080001831055,0.143053293228149
47,1,0,2,3,1,19571,64.6399993896484,0,1,1,NA,0,51.6583862304688,0,0.131577491760254
45,0,0,2,3,1,19572,47.0900001525879,0,1,3,3,0,195.801803588867,295.010009765625,0.024540176615119
52,1,0,3,3,1,19573,40.3300018310547,1,3,2,2,1,148.761016845703,341.739990234375,0.0479013547301292
48,0,0,3,3,1,19574,51.6300010681152,0,3,1,3,1,173.927612304688,221.789993286133,0.172302529215813
42,0,0,3,3,1,19577,61.0499992370605,0,1,1,1,1,218.325912475586,196.649993896484,0.149145215749741
41,1,0,3,3,1,19579,38.0561370849609,0,3,3,3,1,826.574279785156,718.969970703125,0.0309359766542912
53,1,0,3,3,1,19582,41.6199989318848,1,3,3,3,1,149.800537109375,234.470001220703,0.050792034715414
48,1,0,1,3,1,19583,602.820007324219,0,1,1,1,0,250.482391357422,267.769989013672,0.105423517525196
49,0,0,3,3,1,19584,148.235443115234,0,3,3,3,1,534.046936035156,583.070007324219,0.0410212315618992
42,1,0,3,3,1,19585,41.2200012207031,0,1,3,2,1,173.585540771484,176.740005493164,0.0316406339406967
43,0,0,3,3,1,19586,103.589996337891,0,1,1,1,1,385.392730712891,347.820007324219,0.151871800422668
52,0,0,4,3,1,19589,89.1800003051758,0,1,3,3,1,265.203887939453,429.170013427734,0.0653062611818314
41,1,0,3,3,1,19591,42.2200012207031,0,3,2,2,1,178.9990234375,217.880004882812,0.0309359766542912
45,1,0,1,3,1,19595,48.3600006103516,0,1,3,3,0,227.630920410156,282.540008544922,0.0169292092323303
47,0,0,3,3,1,19596,108.110000610352,0,1,3,3,1,384.789428710938,387.140014648438,0.0374872535467148
46,0,0,1,3,1,19598,90.6419982910156,0,1,1,1,0,850.603271484375,793.429992675781,0.0988758206367493
45,1,0,2,3,1,19599,47.3984451293945,0,1,2,3,0,683.734069824219,610.869995117188,0.0244489628821611
43,1,0,3,3,1,19601,40.2000007629395,0,3,1,2,1,156.908248901367,208.169998168945,0.15149886906147
53,1,0,3,3,1,19602,40.7000007629395,1,3,1,2,1,136.645370483398,154.679992675781,0.20562207698822
54,1,0,3,3,1,19603,250.097412109375,0,1,2,2,1,422.908172607422,493.970001220703,0.054002370685339
NA,1,0,2,3,1,19605,73.6105499267578,0,1,3,3,0,1001.99456787109,981.47998046875,0.0303501505404711
43,1,0,3,3,1,19606,86.9400024414062,0,3,1,3,1,326.708770751953,356.149993896484,0.15149886906147
70,1,0,3,3,1,19609,80.9499969482422,0,3,1,NA,1,24.225284576416,0,0.46605908870697
58,1,0,3,3,1,19612,52.3800010681152,0,3,1,NA,1,29.5177001953125,0,0.256212800741196
47,1,0,3,3,1,19614,23.4300003051758,1,3,1,2,1,100.278991699219,267.309997558594,0.16684901714325
34,1,0,3,3,1,19617,50.1500015258789,0,3,1,1,1,202.065032958984,298.730010986328,0.14117443561554
51,1,0,3,3,1,19618,100.069999694824,0,3,1,1,1,340.882904052734,346.450012207031,0.190324991941452
37,1,0,3,3,1,19619,85.4000015258789,0,3,2,3,1,339.366821289062,393.179992675781,0.0293416455388069
41,1,0,2,3,1,19621,83.6100006103516,0,1,3,3,0,357.273162841797,423.290008544922,0.0217183940112591
62,1,0,3,3,1,19622,64.3399963378906,1,1,3,2,1,167.882705688477,212.490005493164,0.0955591350793839
52,1,0,3,3,1,19623,57.2672271728516,0,3,1,1,1,399.703826904297,447.619995117188,0.197652563452721
49,1,0,3,3,1,19628,41.75,0,3,1,NA,1,29.0992946624756,0,0.177475690841675
44,0,0,3,3,1,19629,50.9300003051758,0,3,1,2,1,180.462036132812,225.589996337891,0.155028089880943
52,1,0,2,3,1,19633,NA,NA,NA,NA,NA,0,0,0,NA
58,1,0,3,3,1,19634,NA,NA,NA,NA,NA,1,0,0,NA
47,1,0,1,3,1,19636,88.0299987792969,0,1,2,2,0,385.528900146484,408.160003662109,0.0184551626443863
39,1,0,3,3,1,19638,35.2999992370605,0,1,1,NA,1,27.2229347229004,0,0.143053293228149
44,1,0,3,3,1,19640,42.1599998474121,0,3,1,2,1,166.610656738281,221.279998779297,0.154650017619133
59,1,0,2,3,1,19641,24.5599994659424,1,1,3,3,0,108.336181640625,192.660003662109,0.0565367862582207
51,1,0,2,3,1,19642,NA,NA,NA,NA,NA,0,0,0,NA
52,1,0,1,3,1,19644,60.1800003051758,0,1,2,2,0,248.893692016602,360.239990234375,0.0244135428220034
59,1,0,3,3,1,19647,100.510528564453,0,3,1,1,1,326.047973632812,372.160003662109,0.268703490495682
45,1,0,1,3,1,19648,41.5099983215332,0,1,1,1,0,184.861938476562,257.119995117188,0.0957358404994011
55,1,0,3,3,1,19650,85.2099990844727,0,1,1,1,1,272.369537353516,332.200012207031,0.223612859845161
53,1,0,3,3,1,19651,105.589996337891,0,1,3,3,1,351.613433837891,359.329986572266,0.050792034715414
36,1,0,3,3,1,19652,35.2599983215332,0,3,1,NA,1,27.3719215393066,0,0.140804052352905
52,0,0,3,3,1,19654,101.889999389648,0,3,2,1,1,340.343597412109,434.320007324219,0.0480597950518131
45,1,0,2,3,1,19655,101.779998779297,0,1,1,1,0,416.636779785156,527.299987792969,0.124257326126099
31,1,0,3,3,1,19656,141.039108276367,0,3,1,1,1,430.431121826172,420.929992675781,0.144554644823074
60,0,0,1,3,1,19658,71.6800003051758,1,1,2,3,0,242.633224487305,378.369995117188,0.0450167395174503
56,1,0,1,3,1,19659,68.1500015258789,1,1,2,2,0,270.281555175781,292.160003662109,0.0323893167078495
48,1,0,2,3,1,19661,79.1100006103516,0,1,3,3,0,315.088256835938,339.769989013672,0.0277792811393738
38,1,0,3,3,1,19662,60.3600006103516,0,3,2,2,1,246.539245605469,275.299987792969,0.0295652858912945
52,1,0,3,3,1,19663,212.389556884766,0,3,2,2,1,389.34326171875,360.100006103516,0.0479013547301292
46,1,0,3,3,1,19664,71.1909942626953,0,1,3,3,1,754.506286621094,735.969970703125,0.0358876511454582
45,1,0,3,3,1,19666,6.17000007629395,1,3,1,2,1,26.821834564209,106.800003051758,0.158246368169785
60,1,0,3,3,1,19667,NA,NA,NA,NA,NA,1,0,0,NA
46,1,0,3,3,1,19668,45.7599983215332,0,3,1,1,1,172.569412231445,236.850006103516,0.162305951118469
52,1,0,1,3,1,19669,46.060001373291,1,1,3,3,0,201.733016967773,177.699996948242,0.0244135428220034
46,0,0,3,3,1,19671,54.9500007629395,0,1,1,NA,1,147.605987548828,0,0.162696182727814
37,0,0,3,3,1,19672,34.8899993896484,0,3,2,3,1,138.047119140625,193.630004882812,0.0294478610157967
48,1,0,2,3,1,19673,45.5800018310547,0,1,2,3,0,191.568954467773,202.619995117188,0.0277792811393738
50,1,0,3,3,1,19679,45.8899993896484,1,3,3,2,1,173.080032348633,287.829986572266,0.0429701656103134
46,1,0,3,3,1,19681,40.25,0,3,2,3,1,158.909317016602,211.970001220703,0.0358876511454582
40,1,0,3,3,1,19682,33.6199989318848,0,3,1,NA,1,27.0839023590088,0,0.144564986228943
42,1,0,3,3,1,19684,85.9730606079102,0,1,1,1,1,749.875061035156,759.140014648438,0.148776739835739
52,1,0,1,3,1,19688,30.1399993896484,0,1,1,NA,0,24.6972160339355,0,0.124130718410015
52,0,0,3,3,1,19689,42.0400009155273,1,3,1,1,1,140.128341674805,202.429992675781,0.198094204068184
56,1,0,3,3,1,19690,22.1399993896484,1,3,1,2,1,81.3194808959961,177.429992675781,0.233698695898056
51,1,0,3,3,1,19695,44.2900009155273,1,3,1,2,1,148.95344543457,229.649993896484,0.190324991941452
60,1,0,1,3,1,19696,64.0100021362305,0,1,1,NA,0,100.557518005371,0,0.189079716801643
57,1,0,3,3,1,19698,105.230003356934,0,1,1,2,1,309.938323974609,440.630004882812,0.244554743170738
51,1,0,3,3,1,19700,167.803482055664,0,3,1,1,1,388.912109375,495.809997558594,0.190324991941452
43,1,0,3,3,1,19701,104.709999084473,0,3,1,1,1,391.564758300781,403.720001220703,0.15149886906147
43,1,0,3,3,1,19702,81.5,0,1,3,3,1,310.633514404297,277.149993896484,0.0324793606996536
45,0,0,2,3,1,19704,88.8899993896484,0,1,3,3,0,353.639739990234,424.549987792969,0.024540176615119
48,1,0,3,3,1,19706,84.0699996948242,0,3,1,1,1,310.745391845703,446.179992675781,0.17189759016037
56,1,0,3,3,1,19708,NA,NA,NA,NA,NA,1,0,0,NA
60,1,0,3,3,1,19710,40.5200004577637,1,3,1,NA,1,21.7747478485107,0,0.282055497169495
61,1,0,3,3,1,19711,43.8600006103516,1,3,1,2,1,112.519638061523,124.169998168945,0.296294748783112
38,1,0,3,3,1,19712,106.699996948242,0,1,1,1,1,410.702362060547,414.040008544922,0.14192621409893
50,1,0,3,3,1,19714,44.0400009155273,1,1,2,2,1,165.620468139648,249.899993896484,0.0429701656103134
55,1,0,3,3,1,19715,NA,NA,NA,NA,NA,1,0,0,NA
35,1,0,3,3,1,19716,96.4300003051758,0,3,2,1,1,386.725708007812,415.769989013672,0.0292298495769501
59,1,0,2,3,1,19718,67.0400009155273,1,1,2,3,0,217.734420776367,263.559997558594,0.0565367862582207
54,1,0,3,3,1,19719,103.269996643066,0,3,1,2,1,336.075958251953,435.320007324219,0.214264795184135
45,0,0,2,3,1,19720,72.4100036621094,0,1,1,NA,0,120.130661010742,0,0.124583095312119
51,1,0,2,3,1,19721,101.139999389648,0,1,1,1,0,378.347900390625,347.640014648438,0.151746243238449
42,1,0,3,3,1,19723,108.660003662109,0,1,1,1,1,401.926422119141,350.429992675781,0.148776739835739
62,1,0,1,3,1,19724,70.0899963378906,1,1,3,3,0,232.188583374023,250.820007324219,0.0535000376403332
56,1,0,3,3,1,19725,NA,NA,NA,NA,NA,1,0,0,NA
56,1,0,1,3,1,19726,10.5799999237061,1,1,1,1,0,45.9063720703125,169.710006713867,0.151207864284515
45,1,0,4,3,1,19727,53.7999992370605,0,3,1,1,1,185.693466186523,193.229995727539,0.197824358940125
39,1,0,2,3,1,19728,40.2999992370605,0,1,2,2,0,179.460723876953,235.830001831055,0.0209510568529367
53,1,0,1,3,1,19729,47.8699989318848,1,1,2,3,0,197.606109619141,245.630004882812,0.0260825529694557
57,1,0,1,3,1,19730,173.433456420898,0,1,1,2,0,425.144775390625,448.119995117188,0.1595588773489
46,1,0,3,3,1,19732,205.341171264648,0,1,3,3,1,756.482971191406,730.619995117188,0.0358876511454582
46,1,0,2,3,1,19733,73.5714797973633,0,1,1,1,0,986.382019042969,892.150024414062,0.127706870436668
39,1,0,3,3,1,19737,49.5699996948242,0,3,2,2,1,202.308700561523,275.230010986328,0.0299032386392355
54,0,0,3,3,1,19739,79.5400009155273,0,3,1,NA,1,48.0678558349609,0,0.21472804248333
43,0,0,3,3,1,19740,49.5800018310547,0,3,2,3,1,185.288803100586,299.410003662109,0.0325948894023895
51,1,0,3,3,1,19741,61.939998626709,0,1,1,1,1,213.023681640625,458.519989013672,0.190324991941452
42,0,0,3,3,1,19744,44.7799987792969,0,3,1,1,1,159.627868652344,240.259994506836,0.149145215749741
44,0,0,3,3,1,19747,50.5699996948242,0,3,1,2,1,191.567092895508,253.960006713867,0.155028089880943
56,0,0,2,3,1,19748,70.3610305786133,1,1,3,3,0,840.481323242188,726.130004882812,0.0452351681888103
46,1,0,3,3,1,19749,88.4800033569336,0,1,2,2,1,325.538482666016,355.920013427734,0.0358876511454582
45,1,0,3,3,1,19751,87.1557922363281,0,3,3,3,1,740.785461425781,696.200012207031,0.0345926955342293
47,1,0,3,3,1,19753,NA,NA,NA,NA,NA,1,0,0,NA
50,1,0,1,3,1,19754,81.7399978637695,0,1,2,2,0,348.574920654297,449.519989013672,0.0216006133705378
52,1,0,3,3,1,19756,NA,NA,NA,NA,NA,1,0,0,NA
43,1,0,3,3,1,19758,60.5699996948242,0,3,1,1,1,228.065032958984,224.050003051758,0.15149886906147
56,1,0,3,3,1,19762,110.139999389648,0,3,2,3,1,337.476654052734,404.230010986328,0.0615081116557121
40,1,0,3,3,1,19763,22.6700000762939,0,1,1,2,1,100.184997558594,148.320007324219,0.144564986228943
40,1,0,1,3,1,19766,79.0316390991211,0,1,3,2,0,901.922546386719,822.950012207031,0.0146252196282148
49,0,0,3,3,1,19767,426.839996337891,0,3,1,1,1,135.345077514648,180.610000610352,0.177888914942741
45,1,0,1,3,1,19768,42.8899993896484,0,1,3,3,0,208.345001220703,308.899993896484,0.0169292092323303
38,1,0,2,3,1,19769,104.386558532715,0,1,2,3,0,867.839782714844,825.450012207031,0.0207003504037857
45,1,0,3,3,1,19770,NA,NA,NA,NA,NA,1,0,0,NA
46,1,0,1,3,1,19771,40.1500015258789,0,1,2,2,0,193.76106262207,273.720001220703,0.0176418535411358
44,1,0,1,3,1,19773,86.6800003051758,0,1,3,2,0,390.362182617188,499.640014648438,0.0163089837878942
47,1,0,2,3,1,19774,74.0800018310547,0,1,1,2,0,296.786682128906,372.859985351562,0.131577491760254
52,1,0,4,3,1,19778,101.150001525879,0,3,2,2,1,304.904998779297,366.679992675781,0.0651044622063637
52,1,0,2,3,1,19779,76.1987609863281,0,1,3,3,0,802.787353515625,723.190002441406,0.0345454402267933
37,1,0,1,3,1,19780,82.7699966430664,0,1,2,3,0,388.692657470703,367.420013427734,0.0140780238434672
50,1,0,3,3,1,19781,43.9599990844727,1,3,1,1,1,154.676086425781,184.860000610352,0.183609008789062
47,1,0,3,3,1,19782,51.189998626709,0,1,3,3,1,196.865921020508,305.489990234375,0.0373576655983925
48,1,0,2,3,1,19783,80.3899993896484,0,1,2,2,0,327.816070556641,367.170013427734,0.0277792811393738
46,1,0,3,3,1,19784,20.8600006103516,1,3,1,1,1,82.6590423583984,152.289993286133,0.162305951118469
55,1,0,3,3,1,19785,46.5400009155273,1,3,2,2,1,156.749923706055,243.860000610352,0.057563129812479
49,1,0,3,3,1,19788,47.3300018310547,0,3,1,2,1,166.877044677734,234.270004272461,0.177475690841675
56,1,0,3,3,1,19789,NA,NA,NA,NA,NA,1,0,0,NA
56,1,0,3,3,1,19791,NA,NA,NA,NA,NA,1,0,0,NA
63,0,0,3,3,1,19794,38.5699996948242,1,3,1,NA,1,16.2916069030762,0,0.328093647956848
59,1,0,2,3,1,19796,70.2300033569336,1,1,1,1,0,217.383392333984,413.619995117188,0.220943033695221
36,1,0,1,3,1,19801,81.5877914428711,0,1,2,3,0,657.181274414062,648.090026855469,0.0140182059258223
41,1,0,3,3,1,19803,52.4799995422363,0,3,1,1,1,209.994003295898,362.519989013672,0.146469458937645
48,1,0,3,3,1,19804,55.9700012207031,0,3,1,1,1,199.748733520508,319.390014648438,0.17189759016037
49,0,0,1,3,1,19805,34.6199989318848,0,1,1,NA,0,27.3372402191162,0,0.109725944697857
49,0,0,3,3,1,19806,25.1491889953613,1,1,3,3,1,699.418395996094,628.25,0.0410212315618992
55,1,1,2,1,0,20678,153.881607055664,0,1,3,3,0,552.266906738281,525.440002441406,0.03077975474298
36,1,0,4,2,0,26596,43.5499992370605,0,5,2,2,1,165.085891723633,219.100006103516,0.0411866083741188
40,1,1,1,1,0,21169,125.985443115234,0,3,1,1,0,607.084716796875,604.260009765625,0.0660083815455437
57,1,1,3,1,0,24451,32.2299995422363,1,1,3,NA,1,23.5825347900391,0,0.0495882108807564
35,0,0,4,2,0,26643,47.810001373291,0,4,1,1,1,163.976547241211,228.199996948242,0.178791493177414
49,1,1,3,1,0,22813,41.7799987792969,1,3,2,2,1,175.984893798828,215.919998168945,0.0299070440232754
53,1,0,3,2,0,27238,50.0999984741211,1,1,3,3,1,180.930603027344,210.880004882812,0.0510932542383671
52,1,0,4,2,0,26865,73.756217956543,0,1,3,3,1,341.985107421875,454.209991455078,0.0654705762863159
36,1,0,4,2,0,27478,46.4900016784668,0,5,2,2,1,183.148147583008,232.979995727539,0.0411866083741188
46,1,1,1,1,0,23992,43.5299987792969,0,1,1,1,0,211.241714477539,297.510009765625,0.0761880278587341
42,1,1,1,1,0,22642,40.2099990844727,0,1,1,1,0,206.782257080078,272.709991455078,0.0683941096067429
50,1,1,2,1,0,22897,67.7300033569336,0,1,3,3,0,290.641815185547,329.390014648438,0.0221572518348694
59,1,1,3,1,0,23504,25.4099998474121,1,1,1,NA,1,17.3468704223633,0,0.224118784070015
61,1,1,3,1,0,22564,47.5634422302246,1,2,3,3,1,414.188446044922,481.179992675781,0.067820630967617
49,1,1,1,1,0,20011,36.6802520751953,1,1,2,2,0,813.173950195312,764.039978027344,0.0143819181248546
46,1,1,3,1,0,25619,40.75,0,2,2,1,1,175.721557617188,205.820007324219,0.026058966293931
44,1,0,3,3,0,29510,67.0699996948242,0,1,1,2,1,249.993194580078,236.759994506836,0.154650017619133
46,1,0,3,2,0,28299,110.349998474121,0,4,1,1,1,395.761627197266,430.510009765625,0.16301366686821
60,1,1,3,1,0,23377,NA,NA,NA,NA,NA,1,0,0,NA
52,1,1,1,1,0,25679,102.839996337891,0,3,1,1,0,452.179351806641,480.440002441406,0.0974532663822174
55,0,1,2,1,0,20247,43.9500007629395,1,1,1,2,0,158.752227783203,202.619995117188,0.146319091320038
47,1,1,3,1,0,22089,65.4199981689453,0,4,1,1,1,255.265594482422,302.140014648438,0.133864060044289
51,1,1,4,1,0,24361,54.2900009155273,0,1,2,3,1,203.46794128418,203.059997558594,0.0463271252810955
51,0,0,3,3,0,29117,70.1399993896484,0,3,2,2,1,244.908493041992,254.210006713867,0.0454539731144905
55,1,1,2,1,0,22426,NA,NA,NA,NA,NA,0,0,0,NA
46,1,1,4,1,0,25124,102.349998474121,0,5,1,1,1,367.596771240234,356.290008544922,0.164936676621437
52,0,1,3,1,0,24999,NA,NA,NA,NA,NA,1,0,0,NA
47,1,1,3,1,0,25811,60.1399993896484,0,2,1,1,1,240.908050537109,234.639999389648,0.133864060044289
51,1,0,3,2,0,27363,414.200012207031,0,1,1,3,1,136.385726928711,178.940002441406,0.191107615828514
51,0,1,1,1,0,25291,30.8553581237793,1,1,3,3,0,917.724670410156,866.239990234375,0.0163074526935816
NA,1,1,2,1,0,21066,430.640014648438,0,1,2,2,0,171.365051269531,227.130004882812,0.0303501505404711
51,1,0,4,2,0,26612,45.689998626709,1,4,2,3,1,153.861389160156,186.300003051758,0.0621387623250484
53,1,1,1,1,0,20367,NA,NA,NA,NA,NA,0,0,0,NA
45,1,0,3,3,0,29254,75.3099975585938,0,3,3,3,1,287.546356201172,302.950012207031,0.0345926955342293
46,1,1,1,1,0,26015,26.9063911437988,1,1,2,3,0,888.779602050781,828.039978027344,0.0123294442892075
34,0,1,2,1,0,24387,107.839996337891,0,1,2,3,0,478.565399169922,425.140014648438,0.0145224304869771
46,1,0,2,2,0,26718,44.3699989318848,0,3,2,2,0,189.578140258789,173,0.025591840967536
47,1,1,2,1,0,23369,111.953163146973,0,1,2,2,0,581.366455078125,612.059997558594,0.0189423989504576
60,1,0,2,3,0,29624,68.8600006103516,1,1,3,3,0,222.113021850586,320.929992675781,0.0612293407320976
41,1,0,3,3,0,29219,72.3000030517578,0,1,3,3,1,287.210601806641,395.459991455078,0.0309359766542912
52,1,0,4,2,0,26336,422.440002441406,0,5,1,2,1,122.436294555664,278.160003662109,0.243563696742058
47,1,1,4,1,0,22420,86.2799987792969,0,5,3,3,1,312.340087890625,347.880004882812,0.0382344610989094
54,1,1,1,1,0,23956,80.2900009155273,0,2,3,3,0,346.804748535156,444.269989013672,0.0200173575431108
52,1,1,3,1,0,24573,57.9300003051758,0,2,2,2,1,226.775344848633,239.600006103516,0.0353679284453392
49,0,0,3,2,0,26575,103.709999084473,0,1,3,3,1,357.666412353516,493.119995117188,0.0412749461829662
46,1,1,3,1,0,23945,42.8600006103516,0,3,2,2,1,180.611602783203,211.360000610352,0.026058966293931
45,0,1,3,1,0,26155,50.3699989318848,0,2,2,2,1,201.312911987305,352.790008544922,0.0251597817987204
40,0,0,3,2,0,27505,40.9199981689453,0,1,2,2,1,163.826797485352,253.369995117188,0.0306668020784855
54,1,1,1,1,0,24352,67.2099990844727,0,1,1,1,0,285.254180908203,294.109985351562,0.107881277799606
50,1,0,3,3,0,29492,63.4599990844727,0,3,2,3,1,232.02197265625,236.580001831055,0.0429701656103134
37,1,0,3,3,0,29578,62.2000007629395,0,3,2,1,1,251.860900878906,259.450012207031,0.0293416455388069
50,1,0,4,2,0,26466,NA,NA,NA,NA,NA,1,0,0,NA
46,1,0,3,2,0,27729,37.0699996948242,0,1,1,NA,1,73.0052642822266,0,0.16301366686821
46,1,1,4,1,0,24189,NA,NA,NA,NA,NA,1,0,0,NA
49,1,0,4,2,0,26333,42.8699989318848,1,4,1,2,1,133.03108215332,148.259994506836,0.220686390995979
53,1,1,3,1,0,20649,83.6399993896484,0,2,2,2,1,305.3779296875,289.25,0.0376330204308033
28,1,1,1,1,0,23718,49.7400016784668,0,2,3,2,0,256.389038085938,266.649993896484,0.0109591027721763
52,1,1,1,1,0,24832,88.9599990844727,0,1,3,3,0,397.613464355469,449.079986572266,0.017355402931571
46,1,1,1,1,0,20752,83.7600021362305,0,1,2,3,0,406.892974853516,352.329986572266,0.0123294442892075
50,1,1,2,1,0,20836,47.2599983215332,1,1,2,3,0,209.40852355957,223.869995117188,0.0221572518348694
37,0,1,1,1,0,24541,97.2300033569336,0,1,3,3,0,486.139282226562,441.779998779297,0.00976817961782217
39,0,0,4,2,0,27356,44.4599990844727,0,5,2,2,1,158.471084594727,235.550003051758,0.0422205813229084
43,0,1,3,1,0,24861,33.76171875,0,3,1,1,1,450.908905029297,426.760009765625,0.120989188551903
NA,1,1,3,1,0,25970,33.2900009155273,0,5,2,2,1,141.058670043945,217.669998168945,0.0303501505404711
37,1,0,3,2,0,28184,46.2000007629395,0,1,2,2,1,207.496826171875,209.75,0.0295343920588493
48,1,1,3,1,0,25837,41.1300010681152,1,3,3,3,1,177.472625732422,248.210006713867,0.0284663792699575
55,0,0,2,2,0,27229,111.923637390137,0,1,1,1,0,377.555938720703,329.589996337891,0.18197700381279
51,1,1,4,1,0,24712,62.5800018310547,0,3,1,1,1,211.94841003418,313.410003662109,0.193233087658882
57,1,1,1,1,0,25338,67.5400009155273,0,1,1,NA,0,53.5484504699707,0,0.127583175897598
37,1,1,2,1,0,26038,72.8300018310547,0,1,1,3,0,335.624114990234,380.029998779297,0.0855100005865097
51,1,1,3,1,0,24229,66.1699981689453,0,2,2,2,1,269.741455078125,277.829986572266,0.033339399844408
47,1,1,1,1,0,21598,82.3899993896484,0,1,2,2,0,397.374969482422,516.780029296875,0.0129278525710106
51,1,1,1,1,0,22248,62.9700012207031,0,2,2,2,0,299.611694335938,288.130004882812,0.0162429753690958
52,1,1,2,1,0,21734,NA,NA,NA,NA,NA,0,0,0,NA
62,1,1,2,1,0,21990,53.6500015258789,1,1,3,3,0,201.097198486328,285.950012207031,0.0546697340905666
55,1,0,1,3,0,29546,91.5500030517578,0,1,3,3,0,366.390960693359,345.119995117188,0.0300464760512114
65,1,1,1,1,0,20264,96.1600036621094,1,1,2,3,0,313.696868896484,399.859985351562,0.053321186453104
48,1,1,3,1,0,21020,91.8899993896484,0,1,3,3,1,363.370361328125,319.720001220703,0.0284663792699575
50,1,1,2,1,0,21112,88.4599990844727,0,2,1,2,0,362.952850341797,390.130004882812,0.11592873185873
42,1,0,3,2,0,27734,146.442138671875,0,1,2,1,1,685.718139648438,660.659973144531,0.031845785677433
46,0,1,2,1,0,20143,62.9369659423828,0,3,3,3,0,867.036865234375,839.299987792969,0.018181536346674
53,0,1,3,1,0,24079,90.6399993896484,0,3,2,2,1,326.873046875,359.890014648438,0.037763386964798
44,0,1,4,1,0,24540,68.25,0,1,3,3,1,256.13232421875,316.709991455078,0.0343822166323662
55,1,0,4,2,0,26620,55.9599990844727,1,3,3,3,1,171.347869873047,224.520004272461,0.0777436718344688
50,0,1,2,1,0,24890,NA,NA,NA,NA,NA,0,0,0,NA
48,1,1,1,1,0,22673,42.0400009155273,1,2,1,1,0,193.076416015625,212.75,0.0818314552307129
48,1,1,3,1,0,20805,115.414894104004,0,1,1,2,1,486.608032226562,471.690002441406,0.138228967785835
56,1,1,4,1,0,20565,56.8600006103516,1,3,1,2,1,182.490432739258,249.210006713867,0.236975729465485
47,1,1,4,1,0,22130,78.5980529785156,0,4,1,2,1,540.014587402344,478.619995117188,0.169526964426041
42,0,0,4,2,0,26365,67.3600006103516,0,4,1,3,1,229.948348999023,237.740005493164,0.188090264797211
44,1,1,3,1,0,25822,65.25,0,3,1,2,1,259.725280761719,251.589996337891,0.123368881642818
50,1,0,3,2,0,27099,91.8889236450195,0,1,2,3,1,672.740173339844,623.239990234375,0.043233584612608
49,1,1,3,1,0,21410,52.6699981689453,0,2,2,2,1,216.565124511719,192.830001831055,0.0299070440232754
44,1,0,2,2,0,27293,44.7000007629395,0,2,1,3,0,180.523590087891,189.419998168945,0.121789537370205
40,1,0,3,2,0,28235,70.1100006103516,0,1,2,2,1,276.380889892578,303.709991455078,0.0305569488555193
52,1,0,4,2,0,28293,41.4700012207031,1,4,3,3,1,134.117980957031,234.960006713867,0.0654705762863159
44,1,1,2,1,0,22843,46.3600006103516,0,1,2,2,0,222.212997436523,279.070007324219,0.016747523099184
42,0,1,1,1,0,23285,150.552505493164,0,1,3,3,0,621.896728515625,620.309997558594,0.010673594661057
50,1,1,4,1,0,25849,21.1800003051758,1,3,1,1,1,75.9621429443359,164.899993896484,0.186453565955162
49,0,0,4,2,0,26980,40.8400001525879,1,5,1,2,1,117.074890136719,287.350006103516,0.22115758061409
37,1,0,3,2,0,26457,90.6999969482422,0,1,2,2,1,355.877868652344,373.820007324219,0.0295343920588493
48,1,0,4,2,0,27381,109.013565063477,0,3,3,3,1,488.684356689453,490.119995117188,0.0540208071470261
43,1,1,3,1,0,22048,51.2400016784668,0,2,3,3,1,219.344421386719,280.779998779297,0.0234523471444845
44,1,1,4,1,0,22773,41.2999992370605,0,2,1,3,1,154.244934082031,187.770004272461,0.157199114561081
51,1,1,1,1,0,20282,56.0999984741211,0,1,1,1,0,252.39241027832,343.100006103516,0.0929403752088547
50,1,1,3,1,0,23698,71.5999984741211,0,3,3,3,1,285.899200439453,339.679992675781,0.0315255858004093
51,1,1,2,1,0,22581,130.538360595703,0,1,1,2,0,897.804992675781,806.330017089844,0.120881728827953
54,1,1,3,1,0,22962,43.2700004577637,1,3,1,3,1,150.387237548828,267.410003662109,0.175325334072113
43,1,0,2,2,0,28773,50.4437942504883,0,2,1,1,0,565.615356445312,598.080017089844,0.119115136563778
52,1,1,1,1,0,22821,34.1300010681152,1,1,1,2,0,155.309707641602,230.699996948242,0.0974532663822174
55,1,0,3,2,0,26256,16.2299995422363,1,3,1,NA,1,10.8423042297363,0,0.224473759531975
47,0,1,1,1,0,23902,87.7799987792969,0,1,1,1,0,402.846557617188,378.049987792969,0.0790827199816704
49,1,1,1,1,0,25163,111.01000213623,0,1,3,3,0,506.615356445312,517.309997558594,0.0143819181248546
48,1,1,1,1,0,26054,73.9199981689453,0,1,1,1,0,348.0810546875,345.760009765625,0.0818314552307129
39,1,0,4,2,0,27657,49.25,0,5,1,1,1,172.77961730957,227.559997558594,0.181002601981163
60,0,1,1,1,0,20013,45.439998626709,1,1,3,3,0,177.621383666992,233.279998779297,0.0331168472766876
49,1,0,4,2,0,28871,54.3300018310547,0,4,1,1,1,175.096145629883,274.850006103516,0.220686390995979
48,0,1,4,1,0,22454,45.189998626709,0,5,1,1,1,156.321319580078,216.289993286133,0.175035938620567
54,0,1,3,1,0,23123,75.2200012207031,0,3,1,2,1,262.754333496094,269.570007324219,0.175735384225845
42,1,0,4,2,0,27251,31.4400005340576,0,3,2,3,1,124.107635498047,246.190002441406,0.0443721227347851
39,0,0,3,2,0,27228,77.379997253418,0,2,1,1,1,294.376068115234,287.25,0.144064143300056
53,0,1,4,1,0,22769,109.150001525879,0,3,1,1,1,339.222106933594,357.809997558594,0.209124460816383
53,1,0,4,2,0,26484,15.9700002670288,1,5,1,NA,1,9.81800365447998,0,0.252528101205826
36,1,1,2,1,0,24588,80.3921813964844,0,2,1,1,0,606.611083984375,597.559997558594,0.0852490961551666
51,1,0,1,2,0,27317,81.9800033569336,0,4,2,2,0,341.667938232422,377.230010986328,0.0230823382735252
41,1,1,3,1,0,21591,95.5500030517578,0,1,1,1,1,505.819976806641,451.779998779297,0.116373218595982
46,1,0,3,2,0,28008,NA,NA,NA,NA,NA,1,0,0,NA
45,1,0,4,2,0,28849,424.220001220703,0,5,1,2,1,136.718505859375,219.770004272461,0.198625653982162
NA,NA,1,1,1,0,22869,87.2300033569336,0,1,3,3,0,346.538543701172,357.380004882812,0.0303501505404711
41,1,1,4,1,0,20947,47.7700004577637,0,2,1,1,1,187.548736572266,241.220001220703,0.148928374052048
41,0,1,3,1,0,25084,44.2200012207031,0,1,2,2,1,189.541549682617,275.519989013672,0.0223619379103184
51,0,1,4,1,0,20269,36.2599983215332,1,3,1,1,1,114.691925048828,169.800003051758,0.193668693304062
43,1,0,4,2,0,26710,46.3199996948242,0,5,1,1,1,160.916976928711,223.850006103516,0.190820917487144
51,0,1,1,1,0,21940,87.7200012207031,0,1,1,2,0,377.006103515625,387.040008544922,0.0932046547532082
27,1,0,4,2,0,26683,100.480003356934,0,5,1,3,1,331.882415771484,411.660003662109,0.194446370005608
49,1,1,1,1,0,20783,42.5800018310547,1,1,2,3,0,210.894424438477,247.070007324219,0.0143819181248546
43,1,0,1,3,0,29738,413.570007324219,0,1,2,2,0,190.568084716797,274.489990234375,0.0157740972936153
47,1,1,2,1,0,24441,408.549987792969,0,2,2,3,0,180.997299194336,253.300003051758,0.0189423989504576
41,1,1,2,1,0,25620,78.4899978637695,0,1,1,2,0,356.010162353516,387.739990234375,0.0892178490757942
46,1,1,1,1,0,21841,41.4700012207031,0,4,1,NA,0,39.8298072814941,0,0.0761880278587341
50,1,1,3,1,0,24139,106.180000305176,0,1,2,3,1,408.032623291016,408.910003662109,0.0315255858004093
53,1,1,1,1,0,21316,252.592895507812,0,1,1,1,0,500.222717285156,492.209991455078,0.10242211073637
43,1,0,1,2,0,28030,86.2099990844727,0,1,3,3,0,388.702239990234,391.679992675781,0.0158882364630699
50,1,1,2,1,0,20617,NA,NA,NA,NA,NA,0,0,0,NA
46,1,1,4,1,0,25635,89.9715881347656,0,5,1,2,1,417.37353515625,401.850006103516,0.164936676621437
44,0,1,2,1,0,25747,99.4700012207031,0,1,1,1,0,432.7685546875,483.850006103516,0.0952680185437202
NA,1,1,2,1,0,25516,44.8699989318848,1,1,1,1,0,183.069610595703,255.320007324219,0.144536748528481
50,1,1,3,1,0,20202,105.333724975586,0,1,1,2,1,430.104644775391,452.239990234375,0.148401319980621
61,1,1,1,1,0,25674,NA,NA,NA,NA,NA,0,0,0,NA
61,0,1,4,1,0,21549,104.860000610352,0,2,1,1,1,258.730194091797,427.489990234375,0.300541430711746
52,0,1,4,1,0,24124,NA,NA,NA,NA,NA,1,0,0,NA
39,1,0,4,2,0,27808,81.2699966430664,0,5,1,2,1,286.429443359375,287.320007324219,0.181002601981163
47,0,0,1,2,0,26367,42.2000007629395,0,1,2,3,0,185.318283081055,204.009994506836,0.0186580251902342
NA,NA,0,2,2,0,26954,79.8476867675781,0,1,2,3,0,455.828155517578,429.230010986328,0.0303501505404711
48,0,0,2,2,0,27362,83.3199996948242,0,1,1,2,0,315.081146240234,295.869995117188,0.136867597699165
48,1,1,2,1,0,22022,51.0299987792969,0,1,1,2,0,218.33332824707,210.779998779297,0.107379741966724
47,0,1,1,1,0,22965,109.400001525879,0,1,2,3,0,506.414855957031,491.329986572266,0.0129808392375708
NA,0,1,1,1,0,23937,74.8199996948242,0,1,2,2,0,291.311981201172,295.540008544922,0.0303501505404711
53,1,0,3,2,0,26252,31.6599998474121,1,1,2,2,1,117.49169921875,216.149993896484,0.0510932542383671
50,0,1,2,1,0,25469,21.2299995422363,1,1,1,1,0,89.2930221557617,107.430000305176,0.116238966584206
37,1,0,3,2,0,26689,23.8342742919922,0,1,2,2,1,544.89208984375,634.619995117188,0.0295343920588493
39,0,0,4,2,0,27143,106.800003051758,0,5,3,3,1,365.023590087891,341.299987792969,0.0422205813229084
49,0,1,3,1,0,20615,101.839996337891,0,2,3,3,1,382.561492919922,342.130004882812,0.0300149396061897
40,1,1,3,1,0,22481,84.049919128418,0,3,1,1,1,558.373657226562,595.429992675781,0.114749625325203
49,1,0,2,3,0,29604,107.790000915527,0,1,2,2,0,429.417877197266,419.899993896484,0.0291910842061043
50,0,1,4,1,0,20522,106.690002441406,0,4,3,3,1,360.277008056641,394.290008544922,0.0441000685095787
39,1,1,3,1,0,21093,86.370002746582,0,2,2,2,1,371.310119628906,354.970001220703,0.0214935410767794
46,1,0,2,2,0,26794,63.2400016784668,0,1,1,2,0,261.577758789062,268.980010986328,0.128309085965157
46,1,1,2,1,0,23106,62.8499984741211,0,1,1,2,0,272.438415527344,354.739990234375,0.100463390350342
46,1,1,4,1,0,25969,107.269996643066,0,2,1,1,1,393.957427978516,387.820007324219,0.164936676621437
48,1,0,3,3,0,29150,106.151512145996,0,3,1,1,1,404.168640136719,412.369995117188,0.17189759016037
46,1,0,3,2,0,28933,54.8800010681152,0,3,1,1,1,205.15380859375,245.149993896484,0.16301366686821
38,1,1,2,1,0,25227,49.3400001525879,0,1,1,2,0,224.187072753906,245.990005493164,0.0860328748822212
48,0,0,2,2,0,27722,45.7299995422363,0,1,3,3,0,178.582885742188,302.109985351562,0.0280654989182949
49,1,0,3,2,0,28584,17.8500003814697,1,2,2,3,1,74.91650390625,129.699996948242,0.0411347970366478
43,1,1,4,1,0,25278,42.0400009155273,0,2,1,1,1,163.038772583008,250.479995727539,0.154013589024544
55,1,1,2,1,0,23027,NA,NA,NA,NA,NA,0,0,0,NA
42,1,1,3,1,0,20216,71.6699981689453,0,2,3,3,1,316.531433105469,294.899993896484,0.0228134952485561
46,1,1,3,1,0,21439,91.7200012207031,0,1,2,1,1,371.719482421875,429.779998779297,0.026058966293931
45,1,1,1,1,0,21706,397.679992675781,0,1,3,2,0,193.761215209961,226.229995727539,0.0118063986301422
52,0,1,3,1,0,24623,41.7700004577637,1,2,2,2,1,165.455032348633,234.279998779297,0.0354918427765369
44,0,0,3,3,0,29430,54.9794807434082,0,1,1,2,1,791.127136230469,864.989990234375,0.155028089880943
44,1,0,3,3,0,29475,93.0342559814453,0,3,1,1,1,743.073059082031,710.299987792969,0.154650017619133
55,1,1,1,1,0,23479,100.740951538086,0,1,3,3,0,778.323608398438,670.169982910156,0.0216021966189146
57,1,0,3,2,0,26183,30.8600006103516,1,3,1,NA,1,19.4951629638672,0,0.245459333062172
56,1,0,2,2,0,28255,37.939998626709,0,1,1,NA,0,26.0407600402832,0,0.19048348069191
56,1,0,3,3,0,29525,51.8800010681152,1,3,2,2,1,174.308990478516,217.25,0.0615081116557121
40,1,1,3,1,0,24014,138.907745361328,0,2,2,3,1,508.753356933594,485.179992675781,0.0218391101807356
48,1,1,2,1,0,20993,71.4700012207031,0,1,2,3,0,318.430389404297,370.149993896484,0.0198864433914423
40,1,1,1,1,0,24647,155.996368408203,0,1,2,2,0,596.589294433594,630.150024414062,0.0101242139935493
36,1,1,2,1,0,22559,46.8499984741211,0,1,2,2,0,225.501754760742,306.589996337891,0.0144033869728446
51,1,1,3,1,0,25512,88.3499984741211,0,2,3,3,1,340.403015136719,337.570007324219,0.033339399844408
50,0,0,3,2,0,26326,97.6500015258789,0,1,2,2,1,337.37939453125,421.209991455078,0.0433794930577278
42,1,0,3,2,0,26179,30.8799991607666,0,2,1,1,1,118.240501403809,195.949996948242,0.149444967508316
50,0,1,4,1,0,24493,43.2799987792969,1,3,2,2,1,153.601776123047,201.399993896484,0.0441000685095787
44,1,1,1,1,0,24155,248.514175415039,0,1,2,1,0,564.07666015625,497.209991455078,0.0113522093743086
52,0,1,2,1,0,20102,103.974639892578,0,1,3,3,0,727.785339355469,654.849975585938,0.0251234993338585
39,1,1,4,1,0,23433,81.0999984741211,0,4,1,1,1,314.425445556641,413.019989013672,0.145473584532738
58,1,0,3,2,0,28073,NA,NA,NA,NA,NA,1,0,0,NA
NA,1,1,1,1,0,22028,130.209899902344,0,1,2,2,0,536.572326660156,515.549987792969,0.0303501505404711
54,1,1,4,1,0,20738,88.4899978637695,0,3,1,1,1,286.243286132812,322.829986572266,0.217385172843933
46,1,1,1,1,0,21243,20.3500003814697,1,1,1,1,0,101.308082580566,233.880004882812,0.0761880278587341
59,1,1,4,1,0,24525,100.279998779297,0,2,3,3,1,283.777038574219,300.790008544922,0.0775713175535202
62,1,0,4,2,0,27112,48.5299987792969,1,4,2,2,1,112.198951721191,214.809997558594,0.124634392559528
41,1,0,4,2,0,26936,32.7000007629395,0,3,1,1,1,115.280372619629,314.209991455078,0.184980794787407
54,1,1,4,1,0,21768,NA,NA,NA,NA,NA,1,0,0,NA
56,1,1,4,1,0,21707,62.3499984741211,1,5,1,2,1,195.664566040039,223.509994506836,0.236975729465485
46,1,1,1,1,0,25334,55.4799995422363,0,3,2,2,0,283.168853759766,307.779998779297,0.0123294442892075
39,1,1,1,1,0,21259,61.060001373291,0,1,3,3,0,308.307983398438,443.549987792969,0.00994591135531664
49,1,0,4,2,0,28732,103.099998474121,0,5,1,1,1,321.148406982422,327.880004882812,0.220686390995979
54,1,1,4,1,0,22616,54.7099990844727,0,5,1,NA,1,93.1349105834961,0,0.217385172843933
53,1,0,3,2,0,27309,105.225723266602,0,1,2,2,1,549.482604980469,582.239990234375,0.0510932542383671
53,0,0,4,2,0,28297,76.7799987792969,0,4,1,NA,1,41.2153739929199,0,0.253035575151443
48,1,0,4,2,0,26289,80.2399978637695,0,4,1,2,1,254.547134399414,306.679992675781,0.214313834905624
49,1,0,4,2,0,27854,49.4300003051758,0,4,1,1,1,170.455017089844,207.960006713867,0.220686390995979
56,1,1,2,1,0,21333,NA,NA,NA,NA,NA,0,0,0,NA
40,1,1,4,1,0,20478,42.7299995422363,0,1,1,3,1,174.386596679688,263.549987792969,0.147002473473549
51,1,0,4,2,0,26571,28.4200000762939,1,3,1,1,1,89.073371887207,121.209999084473,0.235286056995392
44,1,0,4,2,0,28390,NA,NA,NA,NA,NA,1,0,0,NA
53,1,1,3,1,0,21253,103,0,3,1,2,1,363.507629394531,365.290008544922,0.16769252717495
57,1,1,2,1,0,23684,79.2699966430664,0,3,1,NA,0,57.2101440429688,0,0.162160560488701
52,0,0,4,2,0,28533,NA,NA,NA,NA,NA,1,0,0,NA
42,1,1,3,1,0,21040,40.4799995422363,0,4,3,3,1,187.424819946289,230.369995117188,0.0228134952485561
41,1,1,1,1,0,23338,171.757446289062,0,1,3,3,0,581.561767578125,652.320007324219,0.0103509724140167
48,1,1,4,1,0,21769,54.2999992370605,0,1,2,2,1,208.027282714844,285.019989013672,0.0399253256618977
52,1,1,3,1,0,25514,90.5299987792969,0,2,2,3,1,339.923553466797,348.779998779297,0.0353679284453392
54,1,1,2,1,0,20207,75.260856628418,0,1,1,1,0,755.482971191406,707.150024414062,0.138827696442604
48,1,0,4,2,0,27423,48.5707511901855,0,1,3,3,1,405.901458740234,373.160003662109,0.0540208071470261
50,0,1,2,1,0,24150,1071.07995605469,0,1,2,1,0,430.099822998047,488.730010986328,0.0222412180155516
56,0,1,2,1,0,25411,52.1073684692383,1,2,2,2,0,418.985168457031,376.769989013672,0.0332869701087475
53,1,1,4,1,0,24991,NA,NA,NA,NA,NA,1,0,0,NA
41,1,1,1,1,0,25971,66.6399993896484,0,1,2,2,0,331.542999267578,432.980010986328,0.0103509724140167
46,0,1,2,1,0,24664,10.998950958252,1,2,3,3,0,530.783264160156,500.390014648438,0.018181536346674
49,1,1,4,1,0,23541,50.560001373291,0,4,2,2,1,193.225234985352,229.110000610352,0.0418251156806946
59,1,1,3,1,0,22125,78.0299987792969,0,2,2,NA,1,49.4523582458496,0,0.0577584616839886
NA,1,1,1,1,0,22341,31.6700000762939,0,1,1,NA,0,24.4695720672607,0,0.144536748528481
41,0,1,1,1,0,20942,35.8600006103516,0,1,3,3,0,181.688674926758,258.279998779297,0.0103946607559919
45,1,1,3,1,0,25253,84.8499984741211,0,4,3,3,1,357.800170898438,377.760009765625,0.025066651403904
48,1,1,4,1,0,20804,31.9400005340576,1,3,1,3,1,115.705505371094,249.020004272461,0.174626991152763
48,1,1,2,1,0,24669,88.3899993896484,0,1,2,3,0,385.876739501953,413.799987792969,0.0198864433914423
54,1,1,1,1,0,22338,92.0299987792969,0,1,1,1,0,395.025146484375,370.399993896484,0.107881277799606
39,1,0,3,3,0,29007,40.2799987792969,0,3,1,1,1,165.087890625,250.770004272461,0.143053293228149
41,0,1,2,1,0,20325,76.7942504882812,0,1,2,3,0,904.157592773438,842.820007324219,0.0154050998389721
45,1,1,4,1,0,24393,48.5699996948242,0,5,2,3,1,192.082458496094,243.600006103516,0.0354161076247692
47,0,0,1,3,0,29775,NA,NA,NA,NA,NA,0,0,0,NA
44,0,1,4,1,0,20057,100.930000305176,0,3,3,3,1,365.713653564453,470.220001220703,0.0343822166323662
57,1,1,3,1,0,22124,NA,NA,NA,NA,NA,1,0,0,NA
52,0,1,3,1,0,24007,85.536865234375,0,2,2,2,1,456.620239257812,482.809997558594,0.0354918427765369
52,0,0,3,2,0,26916,81.120002746582,0,2,3,3,1,262.460479736328,256.929992675781,0.0483480282127857
35,1,1,3,1,0,23445,47.2099990844727,0,4,1,3,1,200.561782836914,283.369995117188,0.11154805123806
NA,1,1,2,1,0,24705,410.429992675781,0,3,1,2,0,153.063613891602,316.799987792969,0.144536748528481
46,1,1,1,1,0,22390,89.6399993896484,0,1,2,3,0,426.772125244141,440.679992675781,0.0123294442892075
45,1,1,3,1,0,24388,151.045455932617,0,2,2,2,1,512.062866210938,525.919982910156,0.025066651403904
59,1,0,4,2,0,26465,79.5500030517578,0,5,1,NA,1,37.7590408325195,0,0.322188377380371
54,0,1,2,1,0,25366,58.1699981689453,1,1,2,2,0,221.982498168945,287.5,0.028747433796525
45,1,1,3,1,0,24894,94.2300033569336,0,1,1,1,1,378.421356201172,337.869995117188,0.126455187797546
52,0,0,4,2,0,28522,101.48999786377,0,5,2,1,1,302.140075683594,297.579986572266,0.0656732395291328
53,1,1,2,1,0,21817,44.4799995422363,1,2,2,3,0,194.107467651367,220.539993286133,0.0267345290631056
43,0,1,1,1,0,24694,69.2799987792969,0,1,1,2,0,330.338562011719,320.559997558594,0.0701596885919571
47,0,1,4,1,0,21625,41.9500007629395,0,4,1,1,1,145.825012207031,240.320007324219,0.169928267598152
52,1,1,3,1,0,26063,32.2799987792969,1,3,1,1,1,120.076248168945,266.609985351562,0.160683274269104
50,1,1,3,1,0,25878,41.3499984741211,1,2,1,1,1,161.218597412109,291.010009765625,0.148401319980621
49,1,1,4,1,0,23282,76.5400009155273,0,2,1,NA,1,52.9166069030762,0,0.180260613560677
42,1,0,4,2,0,28284,41.0552558898926,0,3,1,1,1,435.238342285156,447.100006103516,0.187662392854691
59,1,0,2,3,0,29177,77.1100006103516,0,1,2,NA,0,51.1199798583984,0,0.0565367862582207
36,1,1,2,1,0,23679,400.410003662109,0,3,2,3,0,187.797149658203,258.369995117188,0.0144033869728446
48,1,0,4,2,0,28745,109.459999084473,0,4,1,2,1,343.325622558594,356.859985351562,0.214313834905624
51,1,0,3,2,0,27782,66.370002746582,0,1,1,NA,1,70.8238677978516,0,0.191107615828514
52,0,1,2,1,0,23294,51.0800018310547,1,2,1,2,0,202.058120727539,296.160003662109,0.126656502485275
53,0,1,2,1,0,21269,136.878829956055,0,1,1,1,0,743.010925292969,672.780029296875,0.132637545466423
48,1,1,1,1,0,26137,23.6100006103516,1,1,3,3,0,125.389091491699,135.960006713867,0.0136091280728579
49,1,1,3,1,0,23748,107.949996948242,0,4,1,1,1,406.05712890625,394.679992675781,0.143065959215164
44,0,1,2,1,0,22272,45.4799995422363,0,1,3,3,0,211.458419799805,273.049987792969,0.0168137196451426
60,1,1,1,1,0,22733,35.7999992370605,1,2,1,NA,0,26.8297271728516,0,0.153175085783005
37,1,1,4,1,0,21078,46.4700012207031,0,2,3,3,1,194.960098266602,327.450012207031,0.0300606470555067
53,0,1,3,1,0,23468,58.3199996948242,1,2,2,2,1,213.015274047852,283.959991455078,0.037763386964798
44,0,0,3,2,0,28147,103.720001220703,0,2,3,3,1,384.135711669922,448.220001220703,0.0337940976023674
39,1,1,4,1,0,24078,45.2700004577637,0,1,1,1,1,179.81787109375,231.25,0.145473584532738
47,1,1,2,1,0,21790,81.5299987792969,0,1,3,3,0,373.596832275391,458.059997558594,0.0189423989504576
48,1,0,3,2,0,26172,51.6199989318848,0,1,3,3,1,194.318954467773,225.259994506836,0.0392606109380722
47,1,0,1,2,0,28002,43.8800010681152,0,3,2,2,0,202.358840942383,205.789993286133,0.0185856781899929
50,1,0,4,2,0,28666,30.9899997711182,1,5,3,3,1,108.11449432373,220.720001220703,0.0591366998851299
51,1,1,3,1,0,20693,409.970001220703,0,3,1,2,1,149.647308349609,189.320007324219,0.15426367521286
46,1,1,4,1,0,24069,83.3000030517578,0,4,2,3,1,309.882385253906,324.779998779297,0.0367362052202225
41,1,0,3,2,0,27310,51.1699981689453,0,2,1,1,1,199.744293212891,221.089996337891,0.147130787372589
47,1,1,1,1,0,21529,109.620002746582,0,1,1,2,0,501.629547119141,473.570007324219,0.0788489952683449
54,1,1,1,1,0,20598,79.5331497192383,0,1,3,3,0,621.478698730469,619.950012207031,0.0200173575431108
45,1,0,2,2,0,27566,92.5099868774414,0,2,1,1,0,448.271697998047,438.369995117188,0.124848209321499
50,1,1,3,1,0,24939,40.7099990844727,1,4,1,2,1,161.55354309082,206.580001831055,0.148401319980621
39,1,0,4,2,0,27609,14.0699996948242,0,3,2,2,1,72.3662261962891,121.559997558594,0.0420778319239616
37,1,0,3,2,0,27482,81.9499969482422,0,1,1,2,1,308.185852050781,319.420013427734,0.141822949051857
47,0,0,4,2,0,27697,100.089996337891,0,5,2,3,1,322.963714599609,381.089996337891,0.0520312823355198
45,1,1,2,1,0,20673,94.1057968139648,0,1,3,3,0,863.536254882812,846.72998046875,0.0173819325864315
51,1,1,4,1,0,25275,78.25,0,5,2,NA,1,144.106948852539,0,0.0463271252810955
47,1,0,1,2,0,28341,93.6600036621094,0,3,1,1,0,394.821075439453,391.869995117188,0.102334521710873
38,1,0,4,2,0,28895,43.3699989318848,0,3,1,1,1,149.288162231445,175.080001831055,0.179688066244125
50,1,1,1,1,0,22418,74.7699966430664,0,1,1,1,0,333.91455078125,313.700012207031,0.0888515189290047
50,1,0,2,2,0,27002,77.4199981689453,0,1,3,3,0,312.360900878906,339.970001220703,0.0309781432151794
47,1,1,1,1,0,24926,203.664703369141,0,1,3,3,0,888.512268066406,804.419982910156,0.0129278525710106
49,1,1,3,1,0,21273,85.0400009155273,0,3,3,3,1,335.427703857422,382.790008544922,0.0299070440232754
56,1,1,4,1,0,25575,31.3299999237061,1,3,3,NA,1,21.8897743225098,0,0.0628129839897156
40,1,1,2,1,0,22374,103.800003051758,0,1,1,2,0,467.227752685547,562.409973144531,0.0878804698586464
49,1,1,4,1,0,20424,422.510009765625,0,4,1,1,1,143.269195556641,193.119995117188,0.180260613560677
45,0,0,4,2,0,27560,94.129997253418,0,3,1,2,1,297.336822509766,324.730010986328,0.199068605899811
53,1,0,4,2,0,27790,42.3899993896484,1,2,1,1,1,122.765045166016,172.179992675781,0.252528101205826
45,1,1,2,1,0,20841,131.040481567383,0,1,1,2,0,567.3837890625,552.820007324219,0.0975597128272057
55,1,0,4,2,0,27630,63.5299987792969,1,5,3,3,1,186.785568237305,214.740005493164,0.0777436718344688
NA,NA,1,2,1,0,25224,69.0699996948242,0,1,1,1,0,264.634826660156,309.119995117188,0.144536748528481
61,1,1,1,1,0,25711,80.5199966430664,1,1,3,2,0,297.067901611328,324.179992675781,0.0361862778663635
45,1,0,4,2,0,28969,38.3899993896484,0,3,2,3,1,142.275680541992,234.5,0.0482507310807705
44,1,1,2,1,0,25992,96.9700012207031,0,1,2,3,0,432.458709716797,469.040008544922,0.016747523099184
38,1,1,2,1,0,24215,86.3600006103516,0,1,3,3,0,398.984222412109,434.470001220703,0.0145875625312328
53,1,1,4,1,0,20996,107.849998474121,0,3,1,2,1,346.641296386719,349.570007324219,0.208668306469917
56,1,0,4,2,0,28527,NA,NA,NA,NA,NA,1,0,0,NA
47,1,1,3,1,0,22139,42.439998626709,0,2,1,NA,1,33.4956436157227,0,0.133864060044289
53,1,0,4,2,0,28617,70.0979537963867,0,3,2,2,1,370.785247802734,371.75,0.0691606625914574
47,1,0,3,2,0,27043,93.5199966430664,0,1,2,2,1,340.862213134766,560.239990234375,0.0375928096473217
43,0,0,3,2,0,26340,79.870002746582,0,3,2,1,1,299.268249511719,311.679992675781,0.032805148512125
44,1,0,2,2,0,27727,42.1699981689453,0,2,1,1,0,191.536499023438,236.179992675781,0.121789537370205
48,1,0,3,2,0,27881,26.7600002288818,1,2,1,1,1,108.722564697266,117.970001220703,0.172631964087486
43,1,1,2,1,0,25541,40.8300018310547,0,1,3,3,0,190.613571166992,248.100006103516,0.0162003077566624
NA,NA,0,4,2,0,28509,37.0900001525879,0,4,1,NA,1,28.3775367736816,0,0.144536748528481
43,1,1,1,1,0,24264,121.959320068359,0,1,3,3,0,1084.75512695312,1019.85998535156,0.0109612951055169
48,1,1,2,1,0,25216,82.8300018310547,0,1,2,3,0,359.462707519531,439.649993896484,0.0198864433914423
39,0,1,2,1,0,21493,81.379997253418,0,2,2,2,0,370.134460449219,452.25,0.0148330135270953
42,1,1,4,1,0,25642,86.6852493286133,0,3,1,1,1,1301.79162597656,1108.71997070312,0.151261359453201
48,0,1,3,1,0,26145,21.0400009155273,0,2,3,NA,1,16.6907482147217,0,0.0285699553787708
55,1,1,2,1,0,26023,33.5800018310547,1,1,1,NA,0,26.0285587310791,0,0.145955368876457
44,1,0,3,3,0,29792,84.7399978637695,0,3,3,3,1,322.254760742188,334.579986572266,0.0334602333605289
45,1,0,3,3,0,29026,100.139999389648,0,3,1,2,1,376.423187255859,443.339996337891,0.158246368169785
48,1,0,4,2,0,26613,20.3700008392334,1,3,1,2,1,66.8505859375,97.4899978637695,0.214313834905624
54,0,1,1,1,0,22143,87.1800003051758,0,1,2,3,0,368.183502197266,372.450012207031,0.0200944114476442
44,1,1,4,1,0,22640,102.987487792969,0,5,2,2,1,1061.66247558594,899.390014648438,0.0342614911496639
46,1,0,3,3,0,29241,25.25,1,1,2,3,1,102.411514282227,191.800003051758,0.0358876511454582
48,1,0,4,2,0,26489,70.5100021362305,0,3,1,2,1,233.633178710938,307.130004882812,0.214313834905624
51,1,0,3,2,0,27159,92.4700012207031,0,1,2,2,1,325.393402099609,327.829986572266,0.045577347278595
55,1,1,3,1,0,22629,99.8764038085938,0,1,1,1,1,736.687255859375,638.289978027344,0.183617144823074
33,0,0,2,3,0,29151,74.4000015258789,0,1,1,3,0,297.716918945312,286.380004882812,0.110775120556355
48,1,1,1,1,0,21971,90.3899993896484,0,1,1,2,0,415.701812744141,445.709991455078,0.0818314552307129
54,1,1,1,1,0,25529,NA,NA,NA,NA,NA,0,0,0,NA
53,1,1,3,1,0,20105,103.529998779297,0,1,1,1,1,370.964904785156,527.450012207031,0.16769252717495
48,1,1,2,1,0,25546,75.2200012207031,0,2,2,NA,0,81.873664855957,0,0.0198864433914423
49,0,1,3,1,0,24319,176.8115234375,0,3,2,2,1,435.398834228516,435.730010986328,0.0300149396061897
48,1,0,4,2,0,26950,53.8199996948242,0,5,1,1,1,174.894241333008,186.25,0.214313834905624
48,1,1,2,1,0,21342,40.810001373291,1,1,2,1,0,190.205856323242,239.270004272461,0.0198864433914423
47,1,0,3,2,0,26858,94.0100021362305,0,1,2,2,1,352.230773925781,339.579986572266,0.0375928096473217
44,0,1,2,1,0,24349,85.870002746582,0,1,1,1,0,372.175689697266,366.339996337891,0.0952680185437202
43,1,1,1,1,0,25440,77.4300003051758,0,1,3,3,0,381.339294433594,434.170013427734,0.0109612951055169
57,1,0,1,2,0,27496,45.8800010681152,1,1,1,1,0,169.817230224609,243.830001831055,0.160258710384369
45,0,0,4,2,0,27270,44.060001373291,0,5,1,1,1,139.314025878906,177.259994506836,0.199068605899811
43,0,0,3,2,0,26962,80.1999969482422,0,1,1,1,1,290.70703125,302.269989013672,0.152549311518669
41,0,1,1,1,0,22710,47.0099983215332,0,1,1,1,0,233.81916809082,276.390014648438,0.0672912746667862
51,1,1,3,1,0,22026,75.2415008544922,0,2,1,2,1,754.258911132812,699.619995117188,0.15426367521286
69,1,0,4,2,0,28292,44.9199981689453,1,4,2,2,1,67.6996917724609,176.839996337891,0.211218744516373
58,1,0,3,2,0,26380,82.2300033569336,0,1,3,3,1,244.197845458984,247.380004882812,0.0710923299193382
45,1,1,1,1,0,25796,128.518463134766,0,1,3,3,0,1151.05102539062,1086.46997070312,0.0118063986301422
37,1,1,1,1,0,21552,94.9122924804688,0,1,3,3,0,915.798522949219,807.460021972656,0.00972679909318686
NA,1,1,2,1,0,21559,102.224891662598,0,1,3,3,0,592.042236328125,607.929992675781,0.0303501505404711
48,1,0,4,2,0,26400,29.4300003051758,1,3,1,1,1,97.084114074707,195.289993286133,0.214313834905624
60,0,1,3,1,0,22913,86.0500030517578,0,1,3,3,1,258.034637451172,344.339996337891,0.0627251788973808
45,0,1,3,1,0,21474,102.870002746582,0,3,1,1,1,404.138305664062,433.779998779297,0.126784920692444
45,1,0,3,2,0,27466,63.0099983215332,0,1,1,2,1,233.491134643555,275.119995117188,0.158942431211472
46,1,1,4,1,0,23972,101.230003356934,0,5,1,1,1,365.193084716797,380.339996337891,0.164936676621437
45,0,1,3,1,0,24343,20.3700008392334,1,2,1,1,1,76.6325607299805,215.600006103516,0.126784920692444
42,1,1,1,1,0,20289,39.7900009155273,0,1,2,2,0,205.648971557617,263.480010986328,0.0106288930401206
44,1,1,1,1,0,25306,52.8199996948242,0,2,3,3,0,267.463226318359,382.230010986328,0.0113522093743086
45,1,1,2,1,0,23918,111.220001220703,0,2,1,1,0,476.827850341797,549.090026855469,0.0975597128272057
57,1,1,3,1,0,21939,64.5,1,2,1,2,1,213.175323486328,307.549987792969,0.202325507998466
58,1,1,2,1,0,22002,56.8600006103516,1,2,1,2,0,210.007308959961,301.899993896484,0.171321347355843
54,1,1,3,1,0,21292,105.559997558594,0,3,2,2,1,376.436065673828,368.019989013672,0.0401590019464493
NA,0,0,4,2,0,27408,NA,NA,NA,NA,NA,1,0,0,NA
58,1,0,3,2,0,28236,48.4000015258789,1,2,2,2,1,149.9638671875,204.490005493164,0.0710923299193382
53,0,1,1,1,0,23365,NA,NA,NA,NA,NA,0,0,0,NA
53,1,1,3,1,0,22309,89.3300018310547,0,1,1,2,1,318.087829589844,293.149993896484,0.16769252717495
42,1,0,3,2,0,26836,543.409973144531,0,2,1,1,1,200.567337036133,310.920013427734,0.149444967508316
50,1,1,2,1,0,25195,NA,NA,NA,NA,NA,0,0,0,NA
43,0,0,3,2,0,27757,50.8499984741211,0,2,2,3,1,192.466583251953,254.729995727539,0.032805148512125
53,1,0,3,2,0,26692,28.5799999237061,1,1,1,1,1,93.8179779052734,219.059997558594,0.206442087888718
51,1,0,3,2,0,27532,87.3429718017578,0,1,3,3,1,633.994079589844,611.159973144531,0.045577347278595
36,1,1,4,1,0,21054,86.1100006103516,0,3,1,2,1,324.778900146484,421.959991455078,0.143198683857918
44,0,1,1,1,0,21279,90.556396484375,0,1,3,2,0,671.856811523438,581.599975585938,0.0113995503634214
54,0,1,3,1,0,25945,NA,NA,NA,NA,NA,1,0,0,NA
39,1,1,1,1,0,22806,75.2200012207031,0,2,1,2,0,379.010833740234,457.619995117188,0.0651568323373795
48,1,1,1,1,0,24008,109.650001525879,0,3,1,2,0,499.360198974609,478.149993896484,0.0818314552307129
55,1,1,4,1,0,20371,102.430000305176,0,5,2,2,1,322.086517333984,408.089996337891,0.0588021613657475
43,1,0,4,2,0,26700,76.0299987792969,0,5,1,NA,1,50.6318283081055,0,0.190820917487144
49,1,1,1,1,0,21146,49.4500007629395,0,1,1,1,0,234.088745117188,343.019989013672,0.0851575210690498
49,1,1,1,1,0,25432,61.1825370788574,0,1,2,3,0,913.438232421875,800.859985351562,0.0143819181248546
41,0,1,4,1,0,20718,61.939998626709,0,3,1,NA,1,44.5507316589355,0,0.149297088384628
52,0,1,3,1,0,22938,177.380004882812,0,1,1,NA,1,72.5928802490234,0,0.161070957779884
48,1,1,3,1,0,24638,50.3300018310547,0,3,1,1,1,204.656478881836,280,0.138228967785835
49,1,1,1,1,0,25727,47.9599990844727,0,2,3,3,0,236.619705200195,290.820007324219,0.0143819181248546
38,0,0,2,3,0,29082,49.2999992370605,0,1,1,1,0,220.519561767578,200.389999389648,0.11077993363142
NA,1,1,1,1,0,24046,97.4800033569336,0,1,3,3,0,376.350738525391,385.320007324219,0.0303501505404711
51,0,0,3,3,0,29291,61.9395980834961,0,1,1,2,1,662.10302734375,600.150024414062,0.190756574273109
40,1,0,4,2,0,27039,40.1699981689453,0,4,1,1,1,148.074066162109,224.199996948242,0.182764127850533
56,1,1,2,1,0,22095,110.915618896484,0,1,3,3,0,686.072082519531,600.700012207031,0.0331694222986698
44,1,1,1,1,0,22466,74.6386795043945,0,1,2,2,0,615.651245117188,624.260009765625,0.0113522093743086
NA,1,1,2,1,0,25721,33.8199996948242,0,1,2,NA,0,28.6020545959473,0,0.0303501505404711
44,1,0,3,2,0,28369,11.5100002288818,1,2,1,1,1,57.031005859375,192.059997558594,0.155335694551468
53,1,1,2,1,0,25738,37.0299987792969,1,1,2,3,0,157.738922119141,249.229995727539,0.0267345290631056
39,1,1,3,1,0,25782,42.5200004577637,0,3,1,1,1,184.818466186523,260.25,0.113462187349796
44,0,0,3,2,0,26996,40.4099998474121,0,3,2,2,1,163.088577270508,275.609985351562,0.0337940976023674
48,1,1,3,1,0,24517,165.880355834961,0,3,1,1,1,786.414245605469,775.640014648438,0.138228967785835
56,1,0,3,2,0,27742,177.809997558594,0,3,2,NA,1,95.5458526611328,0,0.0618583783507347
48,0,0,2,3,0,29428,48.939998626709,0,1,1,1,0,188.48210144043,240.699996948242,0.136237949132919
44,1,1,2,1,0,23124,108.275466918945,0,1,1,1,0,540.790649414062,615.599975585938,0.0949993953108788
43,1,1,2,1,0,22356,82.4400024414062,0,1,2,3,0,369.381134033203,367.350006103516,0.0162003077566624
47,0,1,1,1,0,23334,40.5299987792969,1,1,1,3,0,182.610229492188,222.5,0.0790827199816704
49,1,0,4,2,0,27275,73.9800033569336,0,4,2,3,1,242.594024658203,221.880004882812,0.0564385242760181
39,0,1,3,1,0,25625,67.4800033569336,0,2,3,3,1,281.968292236328,279.709991455078,0.021575378254056
NA,NA,1,2,1,0,20364,98.0374221801758,0,3,3,3,0,453.226043701172,534.880004882812,0.0303501505404711
57,1,0,4,2,0,27572,81.1600036621094,0,5,3,3,1,223.827972412109,299.170013427734,0.0881730988621712
46,1,0,1,3,0,29085,80.3199996948242,0,1,1,1,0,343.600524902344,384.269989013672,0.0985997542738914
50,1,1,3,1,0,25257,68.9599990844727,0,2,1,1,1,263.484893798828,322.239990234375,0.148401319980621
40,1,1,2,1,0,21096,56.4469566345215,0,2,2,2,0,916.572875976562,789.940002441406,0.0150246862322092
51,1,1,1,1,0,25054,54.8199996948242,0,3,3,3,0,251.814559936523,349.190002441406,0.0162429753690958
56,1,1,3,1,0,22689,45.5400009155273,0,1,2,NA,1,32.7936935424805,0,0.0461049638688564
NA,0,0,4,2,0,26395,63.0499992370605,0,5,1,1,1,229.470306396484,206.169998168945,0.144536748528481
41,1,0,1,2,0,27388,43.0930328369141,0,1,3,3,0,658.012756347656,659.840026855469,0.0150458486750722
58,1,0,1,2,0,27516,40.5200004577637,1,2,3,3,0,163.437744140625,184.070007324219,0.038176491856575
53,1,1,3,1,0,21258,100.73999786377,0,3,1,1,1,372.814331054688,361.059997558594,0.16769252717495
40,0,1,2,1,0,20951,81.6800003051758,0,1,3,3,0,377.051605224609,390.600006103516,0.015085001476109
51,1,1,3,1,0,20754,37.7299995422363,1,4,1,1,1,140.98307800293,225.729995727539,0.15426367521286
51,1,0,1,3,0,29761,48.7000007629395,1,1,2,2,0,216.188415527344,213.279998779297,0.0229255259037018
46,0,1,1,1,0,22613,71.1399993896484,0,1,2,3,0,346.189453125,353,0.0123803000897169
40,0,0,4,2,0,27325,62.189998626709,0,4,1,1,1,201.321823120117,264.959991455078,0.183185026049614
53,1,0,4,2,0,26922,100.819999694824,0,4,3,3,1,301.980834960938,509.829986572266,0.0691606625914574
57,1,1,1,1,0,23410,43.0288887023926,1,1,3,3,0,857.027160644531,897.330017089844,0.025385744869709
49,1,1,2,1,0,24932,111.30069732666,0,1,2,3,0,669.905700683594,597.880004882812,0.020953880622983
60,1,1,1,1,0,25787,32.095100402832,1,1,1,1,0,1273.34118652344,1077.7099609375,0.153175085783005
46,1,1,4,1,0,23654,100.519996643066,0,5,1,1,1,363.941162109375,412.350006103516,0.164936676621437
52,0,1,1,1,0,23736,43.7102928161621,1,1,3,2,0,511.916198730469,506.619995117188,0.0174236465245485
45,0,1,3,1,0,24259,25.5400009155273,1,2,3,3,1,111.857795715332,250.710006713867,0.0251597817987204
47,1,0,3,3,0,29087,40.7200012207031,1,3,1,1,1,147.433944702148,169.600006103516,0.16684901714325
47,1,0,3,3,0,29194,21,1,3,1,1,1,79.7309188842773,165.259994506836,0.16684901714325
38,0,0,1,3,0,29631,100.51000213623,0,1,2,2,0,459.770050048828,433.559997558594,0.0142555851489305
49,1,1,4,1,0,23890,NA,NA,NA,NA,NA,1,0,0,NA
59,1,0,3,2,0,26420,69.0373916625977,1,1,2,2,1,663.155578613281,637.799987792969,0.0764478966593742
43,1,1,2,1,0,25825,47.1500015258789,0,1,1,2,0,207.577621459961,253.020004272461,0.0927653014659882
45,1,0,3,3,0,29620,85.2900009155273,0,1,2,2,1,319.730529785156,355,0.0345926955342293
46,1,1,3,1,0,20843,61.4049530029297,0,1,1,1,1,1288.01782226562,1083.90002441406,0.12994684278965
58,0,1,2,1,0,25909,87.1800003051758,0,1,1,2,0,302.292266845703,292.299987792969,0.171725422143936
44,1,0,4,2,0,26709,76.3300018310547,0,4,1,3,1,256.059906005859,239.320007324219,0.194470122456551
48,1,1,1,1,0,25753,635.72998046875,0,1,1,1,0,285.081451416016,361.859985351562,0.0818314552307129
42,1,1,3,1,0,20898,84.2399978637695,0,1,1,2,1,344.409545898438,355.579986572266,0.11834279447794
41,0,0,3,3,0,29068,108.480003356934,0,3,1,1,1,405.283752441406,398.140014648438,0.146834090352058
43,0,0,3,2,0,26781,84.3099975585938,0,1,2,2,1,309.236267089844,305,0.032805148512125
42,1,1,1,1,0,21255,20.7399997711182,1,1,1,1,0,103.57177734375,216.539993286133,0.0683941096067429
40,1,0,4,2,0,28923,100.720001220703,0,5,2,2,1,357.657165527344,351.450012207031,0.0426801256835461
47,0,0,3,3,0,28994,66.6500015258789,0,1,3,3,1,237.718521118164,252.910003662109,0.0374872535467148
45,1,1,4,1,0,25194,41.939998626709,0,4,1,1,1,157.641448974609,238.210006713867,0.160834074020386
48,1,1,4,1,0,21337,54.6698532104492,0,4,2,2,1,475.751281738281,521.299987792969,0.0399253256618977
42,1,1,1,1,0,25636,106.998413085938,0,1,1,1,0,1865.18859863281,1543.97998046875,0.0683941096067429
45,0,0,4,3,0,29065,NA,NA,NA,NA,NA,1,0,0,NA
57,1,1,1,1,0,22588,95.6046447753906,0,1,3,3,0,808.497924804688,817.549987792969,0.025385744869709
56,1,1,2,1,0,22452,21.0400009155273,1,1,1,1,0,86.4901733398438,165.199996948242,0.153719335794449
58,0,0,1,3,0,29371,82.870002746582,0,1,3,3,0,292.423767089844,300.450012207031,0.0380696021020412
52,1,0,3,2,0,27698,56.4700012207031,1,2,2,2,1,201.050231933594,251.039993286133,0.0481888316571712
55,0,1,2,1,0,20834,67.7900009155273,1,3,3,2,0,263.660217285156,339.600006103516,0.0308902524411678
35,1,1,1,1,0,23060,NA,NA,NA,NA,NA,0,0,0,NA
37,1,0,3,2,0,26173,61.310001373291,0,1,1,1,1,234.10188293457,314.160003662109,0.141822949051857
62,1,1,4,1,0,21075,NA,NA,NA,NA,NA,1,0,0,NA
41,0,1,1,1,0,24538,76.1352691650391,0,1,2,2,0,1140.22338867188,1039.52001953125,0.0103946607559919
61,1,0,3,2,0,27378,NA,NA,NA,NA,NA,1,0,0,NA
44,1,0,1,2,0,28972,43.5900001525879,0,1,2,3,0,207.392471313477,256.959991455078,0.0164264310151339
50,1,0,4,2,0,27849,90.2300033569336,0,5,3,3,1,284.529693603516,340.170013427734,0.0591366998851299
52,1,1,2,1,0,22905,36.2000007629395,0,3,1,NA,0,30.1561069488525,0,0.126327008008957
51,0,0,3,2,0,27616,89.0062103271484,0,1,2,3,1,664.543640136719,611.460021972656,0.0457295924425125
54,0,1,1,1,0,24210,127.453620910645,0,3,1,2,0,839.935791015625,704.330017089844,0.108175963163376
46,1,0,2,2,0,28830,41.8199996948242,0,1,1,1,0,175.395736694336,187.619995117188,0.128309085965157
55,0,1,2,1,0,21226,39.1100006103516,1,1,1,2,0,143.004409790039,185.300003051758,0.146319091320038
46,1,0,4,2,0,27248,49.0400009155273,0,4,1,1,1,159.40217590332,187.899993896484,0.203305020928383
48,1,1,2,1,0,22349,39.25,1,1,2,2,0,186.348419189453,288.670013427734,0.0198864433914423
57,1,1,2,1,0,20833,111.900001525879,0,1,1,NA,0,87.3459930419922,0,0.162160560488701
38,1,1,1,1,0,23208,79.0800018310547,0,1,3,3,0,401.985870361328,372.549987792969,0.00981395877897739
54,0,0,4,2,0,28371,42.7200012207031,1,5,1,1,1,123.127365112305,129.139999389648,0.262723386287689
45,1,0,3,2,0,27102,111.690002441406,0,1,3,3,1,413.424957275391,501.739990234375,0.0348134785890579
32,0,0,3,3,0,29228,97.7709808349609,0,1,3,3,1,628.598388671875,823.119995117188,0.030008714646101
43,1,1,1,1,0,22114,96.5400009155273,0,1,2,1,0,467.315460205078,512.219970703125,0.0109612951055169
49,1,1,3,1,0,23518,49.2400016784668,0,2,1,1,1,187.44856262207,224.5,0.143065959215164
53,1,1,3,1,0,23397,90.1900024414062,0,1,1,2,1,322.512451171875,363.619995117188,0.16769252717495
52,1,0,3,2,0,27072,NA,NA,NA,NA,NA,1,0,0,NA
42,1,1,3,1,0,24475,43.7000007629395,0,2,2,2,1,197.250137329102,247.919998168945,0.0228134952485561
54,1,1,4,1,0,22660,NA,NA,NA,NA,NA,1,0,0,NA
60,1,1,1,1,0,20581,73.1399993896484,0,1,1,NA,0,54.7956352233887,0,0.153175085783005
45,1,1,1,1,0,20677,105.25,0,1,3,3,0,505.457763671875,536.239990234375,0.0118063986301422
49,1,1,3,1,0,22118,NA,NA,NA,NA,NA,1,0,0,NA
48,1,1,1,1,0,22262,96.3399963378906,0,1,2,2,0,458.300109863281,402.739990234375,0.0136091280728579
47,1,1,3,1,0,26108,156.145050048828,0,5,1,1,1,827.998229980469,775.900024414062,0.133864060044289
49,1,0,3,2,0,26664,179.99479675293,0,1,2,2,1,741.270751953125,703.840026855469,0.0411347970366478
38,1,1,4,1,0,21748,102.360000610352,0,3,1,1,1,395.362213134766,365.779998779297,0.144333705306053
47,1,1,1,1,0,21513,126.027725219727,0,1,3,3,0,944.260314941406,855.390014648438,0.0129278525710106
41,1,0,3,2,0,26621,75.5,0,1,3,3,1,295.851654052734,307.679992675781,0.0311373621225357
46,1,1,1,1,0,25868,59.9500007629395,0,2,2,2,0,295.463195800781,346.589996337891,0.0123294442892075
51,1,0,3,2,0,26223,40.5200004577637,1,2,1,3,1,142.927688598633,207.899993896484,0.191107615828514
40,1,0,4,2,0,28272,41.9199981689453,0,3,1,2,1,154.737350463867,192.039993286133,0.182764127850533
51,1,1,1,1,0,25112,43.9269828796387,1,1,2,1,0,894.345092773438,874.5,0.0162429753690958
48,1,1,4,1,0,23649,61.3499984741211,0,3,1,1,1,219.57682800293,387.839996337891,0.174626991152763
37,1,1,2,1,0,24028,40.810001373291,0,3,1,1,0,185.536499023438,211.410003662109,0.0855100005865097
54,1,1,2,1,0,20889,83.5500030517578,0,1,1,1,0,320.532043457031,408.760009765625,0.138827696442604
48,1,1,2,1,0,25915,82.1467437744141,0,4,1,1,0,685.530212402344,647.179992675781,0.107379741966724
42,1,1,2,1,0,22019,42,0,1,1,2,0,194.094528198242,264.470001220703,0.0908424407243729
44,1,1,1,1,0,21780,81.75,0,1,2,2,0,402.466522216797,515.380004882812,0.0113522093743086
46,1,0,3,3,0,29339,102.779998779297,0,3,2,3,1,388.974945068359,401.279998779297,0.0358876511454582
58,1,1,3,1,0,25001,NA,NA,NA,NA,NA,1,0,0,NA
43,1,1,2,1,0,22000,41.2299995422363,0,4,2,2,0,194.699417114258,242.820007324219,0.0162003077566624
55,0,1,1,1,0,25410,104.255363464355,0,1,1,2,0,454.183166503906,487.170013427734,0.114174045622349
46,1,1,2,1,0,24653,105.046203613281,0,1,2,2,0,764.926208496094,655.47998046875,0.0181107763200998
39,1,0,2,2,0,27738,128.976638793945,0,3,1,3,0,633.439758300781,667.900024414062,0.111973889172077
54,1,0,3,2,0,27816,NA,NA,NA,NA,NA,1,0,0,NA
54,1,1,1,1,0,21846,45.310001373291,1,2,3,3,0,208.85124206543,316.589996337891,0.0200173575431108
NA,NA,1,1,1,0,20506,81.9374542236328,0,1,3,3,0,564.694641113281,511.75,0.0303501505404711
44,1,0,4,2,0,27889,71.8115386962891,0,3,2,3,1,413.091461181641,383.429992675781,0.0467656888067722
49,1,1,4,1,0,24792,53.7999992370605,0,1,2,2,1,200.316772460938,286.779998779297,0.0418251156806946
57,1,1,3,1,0,24182,34.6699981689453,1,2,1,NA,1,23.5516490936279,0,0.202325507998466
47,1,1,2,1,0,22120,124.522308349609,0,2,1,1,0,539.485168457031,495.790008544922,0.10372956097126
52,1,0,3,3,0,29743,31.6200008392334,0,3,1,NA,1,21.962366104126,0,0.197652563452721
NA,1,1,1,1,0,24513,109.232498168945,0,1,1,2,0,773.108642578125,687.210021972656,0.144536748528481
45,1,0,3,2,0,26623,73.9280624389648,0,1,1,1,1,418.74951171875,366.720001220703,0.158942431211472
46,1,1,3,1,0,24780,46.4099998474121,0,1,3,3,1,210.326278686523,308.369995117188,0.026058966293931
60,1,1,2,1,0,20839,38.1199989318848,1,1,1,NA,0,27.337085723877,0,0.191976174712181
46,1,1,4,1,0,22402,45.5800018310547,0,3,2,2,1,176.40657043457,261.329986572266,0.0367362052202225
44,1,1,1,1,0,22659,102.029998779297,0,1,3,3,0,486.582550048828,458.350006103516,0.0113522093743086
44,1,0,3,3,0,29363,62.6800003051758,0,3,1,1,1,231.424850463867,306.649993896484,0.154650017619133
45,1,1,1,1,0,22115,42.2908363342285,0,1,3,3,0,832.347595214844,807.260009765625,0.0118063986301422
56,1,1,3,1,0,21865,NA,NA,NA,NA,NA,1,0,0,NA
NA,NA,1,3,1,0,20524,37.7900009155273,0,4,1,NA,1,29.3136653900146,0,0.144536748528481
63,1,0,3,2,0,27282,95.5599975585938,0,1,3,3,1,238.639938354492,324.709991455078,0.10394124686718
61,0,1,1,1,0,23888,82.0700225830078,1,1,1,2,0,723.761413574219,806.099975585938,0.16362601518631
50,0,1,1,1,0,20729,54.3199996948242,0,4,1,1,0,241.095428466797,278.720001220703,0.0891071707010269
47,0,1,4,1,0,22651,41.9099998474121,0,2,1,1,1,142.217041015625,237.089996337891,0.169928267598152
52,1,1,1,1,0,25449,85.1100006103516,0,1,3,3,0,378.35888671875,372.859985351562,0.017355402931571
43,1,1,2,1,0,20709,40.5157890319824,0,1,3,3,0,1118.1103515625,967.880004882812,0.0162003077566624
39,0,1,1,1,0,21486,87.75,0,1,3,3,0,432.019989013672,470.779998779297,0.00998810399323702
51,1,1,1,1,0,26168,100.809997558594,0,1,2,3,0,464.318634033203,447.470001220703,0.0162429753690958
57,0,1,4,1,0,20961,20.4099998474121,1,3,2,2,1,70.0991897583008,146.169998168945,0.0674574002623558
46,1,0,3,2,0,27642,40.1500015258789,0,2,1,3,1,148.469757080078,151.460006713867,0.16301366686821
59,0,1,2,1,0,23368,140.173065185547,0,1,2,3,0,719.607543945312,644.799987792969,0.0423035658895969
NA,1,0,3,2,0,28632,43.810001373291,1,2,3,2,1,180.661865234375,182.240005493164,0.0303501505404711
38,1,1,3,1,0,22665,128.255935668945,0,1,2,3,1,535.164489746094,487.809997558594,0.021237351000309
54,1,0,3,3,0,29409,46.5800018310547,1,3,3,3,1,165.736709594727,232.309997558594,0.054002370685339
47,1,1,3,1,0,22972,NA,NA,NA,NA,NA,1,0,0,NA
50,0,1,1,1,0,20810,89.4199981689453,0,2,3,3,0,394.507385253906,361.799987792969,0.0153172053396702
52,1,0,4,2,0,27911,69.7399978637695,0,4,1,1,1,205.76399230957,228.080001831055,0.243563696742058
44,1,1,3,1,0,20619,75.1722412109375,0,2,3,3,1,536.059814453125,601.190002441406,0.0242007970809937
48,1,0,2,2,0,26855,42.0999984741211,1,1,1,2,0,167.974044799805,196.059997558594,0.13651992380619
50,1,0,4,2,0,26611,41.1199989318848,1,5,1,1,1,143.937622070312,223.669998168945,0.227668836712837
56,1,0,2,2,0,28752,NA,NA,NA,NA,NA,0,0,0,NA
39,1,0,3,3,0,29032,44.4700012207031,0,3,1,1,1,175.98469543457,447.100006103516,0.143053293228149
52,0,1,4,1,0,25419,47.0400009155273,1,4,1,3,1,143.875732421875,183.460006713867,0.201073586940765
51,0,0,4,2,0,26351,77.5599975585938,0,5,1,NA,1,44.7635231018066,0,0.235774517059326
57,1,1,3,1,0,22165,102.30590057373,0,3,2,1,1,419.505004882812,534.219970703125,0.0495882108807564
46,1,0,2,2,0,28532,52.4799995422363,0,3,3,3,0,229.820022583008,292.549987792969,0.025591840967536
45,1,1,2,1,0,22648,82.3399963378906,0,1,1,1,0,354.975463867188,342.010009765625,0.0975597128272057
39,1,0,3,2,0,27108,93.7148742675781,0,1,3,3,1,647.699523925781,614.179992675781,0.0300990268588066
NA,1,1,3,1,0,25754,64.5899963378906,0,2,1,3,1,252.692535400391,259.559997558594,0.144536748528481
55,1,0,3,2,0,27425,84.870002746582,0,1,3,3,1,272.382171630859,291.329986572266,0.0578956827521324
43,1,1,3,1,0,26061,99.6699981689453,0,1,3,3,1,413.840667724609,546.219970703125,0.0234523471444845
50,1,0,1,2,0,28619,44.6699981689453,1,1,1,1,0,187.972595214844,204.639999389648,0.114417366683483
33,1,1,3,1,0,22153,60.3899993896484,0,5,1,2,1,262.134338378906,338.279998779297,0.112498320639133
50,1,0,2,2,0,27300,100.263175964355,0,1,1,1,0,1223.34899902344,1145.92004394531,0.146608054637909
47,1,1,4,1,0,21904,82.1025390625,0,3,1,2,1,516.65185546875,505.799987792969,0.169526964426041
43,1,1,3,1,0,23611,80.2600021362305,0,2,1,1,1,319.388214111328,326.260009765625,0.120670042932034
41,1,1,4,1,0,20203,102.01000213623,0,3,1,1,1,381.348083496094,361.5,0.148928374052048
56,1,1,1,1,0,21341,131.459579467773,0,1,3,3,0,691.1416015625,606.27001953125,0.0233837105333805
30,1,0,4,2,0,28046,27.1499996185303,0,4,1,1,1,96.0548324584961,142.699996948242,0.184965893626213
41,0,1,3,1,0,20824,29.1299991607666,0,4,1,1,1,116.345794677734,165.380004882812,0.116684295237064
57,1,0,3,2,0,27339,54.6300010681152,1,1,1,2,1,163.805465698242,217.199996948242,0.245459333062172
55,1,1,3,1,0,25705,51.189998626709,1,2,1,1,1,175.954071044922,265.489990234375,0.183617144823074
45,1,0,3,2,0,26928,83.75,0,1,3,3,1,329.221221923828,293.799987792969,0.0348134785890579
40,1,0,3,3,0,29512,50.7099990844727,0,3,1,2,1,202.739227294922,243.880004882812,0.144564986228943
60,1,1,2,1,0,23289,NA,NA,NA,NA,NA,0,0,0,NA
51,0,1,3,1,0,25314,144.057815551758,0,2,3,3,1,498.824951171875,466.690002441406,0.0334574282169342
47,1,1,3,1,0,21935,NA,NA,NA,NA,NA,1,0,0,NA
41,1,1,3,1,0,25033,104.206604003906,0,4,3,3,1,577.848022460938,600.72998046875,0.0222775880247355
NA,NA,0,3,2,0,28498,43.6699981689453,1,3,1,2,1,173.020721435547,268.829986572266,0.144536748528481
NA,NA,0,3,2,0,28219,40.5710258483887,0,1,3,3,1,660.423522949219,655.989990234375,0.0303501505404711
48,1,1,1,1,0,22006,86.9700012207031,0,1,1,1,0,399.868347167969,354.890014648438,0.0818314552307129
44,1,1,4,1,0,24473,46.9700012207031,0,1,1,1,1,177.103607177734,270.559997558594,0.157199114561081
53,0,0,1,3,0,29660,31.0599994659424,0,1,1,NA,0,23.6787776947021,0,0.130365490913391
49,1,0,3,2,0,28290,41.3499984741211,1,3,1,2,1,154.373794555664,182.910003662109,0.17822502553463
55,1,1,1,1,0,25337,79.2699966430664,0,2,1,2,0,330.032958984375,344.950012207031,0.113867744803429
51,1,0,4,2,0,27336,76.0500030517578,0,5,1,2,1,229.507904052734,348.25,0.235286056995392
47,1,1,2,1,0,23077,118.639617919922,0,1,1,1,0,579.868957519531,499.839996337891,0.10372956097126
41,1,0,2,2,0,26751,89.1999969482422,0,1,2,2,0,383.135284423828,360.619995117188,0.0218682251870632
49,1,1,4,1,0,23348,89.4899978637695,0,3,2,1,1,323.605560302734,380.369995117188,0.0418251156806946
57,1,1,3,1,0,24527,671.619995117188,0,1,1,2,1,215.376266479492,224.259994506836,0.202325507998466
42,0,1,4,1,0,21735,104.470001220703,0,5,1,1,1,378.236907958984,418.279998779297,0.15163391828537
47,1,0,3,2,0,27291,80.1500015258789,0,1,2,2,1,291.071258544922,336.010009765625,0.0375928096473217
NA,1,0,4,2,0,28577,42.2400016784668,0,4,2,1,1,174.008438110352,266.519989013672,0.0303501505404711
42,1,1,3,1,0,22483,87.7799987792969,0,3,1,1,1,359.904602050781,376.299987792969,0.11834279447794
54,1,1,1,1,0,21354,26.8299999237061,1,1,1,NA,0,23.3985481262207,0,0.107881277799606
43,1,0,3,3,0,29446,48.5400009155273,0,1,1,3,1,190.000549316406,327.429992675781,0.15149886906147
41,0,0,3,3,0,29722,101.519996643066,0,1,3,3,1,377.850830078125,351.619995117188,0.0310469549149275
54,1,1,4,1,0,20376,NA,NA,NA,NA,NA,1,0,0,NA
44,0,1,2,1,0,24994,95.3028030395508,0,1,1,2,0,500.393707275391,469.649993896484,0.0952680185437202
48,1,0,4,2,0,28481,19.6399993896484,1,3,2,2,1,76.6742477416992,160.369995117188,0.0540208071470261
48,0,1,4,1,0,22929,66.4804916381836,0,4,2,2,1,408.029541015625,456.25,0.0400621071457863
58,1,0,2,2,0,27278,64.8499984741211,0,2,1,NA,0,136.535110473633,0,0.2105652987957
45,1,1,2,1,0,22762,41.5999984741211,0,2,1,1,0,190.178405761719,198.649993896484,0.0975597128272057
41,1,1,1,1,0,20734,56.9599990844727,0,1,3,3,0,290.018890380859,493.25,0.0103509724140167
47,1,1,4,1,0,21523,NA,NA,NA,NA,NA,1,0,0,NA
50,1,1,2,1,0,20573,63.6300010681152,0,1,1,NA,0,52.2174682617188,0,0.11592873185873
43,1,0,4,2,0,26639,28.4099998474121,0,3,1,1,1,99.0820159912109,159.169998168945,0.190820917487144
44,1,1,4,1,0,25617,54.5699996948242,0,3,2,3,1,213.162078857422,334.059997558594,0.0342614911496639
47,1,0,3,3,0,29306,48.3220252990723,0,3,1,2,1,717.538391113281,625.489990234375,0.16684901714325
48,1,1,1,1,0,21727,137.057846069336,0,1,2,2,0,734.39697265625,663.739990234375,0.0136091280728579
50,1,0,3,2,0,28562,NA,NA,NA,NA,NA,1,0,0,NA
47,1,1,2,1,0,20989,58.2549705505371,0,1,1,1,0,1260.45947265625,1083.78002929688,0.10372956097126
55,1,1,2,1,0,21500,77.3199996948242,0,3,3,3,0,299.209716796875,347.959991455078,0.03077975474298
37,1,1,4,1,0,23108,70.9000015258789,0,4,1,1,1,272.45556640625,345.079986572266,0.143576696515083
44,1,1,4,1,0,23229,85.9000015258789,0,4,1,1,1,317.445220947266,351.510009765625,0.157199114561081
59,1,0,3,3,0,29694,45.1800003051758,1,3,3,3,1,135.991394042969,175.789993286133,0.0760354474186897
58,1,0,4,2,0,28803,40.1500015258789,1,3,1,1,1,100.224876403809,182.220001220703,0.308567583560944
39,1,1,2,1,0,22224,66.4599990844727,0,1,2,3,0,313.904266357422,375.869995117188,0.0147735681384802
44,1,1,4,1,0,24913,NA,NA,NA,NA,NA,1,0,0,NA
42,1,1,2,1,0,22703,45.4300003051758,0,1,3,3,0,210.954818725586,287.160003662109,0.0157341063022614
45,1,0,4,2,0,27376,41.5,0,5,2,3,1,152.756408691406,226.740005493164,0.0482507310807705
52,0,1,3,1,0,25669,58.0099983215332,0,2,2,2,1,219.517288208008,287.980010986328,0.0354918427765369
52,1,0,3,3,0,29349,46.7299995422363,1,3,1,1,1,159.066375732422,276.640014648438,0.197652563452721
40,1,0,3,2,0,28942,31.0799999237061,0,3,2,2,1,133.572021484375,300.209991455078,0.0305569488555193
56,1,1,1,1,0,21778,33.0526504516602,1,2,1,1,0,467.515991210938,400.559997558594,0.120421066880226
54,1,1,3,1,0,25873,64.1008071899414,0,1,2,3,1,1159.20007324219,979.739990234375,0.0401590019464493
60,0,1,2,1,0,25427,79.2532043457031,1,1,2,2,0,413.744140625,479.640014648438,0.0460362285375595
46,1,1,2,1,0,23316,123.170845031738,0,2,2,2,0,509.400360107422,467.850006103516,0.0181107763200998
53,1,0,3,2,0,27949,406.589996337891,0,1,1,1,1,128.850616455078,284.230010986328,0.206442087888718
54,1,1,4,1,0,20173,17.3500003814697,1,3,2,NA,1,15.0305433273315,0,0.0551807284355164
49,1,0,4,2,0,27260,62.3400001525879,0,5,1,1,1,195.664566040039,336.959991455078,0.220686390995979
43,1,1,3,1,0,20512,76.9123611450195,0,1,1,1,1,1552.33996582031,1358.41003417969,0.120670042932034
60,1,1,3,1,0,24756,194.965118408203,0,3,3,3,1,628.871459960938,629.349975585938,0.0625296235084534
46,1,1,4,1,0,25614,52.3199996948242,0,4,3,3,1,203.528381347656,273.109985351562,0.0367362052202225
52,1,0,3,3,0,29468,101.48999786377,0,3,1,2,1,332.761444091797,364.029998779297,0.197652563452721
49,1,0,3,2,0,26840,40.189998626709,1,2,1,1,1,151.11393737793,192.509994506836,0.17822502553463
33,1,1,4,1,0,24292,25.4200000762939,0,3,1,2,1,101.413970947266,149.449996948242,0.144327908754349
47,0,0,4,2,0,27420,74.034049987793,0,2,3,3,1,601.882446289062,633.219970703125,0.0520312823355198
41,0,1,4,1,0,25807,45.4300003051758,0,5,1,1,1,167.139205932617,273.549987792969,0.149297088384628
48,1,0,3,2,0,28280,86.5,0,1,2,2,1,315.281036376953,411.910003662109,0.0392606109380722
50,1,1,4,1,0,24616,73.9800033569336,0,1,1,2,1,247.487701416016,286.179992675781,0.186453565955162
50,1,0,3,2,0,27691,42.5099983215332,1,3,2,2,1,154.726287841797,279.809997558594,0.043233584612608
54,1,0,3,3,0,29786,NA,NA,NA,NA,NA,1,0,0,NA
45,0,1,3,1,0,24405,112.449996948242,0,1,2,3,1,441.697174072266,465.679992675781,0.0251597817987204
43,1,1,3,1,0,24327,84.1900024414062,0,1,2,3,1,352.763061523438,322.739990234375,0.0234523471444845
52,1,1,4,1,0,25748,49.2799987792969,1,3,2,3,1,174.788879394531,253.669998168945,0.0489727929234505
50,1,1,1,1,0,22145,NA,NA,NA,NA,NA,0,0,0,NA
49,1,0,2,2,0,27576,44.939998626709,1,1,1,1,0,177.314346313477,254.850006103516,0.141316398978233
47,1,1,1,1,0,24080,84.0999984741211,0,1,2,3,0,401.009887695312,379.380004882812,0.0129278525710106
46,1,1,1,1,0,23594,43.3400001525879,0,1,2,3,0,216.922439575195,290.290008544922,0.0123294442892075
43,1,1,1,1,0,21168,90.370002746582,0,1,1,1,0,435.428894042969,487.679992675781,0.0699463859200478
46,0,1,2,1,0,20393,51.4799995422363,0,1,1,1,0,214.425064086914,254.520004272461,0.10074320435524
42,0,1,2,1,0,23625,61.4599990844727,0,1,3,3,0,272.696685791016,355.450012207031,0.0157968588173389
34,1,1,1,1,0,23476,81.0899963378906,0,1,2,3,0,406.278747558594,383.429992675781,0.00972640048712492
44,1,1,2,1,0,23630,73.5800018310547,0,2,1,2,0,332.341186523438,306.279998779297,0.0949993953108788
51,1,1,4,1,0,22896,45.5900001525879,1,4,1,1,1,168.576080322266,209.960006713867,0.193233087658882
57,1,0,3,3,0,29557,20.4899997711182,1,1,3,3,1,81.4645767211914,300.579986572266,0.0658743381500244
55,1,1,1,1,0,24200,NA,NA,NA,NA,NA,0,0,0,NA
51,1,0,3,2,0,28842,146.677429199219,0,1,3,3,1,721.260803222656,613.789978027344,0.045577347278595
51,0,1,2,1,0,23041,NA,NA,NA,NA,NA,0,0,0,NA
46,1,0,3,3,0,29092,113.077850341797,0,3,3,3,1,615.682189941406,584.130004882812,0.0358876511454582
54,1,1,2,1,0,22709,58.7387084960938,1,2,1,2,0,1453.74035644531,1211.98999023438,0.138827696442604
47,0,0,4,2,0,26424,103.589996337891,0,5,2,2,1,341.947387695312,310.279998779297,0.0520312823355198
44,1,1,4,1,0,22311,44.2999992370605,0,3,1,2,1,163.793228149414,320.950012207031,0.157199114561081
43,1,0,4,2,0,27355,42.7099990844727,0,3,1,1,1,145.879592895508,279.980010986328,0.190820917487144
42,0,1,3,1,0,20590,70.0100021362305,0,2,2,1,1,296.093688964844,333.130004882812,0.0228995438665152
45,1,1,2,1,0,24240,88.1985778808594,0,1,2,2,0,838.057922363281,704.960021972656,0.0173819325864315
51,1,0,4,2,0,28124,39.3800010681152,1,1,1,1,1,124.403495788574,162.940002441406,0.235286056995392
50,1,1,4,1,0,22044,24.3519420623779,1,5,1,2,1,1072.97705078125,1023.65002441406,0.186453565955162
31,1,0,4,2,0,28222,88.9700012207031,0,4,2,1,1,312.773071289062,356.290008544922,0.0426759906113148
48,1,1,4,1,0,20655,63.2699890136719,0,4,2,1,1,409.911437988281,487.429992675781,0.0399253256618977
45,1,0,4,2,0,27624,44.5499992370605,0,5,1,1,1,154.870742797852,202.729995727539,0.198625653982162
47,0,0,2,3,0,29358,NA,NA,NA,NA,NA,0,0,0,NA
52,1,1,1,1,0,20091,77.0599975585938,0,1,1,1,0,335.196929931641,314.579986572266,0.0974532663822174
56,0,0,1,3,0,29613,48.7900009155273,1,1,1,2,0,182.698715209961,258.059997558594,0.151580318808556
44,1,1,4,1,0,20410,37.1800003051758,0,3,1,1,1,142.048858642578,190.690002441406,0.157199114561081
49,0,1,4,1,0,20867,97.9899978637695,0,1,2,3,1,340.035095214844,330.820007324219,0.0419671684503555
46,1,0,4,2,0,26665,40.2400016784668,0,5,2,2,1,155.799758911133,272.910003662109,0.0499447137117386
47,1,1,1,1,0,25044,79.1699981689453,0,2,2,3,0,380.064086914062,454.399993896484,0.0129278525710106
54,0,1,3,1,0,26117,104.620002746582,0,4,2,1,1,365.499603271484,341.570007324219,0.0402964502573013
43,0,1,4,1,0,20675,42.2900009155273,0,3,1,1,1,150.00048828125,229.550003051758,0.15439061820507
46,1,1,1,1,0,25242,46.5900001525879,0,1,2,2,0,231.194305419922,252.820007324219,0.0123294442892075
39,0,1,1,1,0,22001,86.629997253418,0,1,1,3,0,410.894317626953,412.980010986328,0.0653587579727173
53,1,1,1,1,0,25148,72.4323196411133,0,2,2,3,0,518.67578125,634.460021972656,0.0186080075800419
51,1,1,2,1,0,23053,62.0099983215332,0,2,3,3,0,275.295501708984,256.209991455078,0.0235107559710741
54,1,0,4,2,0,26265,74.2300033569336,0,3,2,2,1,219.303497314453,254.270004272461,0.0732403099536896
47,0,0,2,2,0,28484,76.0669250488281,0,2,1,2,0,430.301330566406,454.809997558594,0.132532343268394
54,0,1,4,1,0,25799,40.3199996948242,1,2,1,1,1,121.871780395508,174.070007324219,0.217852309346199
51,0,1,2,1,0,22021,87.8099975585938,0,1,2,2,0,356.521759033203,360.420013427734,0.0235990229994059
49,0,1,1,1,0,24000,109.160003662109,0,1,3,3,0,498.9287109375,501.910003662109,0.0144399981945753
47,0,1,1,1,0,21024,27.0200004577637,1,1,3,3,0,133.017608642578,212.309997558594,0.0129808392375708
45,1,1,4,1,0,24431,48.9000015258789,0,3,3,3,1,191.454727172852,206.130004882812,0.0354161076247692
46,1,1,1,1,0,21242,30.4899997711182,1,1,1,1,0,162.988006591797,211.880004882812,0.0761880278587341
49,1,0,1,3,0,29271,65.51611328125,0,1,3,3,0,1256.47705078125,1112.16003417969,0.0204229671508074
42,1,0,4,2,0,28109,23.6000003814697,1,5,2,3,1,96.5813446044922,199.309997558594,0.0443721227347851
37,1,0,1,2,0,27054,60.7799987792969,0,2,1,2,0,280.310119628906,267.790008544922,0.084300696849823
30,1,0,4,2,0,27875,61.4000015258789,0,4,1,2,1,221.111480712891,368.730010986328,0.184965893626213
51,1,0,4,2,0,26899,54.2700004577637,0,4,1,1,1,173.792114257812,280.559997558594,0.235286056995392
53,1,1,2,1,0,22530,100.534812927246,0,1,2,2,0,1024.07360839844,901.960021972656,0.0267345290631056
53,1,1,4,1,0,23737,42.7799987792969,1,1,1,1,1,140.157470703125,180.929992675781,0.208668306469917
51,1,1,1,1,0,23681,20.0100002288818,1,1,2,2,0,111.325958251953,164.559997558594,0.0162429753690958
54,1,0,3,2,0,27830,110.75,0,3,2,3,1,356.540924072266,386.209991455078,0.0543185956776142
NA,1,1,3,1,0,23428,46.6800003051758,1,1,3,3,1,192.286849975586,284.519989013672,0.0303501505404711
40,1,0,4,2,0,26600,70.0599975585938,0,4,2,3,1,252.220458984375,285.890014648438,0.0426801256835461
46,1,0,1,2,0,28232,156.105331420898,0,3,2,2,0,759.42138671875,676.690002441406,0.0177674517035484
38,1,1,1,1,0,23344,93.4199981689453,0,1,1,1,0,451.322143554688,494.829986572266,0.0645236372947693
42,0,1,2,1,0,24671,47.3899993896484,0,1,1,2,0,204.767211914062,332.730010986328,0.0911023318767548
49,1,1,4,1,0,24650,40.8199996948242,1,1,2,2,1,164.705154418945,193.910003662109,0.0418251156806946
49,1,1,1,1,0,21124,96.8600006103516,0,1,3,3,0,448.906951904297,483,0.0143819181248546
47,0,1,2,1,0,20457,42.2210845947266,0,4,1,1,0,773.800720214844,719,0.104015998542309
NA,1,0,1,3,0,29776,94.2146148681641,0,1,3,2,0,806.453796386719,739.640014648438,0.0303501505404711
44,1,1,1,1,0,20674,43.75,0,1,3,3,0,217.791961669922,202.520004272461,0.0113522093743086
49,0,1,3,1,0,25609,40.310001373291,1,3,2,3,1,162.840881347656,206.460006713867,0.0300149396061897
52,1,1,1,1,0,22549,81.9899978637695,0,1,1,NA,0,110.971458435059,0,0.0974532663822174
50,1,0,4,2,0,26399,52.4799995422363,0,4,1,1,1,162.933303833008,200.380004882812,0.227668836712837
57,1,0,4,2,0,27768,NA,NA,NA,NA,NA,1,0,0,NA
53,0,0,4,2,0,27536,78.25,0,3,1,NA,1,42.1978073120117,0,0.253035575151443
43,1,1,3,1,0,25325,110.699996948242,0,4,1,1,1,444.495025634766,434.709991455078,0.120670042932034
38,1,1,4,1,0,25548,48.0299987792969,0,1,1,1,1,186.007354736328,275.640014648438,0.144333705306053
35,1,1,4,1,0,20870,42.9900016784668,0,3,1,2,1,175.034194946289,206.960006713867,0.143197506666183
NA,NA,1,1,1,0,22743,121.112640380859,0,1,2,3,0,768.634216308594,667.909973144531,0.0303501505404711
39,1,1,1,1,0,23389,91.8499984741211,0,2,1,1,0,449.554748535156,451.690002441406,0.0651568323373795
49,1,1,3,1,0,21690,90.4700012207031,0,1,3,3,1,350.6572265625,404.570007324219,0.0299070440232754
34,1,1,4,1,0,24410,42.8699989318848,0,5,1,3,1,170.474578857422,212.839996337891,0.143573269248009
56,1,1,2,1,0,25977,NA,NA,NA,NA,NA,0,0,0,NA
52,1,0,3,3,0,29374,80.4599990844727,0,3,1,1,1,275.037902832031,357.959991455078,0.197652563452721
43,1,0,2,3,0,29448,73.1625823974609,0,1,3,3,0,874.066345214844,788.109985351562,0.0228683426976204
60,1,1,4,1,0,23240,80.1100006103516,1,3,2,2,1,229.206481933594,315.679992675781,0.0835462957620621
43,0,1,1,1,0,21653,84.4745941162109,0,1,1,1,0,522.510192871094,479.040008544922,0.0701596885919571
51,1,1,4,1,0,25359,53.4099998474121,0,4,2,2,1,190.654449462891,309.679992675781,0.0463271252810955
53,1,1,4,1,0,21442,NA,NA,NA,NA,NA,1,0,0,NA
43,0,0,1,2,0,26932,129.994430541992,0,2,1,1,0,880.586791992188,794.869995117188,0.0917414203286171
46,0,0,3,3,0,29759,86.0299987792969,0,1,3,3,1,311.313903808594,372.5,0.0360130555927753
50,1,1,2,1,0,22735,84.4100036621094,0,1,3,3,0,357.967407226562,371.649993896484,0.0221572518348694
54,1,1,2,1,0,21760,32.5400009155273,0,2,1,NA,0,27.8902187347412,0,0.138827696442604
37,0,1,2,1,0,20085,84.9499969482422,0,2,1,1,0,380.900268554688,449.839996337891,0.0857584252953529
45,0,0,4,2,0,28870,47.689998626709,0,1,3,3,1,165.631484985352,279.630004882812,0.0484100952744484
40,1,1,4,1,0,24729,36.2360801696777,0,3,1,1,1,431.485198974609,417.5,0.147002473473549
47,1,1,3,1,0,24686,67.6800003051758,0,2,3,3,1,277.531585693359,335.369995117188,0.0271882247179747
39,1,1,1,1,0,22937,57.3172302246094,0,1,2,2,0,571.73681640625,512.929992675781,0.00994591135531664
51,1,0,1,3,0,29074,105.610000610352,0,1,1,1,0,431.344543457031,422.799987792969,0.118752516806126
49,1,0,3,2,0,27123,53.6924705505371,0,1,2,2,1,482.794525146484,528.010009765625,0.0411347970366478
56,1,1,3,1,0,25285,63.3850326538086,1,1,2,2,1,1267.73303222656,1074.58996582031,0.0461049638688564
51,1,0,4,2,0,27214,95.620002746582,0,1,1,3,1,287.881591796875,366.309997558594,0.235286056995392
50,0,0,4,2,0,27695,65.8300018310547,0,1,1,3,1,197.403472900391,267.239990234375,0.228148460388184
43,1,0,3,3,0,29249,42.5699996948242,0,1,1,1,1,167.008255004883,251.220001220703,0.15149886906147
44,1,1,1,1,0,20253,78.5199966430664,0,1,1,NA,0,74.5505294799805,0,0.0717533752322197
48,0,1,1,1,0,22919,24.5400009155273,1,1,1,3,0,107.525909423828,178.440002441406,0.0820718258619308
43,1,1,1,1,0,25762,101.379997253418,0,2,1,1,0,483.459533691406,483.619995117188,0.0699463859200478
57,1,0,3,2,0,28772,NA,NA,NA,NA,NA,1,0,0,NA
50,1,1,2,1,0,23812,NA,NA,NA,NA,NA,0,0,0,NA
55,1,0,4,2,0,28394,45.7700004577637,1,5,1,2,1,135.681640625,132.960006713867,0.27262356877327
52,1,0,4,2,0,28888,25.3899993896484,1,3,3,3,1,87.9552917480469,86.7399978637695,0.0654705762863159
41,0,0,4,2,0,27190,45.8300018310547,0,1,2,3,1,157.472946166992,230.490005493164,0.043589148670435
45,1,0,3,2,0,26930,81.3199996948242,0,3,3,3,1,314.822631835938,302.829986572266,0.0348134785890579
57,1,0,4,2,0,26755,NA,NA,NA,NA,NA,1,0,0,NA
44,1,1,4,1,0,24688,30.3500003814697,0,1,2,3,1,133.085159301758,181.910003662109,0.0342614911496639
45,0,1,4,1,0,20621,53.1800003051758,0,4,3,3,1,200.444885253906,203.179992675781,0.035540159791708
42,1,1,4,1,0,20029,86.4400024414062,0,5,1,1,1,334.925964355469,381.600006103516,0.151261359453201
52,1,1,1,1,0,25556,47.6100006103516,1,1,2,2,0,220.43017578125,351.140014648438,0.017355402931571
48,1,0,1,3,0,29692,42.3199996948242,1,1,3,3,0,194.38752746582,210.309997558594,0.0193785913288593
46,1,1,2,1,0,22799,75.6699981689453,0,1,3,NA,0,66.3823623657227,0,0.0181107763200998
51,1,1,3,1,0,22399,103.650001525879,0,1,1,1,1,379.355041503906,443.089996337891,0.15426367521286
44,1,0,3,3,0,29588,43.0499992370605,0,3,2,2,1,175.972503662109,293.299987792969,0.0334602333605289
47,0,1,4,1,0,22910,69.1100006103516,0,4,1,1,1,234.512008666992,303.420013427734,0.169928267598152
50,1,1,1,1,0,20628,62.0499992370605,0,1,1,NA,0,150.459716796875,0,0.0888515189290047
62,1,0,3,2,0,27460,65.5299987792969,0,1,1,NA,1,32.2043571472168,0,0.312461704015732
43,1,1,3,1,0,20535,30.8799991607666,0,3,1,1,1,125.423461914062,145.039993286133,0.120670042932034
34,1,1,2,1,0,22830,123.762893676758,0,1,2,2,0,595.661376953125,552.489990234375,0.0144640561193228
46,1,0,1,2,0,28190,88.5500030517578,0,2,1,3,0,386.972412109375,390.079986572266,0.0991005152463913
46,1,1,1,1,0,24755,69.7380905151367,0,1,3,3,0,969.089721679688,841.099975585938,0.0123294442892075
42,1,1,4,1,0,23018,28.9400005340576,0,3,2,2,1,132.077377319336,199.210006713867,0.0324058644473553
47,1,1,3,1,0,22015,96.629997253418,0,3,1,2,1,374.505004882812,368.709991455078,0.133864060044289
56,1,0,4,2,0,27641,76.9400024414062,0,3,1,NA,1,40.8487777709961,0,0.28380686044693
51,0,1,3,1,0,22978,131.742416381836,0,3,1,1,1,440.869323730469,436.140014648438,0.154641062021255
36,1,0,1,2,0,26324,41.6300010681152,0,1,3,3,0,198.816589355469,236.809997558594,0.0141213377937675
44,1,0,4,2,0,27280,100.849998474121,0,5,2,2,1,345.284973144531,392.850006103516,0.0467656888067722
43,0,0,2,2,0,27770,65.7399978637695,0,1,3,2,0,270.109954833984,328.059997558594,0.0231115520000458
47,0,0,3,2,0,27016,67.1699981689453,0,2,3,3,1,240.934417724609,236.240005493164,0.0377230644226074
60,0,1,3,1,0,21361,27.2800006866455,1,3,1,NA,1,14.4435863494873,0,0.236756101250648
39,1,1,3,1,0,20073,41.9599990844727,0,2,1,1,1,175.891098022461,232.509994506836,0.113462187349796
44,1,1,3,1,0,24596,558.950012207031,0,1,3,3,1,230.687911987305,317.420013427734,0.0242007970809937
54,1,0,2,2,0,28168,81.1222534179688,0,1,3,3,0,1154.39562988281,989.099975585938,0.0394911207258701
53,0,1,4,1,0,25210,82.8899993896484,0,2,3,3,1,274.592376708984,255.25,0.0520835295319557
54,1,1,3,1,0,21612,52.8899993896484,1,4,3,3,1,203.047302246094,259.730010986328,0.0401590019464493
53,1,1,2,1,0,21658,74.999153137207,0,1,3,3,0,519.006164550781,513.510009765625,0.0267345290631056
42,1,1,1,1,0,22992,39.1800003051758,0,1,2,3,0,203.333984375,309.429992675781,0.0106288930401206
53,1,0,1,2,0,28758,35.4599990844727,1,1,1,1,0,150.087203979492,208.080001831055,0.130639046430588
46,1,1,1,1,0,25758,91.5299987792969,0,1,2,3,0,447.744049072266,399.5,0.0123294442892075
47,1,0,4,2,0,27625,100.930000305176,0,4,1,1,1,328.037536621094,378.350006103516,0.208527475595474
50,1,0,4,2,0,28304,105.300003051758,0,5,2,3,1,334.042877197266,416.660003662109,0.0591366998851299
48,0,1,4,1,0,24096,23.3600006103516,1,3,1,1,1,78.2326202392578,188.850006103516,0.175035938620567
48,1,1,1,1,0,20392,44.1800003051758,0,1,3,3,0,221.920913696289,299.630004882812,0.0136091280728579
59,0,0,1,2,0,28062,10.9399995803833,1,2,1,NA,0,100.473449707031,0,0.179618388414383
44,1,1,3,1,0,20716,109.360000610352,0,4,1,2,1,441.160400390625,448.769989013672,0.123368881642818
40,1,1,1,1,0,25750,119.720527648926,0,1,1,1,0,709.872192382812,619.650024414062,0.0660083815455437
42,1,1,4,1,0,20112,20.2600002288818,1,3,1,1,1,79.9896087646484,112.069999694824,0.151261359453201
46,1,0,3,2,0,28425,71.0199966430664,0,1,1,2,1,255.606735229492,341.320007324219,0.16301366686821
47,1,1,1,1,0,23740,43.060001373291,0,2,2,2,0,214.882217407227,240.179992675781,0.0129278525710106
47,1,1,4,1,0,20639,47.867301940918,0,3,1,3,1,592.113220214844,555.880004882812,0.169526964426041
54,0,0,4,2,0,26978,45.0099983215332,1,4,1,2,1,115.461318969727,137.220001220703,0.262723386287689
45,1,1,4,1,0,20659,52.8015747070312,0,3,2,3,1,881.098083496094,816.419982910156,0.0354161076247692
53,1,0,1,2,0,28793,15.2600002288818,1,1,1,NA,0,13.5583038330078,0,0.130639046430588
54,0,1,2,1,0,26132,NA,NA,NA,NA,NA,0,0,0,NA
46,0,1,2,1,0,24833,NA,NA,NA,NA,NA,0,0,0,NA
45,1,1,1,1,0,21071,29.7700004577637,0,1,1,NA,0,28.5597286224365,0,0.0738287270069122
44,1,0,4,2,0,28658,23.4899997711182,1,5,3,3,1,103.500602722168,157.960006713867,0.0467656888067722
41,1,1,1,1,0,24940,94.7300033569336,0,1,3,3,0,462.274047851562,493.459991455078,0.0103509724140167
64,1,1,1,1,0,20049,90.7600021362305,1,1,1,2,0,307.022430419922,318.559997558594,0.198698878288269
53,1,1,1,1,0,23957,97.0071716308594,0,1,2,2,0,491.919708251953,476.130004882812,0.0186080075800419
49,1,1,1,1,0,23880,28.9200000762939,1,1,2,2,0,145.237533569336,249.410003662109,0.0143819181248546
48,1,0,4,2,0,27156,83.1800003051758,0,5,1,NA,1,52.1495361328125,0,0.214313834905624
53,1,0,4,2,0,27658,114.825630187988,0,1,3,3,1,440.613372802734,517.559997558594,0.0691606625914574
48,1,1,4,1,0,24662,NA,NA,NA,NA,NA,1,0,0,NA
40,0,1,4,1,0,21133,24.9099998474121,0,1,2,3,1,108.766891479492,148.289993286133,0.0312097109854221
43,0,1,2,1,0,24076,26.5599994659424,1,1,2,2,0,126.283226013184,221.929992675781,0.0162646491080523
49,1,1,2,1,0,20777,65.629997253418,0,3,1,1,0,282.584381103516,354.779998779297,0.111437477171421
44,1,0,4,2,0,27606,50.560001373291,0,3,2,2,1,178.078460693359,304.329986572266,0.0467656888067722
57,1,1,1,1,0,24368,82.1100006103516,0,1,2,2,0,340.291351318359,381.049987792969,0.025385744869709
45,1,1,3,1,0,22663,42.8699989318848,0,3,1,1,1,176.185821533203,282.980010986328,0.126455187797546
42,1,1,1,1,0,21637,490.019989013672,0,1,2,2,0,241.370513916016,246.880004882812,0.0106288930401206
53,1,1,4,1,0,22320,68.9599990844727,0,3,1,2,1,228.094680786133,344.720001220703,0.208668306469917
40,0,1,1,1,0,22011,135.387145996094,0,1,2,2,0,1004.98382568359,956.580017089844,0.0101670669391751
53,1,0,4,2,0,27242,40.5699996948242,1,5,1,1,1,119.03010559082,210.050003051758,0.252528101205826
39,1,0,3,2,0,27007,77.5100021362305,0,1,1,3,1,304.685760498047,281.109985351562,0.143704161047935
54,0,1,4,1,0,22046,48.3600006103516,1,4,2,2,1,157.884384155273,242.039993286133,0.0553580150008202
50,1,1,4,1,0,23980,35.1500015258789,1,1,2,3,1,131.480712890625,161.089996337891,0.0439522080123425
49,1,1,1,1,0,23391,128.098541259766,0,3,1,1,0,924.432312011719,775.320007324219,0.0851575210690498
51,1,0,3,2,0,26696,57.4700012207031,0,1,3,2,1,207.587509155273,378.320007324219,0.045577347278595
49,1,1,4,1,0,20469,48.5499992370605,0,5,1,2,1,178.789428710938,300.549987792969,0.180260613560677
52,1,0,3,2,0,28825,84.9100036621094,0,1,2,3,1,292.719085693359,269.579986572266,0.0481888316571712
56,0,1,2,1,0,24120,59.189998626709,1,1,1,2,0,211.151092529297,319.779998779297,0.154095888137817
49,0,1,4,1,0,24250,73.9800033569336,0,4,1,1,1,254.688568115234,304.619995117188,0.180677890777588
54,1,1,1,1,0,22899,35.2000007629395,1,2,1,1,0,162.953750610352,237.589996337891,0.107881277799606
47,1,1,1,1,0,21425,55.5699996948242,0,1,2,3,0,272.821533203125,404.220001220703,0.0129278525710106
40,1,1,4,1,0,24328,21.1800003051758,0,2,1,3,1,102.391830444336,206.369995117188,0.147002473473549
49,1,1,3,1,0,20791,644.400024414062,0,1,2,3,1,250.591537475586,361.440002441406,0.0299070440232754
43,1,0,3,2,0,28733,104.550003051758,0,1,2,2,1,399.475158691406,499.730010986328,0.0326890014111996
55,0,1,4,1,0,20921,52.9700012207031,1,5,2,2,1,163.619964599609,252.460006713867,0.0589885525405407
52,1,1,2,1,0,24288,81.9400024414062,0,1,1,2,0,335.553741455078,303.029998779297,0.126327008008957
34,1,1,2,1,0,24236,46.189998626709,0,1,2,3,0,236.771438598633,315.760009765625,0.0144640561193228
44,1,0,3,3,0,29735,100.580001831055,0,3,1,1,1,378.756988525391,352.339996337891,0.154650017619133
63,1,0,4,2,0,28088,79.4199981689453,0,5,1,NA,1,31.868143081665,0,0.385288536548615
51,1,0,4,2,0,27607,21.5400009155273,1,2,2,2,1,74.2411499023438,112.660003662109,0.0621387623250484
45,1,0,3,3,0,29713,132.118270874023,0,3,2,2,1,417.801971435547,417.589996337891,0.0345926955342293
44,1,1,1,1,0,21662,40,0,2,1,2,0,197.138656616211,214.669998168945,0.0717533752322197
45,1,1,1,1,0,21992,103.610000610352,0,1,1,3,0,491.482635498047,531.320007324219,0.0738287270069122
39,0,1,4,1,0,21977,41.3600006103516,0,5,3,3,1,155.998336791992,294.709991455078,0.0307436883449554
44,1,1,1,1,0,24053,84.379997253418,0,1,3,3,0,410.780334472656,435.630004882812,0.0113522093743086
49,0,0,4,2,0,27137,NA,NA,NA,NA,NA,1,0,0,NA
38,1,1,1,1,0,25839,26.1299991607666,0,2,1,1,0,144.226470947266,202.559997558594,0.0645236372947693
64,0,0,4,2,0,26921,30.4099998474121,1,1,1,NA,1,9.6962947845459,0,0.403857409954071
35,0,1,3,1,0,25461,84.0299987792969,0,2,1,1,1,348.385467529297,408.059997558594,0.1118498519063
51,1,1,2,1,0,25535,49.9000015258789,1,1,3,3,0,215.633941650391,207.759994506836,0.0235107559710741
56,1,0,3,3,0,29541,101.627075195312,0,3,1,1,1,344.537780761719,345.040008544922,0.233698695898056
47,1,1,1,1,0,22915,74.0899963378906,0,1,1,1,0,350.484588623047,364.489990234375,0.0788489952683449
50,1,1,2,1,0,23798,23.7800006866455,1,1,2,2,0,118.188758850098,204.759994506836,0.0221572518348694
47,0,1,3,1,0,24998,49.8800010681152,0,2,1,1,1,184.620986938477,251.770004272461,0.134207084774971
48,1,0,3,3,0,28999,101.524215698242,0,1,3,3,1,440.199310302734,406.559997558594,0.039016991853714
49,1,1,4,1,0,24690,101.209999084473,0,2,3,3,1,365.298400878906,457.609985351562,0.0418251156806946
47,1,0,1,2,0,28912,41.7200012207031,0,1,2,2,0,191.861312866211,246.029998779297,0.0185856781899929
49,1,0,3,3,0,29280,49.5999984741211,0,3,2,2,1,185.163726806641,311.190002441406,0.0408817790448666
60,1,0,3,2,0,28478,40.8199996948242,1,2,1,2,1,111.635772705078,290.470001220703,0.283028334379196
38,1,1,2,1,0,21889,70.6900024414062,0,1,3,3,0,338.097320556641,377.640014648438,0.0145875625312328
42,1,0,4,2,0,26479,54.0400009155273,0,4,1,2,1,190.767807006836,235.059997558594,0.187662392854691
48,1,1,4,1,0,21178,21.8899993896484,1,3,1,1,1,90.6506195068359,169.720001220703,0.174626991152763
42,1,1,1,1,0,22283,82.7300033569336,0,1,2,2,0,400.816192626953,440.260009765625,0.0106288930401206
45,1,1,3,1,0,25443,111.830001831055,0,3,1,1,1,441.777069091797,439.760009765625,0.126455187797546
37,0,0,3,2,0,27462,400.100006103516,0,1,1,1,1,139.802185058594,177.330001831055,0.142179697751999
50,1,0,3,3,0,29705,85.9468688964844,0,1,3,3,1,707.420837402344,722.25,0.0429701656103134
42,1,1,2,1,0,21208,38.3899993896484,0,1,1,3,0,172.758224487305,204.199996948242,0.0908424407243729
54,1,0,3,2,0,27935,49.0499992370605,1,1,1,2,1,154.796432495117,189.520004272461,0.2151048630476
44,1,1,3,1,0,20900,41.0800018310547,0,1,1,1,1,181.91764831543,259.220001220703,0.123368881642818
53,1,1,4,1,0,20326,NA,NA,NA,NA,NA,1,0,0,NA
36,0,1,1,1,0,22282,87.3289947509766,0,1,2,2,0,955.232055664062,832.789978027344,0.00972462352365255
50,1,1,1,1,0,25539,87.7900009155273,0,3,2,3,0,398.929260253906,398.760009765625,0.0152560928836465
48,1,1,4,1,0,22396,68.1500015258789,0,3,2,NA,1,113.604553222656,0,0.0399253256618977
41,1,1,4,1,0,20014,38.2200012207031,0,2,1,2,1,154.498016357422,198.710006713867,0.148928374052048
51,1,0,3,2,0,27519,41.4599990844727,1,3,1,1,1,142.675079345703,167.139999389648,0.191107615828514
60,1,1,1,1,0,24114,NA,NA,NA,NA,NA,0,0,0,NA
NA,NA,0,4,2,0,26279,53.1100006103516,0,3,1,1,1,203.199111938477,249.660003662109,0.144536748528481
28,1,1,2,1,0,22803,29.3600006103516,0,1,2,2,0,147.397903442383,220.910003662109,0.0161972288042307
40,0,0,3,3,0,29247,52.8899993896484,0,3,1,1,1,197.506042480469,354.160003662109,0.144926428794861
47,1,1,1,1,0,22417,56.2992782592773,0,1,2,3,0,926.511169433594,966.349975585938,0.0129278525710106
33,1,0,3,2,0,26361,89.5100021362305,0,1,1,1,1,348.916687011719,377.809997558594,0.142567917704582
58,1,0,1,2,0,27296,123.937217712402,0,1,3,3,0,436.396362304688,406.480010986328,0.038176491856575
38,1,1,1,1,0,26080,109.069999694824,0,1,2,3,0,542.777099609375,521.710021972656,0.00981395877897739
36,1,0,4,2,0,26893,57.2099990844727,0,3,1,2,1,201.015060424805,208.850006103516,0.178378254175186
38,1,1,2,1,0,21149,48.1599998474121,0,1,2,2,0,231.318817138672,319.369995117188,0.0145875625312328
41,1,1,4,1,0,22725,134.603317260742,0,3,2,2,1,788.939270019531,792.460021972656,0.0316871404647827
41,1,1,4,1,0,20237,52.3400001525879,0,4,1,1,1,199.21369934082,229.759994506836,0.148928374052048
40,1,0,4,2,0,26282,78.1600036621094,0,1,1,1,1,273.175567626953,272.299987792969,0.182764127850533
56,1,0,2,2,0,26923,86.5699996948242,0,1,3,3,0,301.675231933594,322.290008544922,0.0453580841422081
42,0,0,3,2,0,26449,80.0400009155273,0,1,1,2,1,294.691284179688,285.140014648438,0.149814546108246
50,0,1,3,1,0,20979,108,0,2,3,3,1,403.147705078125,405.679992675781,0.0316383093595505
52,1,1,3,1,0,22199,46.310001373291,0,3,1,NA,1,34.9107360839844,0,0.160683274269104
36,0,0,1,3,0,29296,145.923141479492,0,1,3,3,0,965.698425292969,828.260009765625,0.0140750277787447
49,1,0,3,2,0,28790,46.5200004577637,0,1,2,NA,1,34.7832717895508,0,0.0411347970366478
52,1,1,2,1,0,23620,97.9499969482422,0,1,3,3,0,404.648651123047,470.489990234375,0.0250304825603962
54,1,1,3,1,0,23221,97.0500030517578,0,1,3,3,1,347.645141601562,397.279998779297,0.0401590019464493
35,1,1,1,1,0,20662,245.855255126953,0,1,1,1,0,998.581237792969,950.97998046875,0.0638939663767815
47,1,0,4,2,0,26514,99.8696823120117,0,4,1,1,1,643.63720703125,684.010009765625,0.208527475595474
59,1,1,3,1,0,25377,103.680000305176,0,1,2,3,1,337.571411132812,367.899993896484,0.0577584616839886
40,1,1,4,1,0,23942,NA,NA,NA,NA,NA,1,0,0,NA
47,0,1,4,1,0,23386,49.5800018310547,0,3,1,2,1,171.466354370117,184.949996948242,0.169928267598152
52,1,0,1,2,0,28882,16.9899997711182,1,1,1,NA,0,15.0465440750122,0,0.124721169471741
42,1,1,2,1,0,24026,71.9899978637695,0,1,1,NA,0,64.6032257080078,0,0.0908424407243729
43,1,0,4,2,0,26205,40.8899993896484,0,4,2,3,1,153.64176940918,229.179992675781,0.0454765781760216
48,1,1,1,1,0,21451,65.3099975585938,0,1,1,1,0,306.755828857422,292.559997558594,0.0818314552307129
52,1,1,3,1,0,20190,128.063766479492,0,1,2,3,1,475.2333984375,502.679992675781,0.0353679284453392
45,1,1,1,1,0,22795,96.2799987792969,0,1,3,3,0,469.603088378906,415.149993896484,0.0118063986301422
54,1,1,3,1,0,21907,74.620002746582,0,2,2,2,1,273.289764404297,303.589996337891,0.0401590019464493
43,1,1,4,1,0,20814,170.543899536133,0,5,3,3,1,463.040100097656,515,0.0332612656056881
50,1,0,1,2,0,28943,82.9400024414062,0,1,2,2,0,348.009796142578,337.640014648438,0.0217497479170561
40,1,1,3,1,0,20775,76.4400024414062,0,2,1,2,1,313.173400878906,356.799987792969,0.114749625325203
44,1,1,2,1,0,23454,26.4400005340576,1,1,1,1,0,135.720031738281,212.880004882812,0.0949993953108788
45,1,1,1,1,0,21059,87.9899978637695,0,1,2,2,0,431.951171875,432.399993896484,0.0118063986301422
34,1,0,2,3,0,29393,30.6900005340576,0,1,3,2,0,141.771713256836,176.5,0.0205337852239609
49,1,0,4,2,0,27637,40.6835708618164,1,5,1,3,1,352.907562255859,399.040008544922,0.220686390995979
56,0,1,4,1,0,23635,119.666442871094,0,2,1,1,1,403.007476806641,515.900024414062,0.237466156482697
55,1,0,3,2,0,27142,66.2900009155273,1,1,1,1,1,206.252517700195,274.839996337891,0.224473759531975
NA,NA,0,1,3,0,29670,109.599998474121,0,1,1,1,0,414.659484863281,445.640014648438,0.144536748528481
44,0,0,3,3,0,29270,95.2900009155273,0,3,1,2,1,340.775909423828,358.269989013672,0.155028089880943
45,1,1,4,1,0,21087,107.4248046875,0,4,2,3,1,447.599304199219,443.059997558594,0.0354161076247692
47,1,0,4,2,0,26986,40.5800018310547,0,5,1,1,1,137.076019287109,210.339996337891,0.208527475595474
52,0,0,3,3,0,29558,44.3300018310547,1,1,1,2,1,137.996246337891,157.580001831055,0.198094204068184
50,1,0,1,2,0,28497,44.5299987792969,1,3,2,2,0,199.469741821289,236.429992675781,0.0217497479170561
37,1,1,1,1,0,24126,89.9114303588867,0,2,1,2,0,607.809692382812,533.950012207031,0.0641039609909058
50,1,1,1,1,0,20020,53.3300018310547,0,1,1,NA,0,158.070678710938,0,0.0888515189290047
56,1,1,2,1,0,25540,61.4300003051758,0,1,1,NA,0,45.6611785888672,0,0.153719335794449
38,1,0,4,2,0,28340,34.3300018310547,0,5,1,NA,1,24.0555152893066,0,0.179688066244125
54,1,0,4,2,0,28759,39.7999992370605,0,5,1,NA,1,49.0123634338379,0,0.262205898761749
51,1,1,1,1,0,21265,26.9300003051758,0,1,1,NA,0,24.7890682220459,0,0.0929403752088547
48,1,1,1,1,0,25414,48.0499992370605,0,3,3,3,0,237.779891967773,357.920013427734,0.0136091280728579
37,1,1,3,1,0,22587,129.861480712891,0,4,3,3,1,879.044677734375,842.650024414062,0.0210679080337286
51,1,1,4,1,0,24266,26.2700004577637,0,3,2,NA,1,20.486047744751,0,0.0463271252810955
51,0,1,1,1,0,25722,80.0199966430664,0,1,1,NA,0,69.7124481201172,0,0.0932046547532082
43,1,1,2,1,0,21834,75.0851440429688,0,1,1,2,0,835.3193359375,842.72998046875,0.0927653014659882
50,1,1,3,1,0,25156,40.7799987792969,1,1,1,2,1,156.665283203125,186.169998168945,0.148401319980621
53,1,1,2,1,0,21262,129.054428100586,0,1,2,2,0,600.8681640625,601.969970703125,0.0267345290631056
54,1,1,2,1,0,24885,NA,NA,NA,NA,NA,0,0,0,NA
50,1,1,4,1,0,24432,102.220001220703,0,5,1,1,1,342.170532226562,411.730010986328,0.186453565955162
59,1,1,1,1,0,20540,49.9799995422363,1,2,2,1,0,211.118576049805,231.039993286133,0.0301619172096252
38,1,0,3,3,0,29351,243.454315185547,0,3,1,3,1,772.952697753906,820.169982910156,0.14192621409893
50,1,1,3,1,0,23993,92.0199966430664,0,3,3,3,1,354.826904296875,385.209991455078,0.0315255858004093
58,1,0,3,2,0,26570,28.9600963592529,1,1,2,1,1,503.694946289062,441.019989013672,0.0710923299193382
42,1,1,4,1,0,25735,42.25,0,2,2,3,1,168.296524047852,291.329986572266,0.0324058644473553
46,1,0,3,3,0,29808,40.9700012207031,0,1,1,1,1,152.711471557617,186.940002441406,0.162305951118469
51,1,0,3,3,0,29802,76.7600021362305,0,3,1,3,1,258.531005859375,293.230010986328,0.190324991941452
44,0,0,2,2,0,27319,89.7900009155273,0,1,3,3,0,369.689514160156,579.169982910156,0.0238508675247431
39,1,0,4,2,0,27871,101.879997253418,0,3,1,1,1,350.207397460938,316.170013427734,0.181002601981163
44,1,0,2,2,0,28084,127.509307861328,0,2,1,2,0,484.071533203125,434.730010986328,0.121789537370205
44,1,1,4,1,0,21195,46.439998626709,0,3,1,3,1,170.540435791016,212.850006103516,0.157199114561081
48,1,0,4,2,0,27801,41.689998626709,1,5,2,2,1,145.323486328125,159.630004882812,0.0540208071470261
54,1,0,3,2,0,26705,138.58056640625,0,1,1,1,1,439.962585449219,437.260009765625,0.2151048630476
49,1,1,4,1,0,24600,48.1699981689453,0,3,3,3,1,179.763824462891,196.789993286133,0.0418251156806946
57,1,0,3,2,0,27804,NA,NA,NA,NA,NA,1,0,0,NA
39,0,1,3,1,0,20940,74.2099990844727,0,2,1,1,1,309.237915039062,414.589996337891,0.113767713308334
54,0,1,4,1,0,25964,44.4799995422363,1,3,2,3,1,141.736831665039,230.639999389648,0.0553580150008202
42,1,0,4,2,0,26876,54.7700004577637,0,5,1,2,1,194.468185424805,249.179992675781,0.187662392854691
37,1,1,3,1,0,21610,36.1100006103516,0,2,2,3,1,167.287643432617,179.919998168945,0.0210679080337286
42,1,1,2,1,0,21697,48.8899993896484,0,1,3,3,0,231.275680541992,277.390014648438,0.0157341063022614
45,1,1,1,1,0,22931,48.2400016784668,0,1,3,3,0,262.254974365234,345.679992675781,0.0118063986301422
50,1,0,4,2,0,27128,41.2799987792969,1,5,1,3,1,132.032302856445,133.550003051758,0.227668836712837
51,1,1,3,1,0,25300,16.1599998474121,1,4,1,NA,1,13.296178817749,0,0.15426367521286
46,1,0,2,2,0,27342,29.0599994659424,1,1,2,3,0,131.809967041016,239.509994506836,0.025591840967536
55,1,0,4,2,0,27960,NA,NA,NA,NA,NA,1,0,0,NA
45,0,1,4,1,0,21671,57.2200012207031,0,1,2,2,1,215.889404296875,215.539993286133,0.035540159791708
56,0,1,4,1,0,20311,80.2600021362305,0,3,3,3,1,241.027008056641,290.549987792969,0.0630092397332191
NA,0,1,4,1,0,25974,42.1599998474121,1,3,1,1,1,156.621154785156,203.720001220703,0.144536748528481
51,1,0,3,2,0,28751,145.157928466797,0,1,2,1,1,679.699890136719,599.119995117188,0.045577347278595
56,0,1,3,1,0,22384,44.994384765625,1,2,3,3,1,445.045928955078,488.309997558594,0.0462586246430874
43,1,1,2,1,0,25702,425.75,0,1,3,3,0,194.456970214844,368.399993896484,0.0162003077566624
35,1,0,3,3,0,29180,150.277008056641,0,1,2,2,1,1044.45959472656,916.469970703125,0.0292298495769501
48,0,1,3,1,0,23512,35.8800010681152,1,2,1,1,1,135.989608764648,205.949996948242,0.138579607009888
NA,1,0,4,2,0,26582,23.3299999237061,1,5,1,NA,1,18.3069591522217,0,0.144536748528481
47,1,0,3,3,0,29643,88.5400009155273,0,1,3,3,1,330.079650878906,391.239990234375,0.0373576655983925
43,1,0,4,2,0,26834,49.9300003051758,0,5,1,1,1,170.542404174805,207.460006713867,0.190820917487144
37,1,1,1,1,0,23932,34.939998626709,0,1,1,2,0,177.343536376953,174.139999389648,0.0641039609909058
45,1,1,4,1,0,23256,47.5099983215332,0,4,2,1,1,189.186782836914,285.130004882812,0.0354161076247692
44,0,1,3,1,0,25724,41.060001373291,0,2,2,2,1,169.192855834961,188.490005493164,0.0242912359535694
47,1,1,4,1,0,23222,50.2299995422363,0,2,1,1,1,185.605590820312,273.130004882812,0.169526964426041
55,1,1,1,1,0,24982,59.5288696289062,1,1,3,3,0,516.982666015625,475.010009765625,0.0216021966189146
NA,1,1,4,1,0,22524,45.6399993896484,0,4,1,1,1,186.909332275391,231.949996948242,0.144536748528481
39,0,1,1,1,0,23534,87.7099990844727,0,1,3,3,0,420.474731445312,408.769989013672,0.00998810399323702
56,1,0,3,2,0,26646,65.2300033569336,1,2,1,1,1,198.881240844727,338.480010986328,0.234581157565117
67,1,0,4,2,0,26241,NA,NA,NA,NA,NA,1,0,0,NA
47,1,1,3,1,0,22484,95.9800033569336,0,2,2,3,1,384.254455566406,506.670013427734,0.0271882247179747
43,1,0,4,2,0,27632,63.7299995422363,0,1,1,1,1,213.388687133789,208.5,0.190820917487144
54,1,1,2,1,0,24959,NA,NA,NA,NA,NA,0,0,0,NA
51,1,1,3,1,0,24849,NA,NA,NA,NA,NA,1,0,0,NA
55,1,0,4,2,0,28082,20.3199996948242,1,1,2,NA,1,13.4643707275391,0,0.0777436718344688
46,1,0,4,2,0,28370,43.2400016784668,0,5,1,1,1,146.61589050293,289.269989013672,0.203305020928383
47,0,1,2,1,0,23134,80.5,0,1,3,3,0,362.86279296875,485.720001220703,0.0190159231424332
41,1,1,2,1,0,23283,82.870002746582,0,1,3,3,0,381.845031738281,333.549987792969,0.0153436884284019
45,0,1,1,1,0,21704,104.48999786377,0,3,1,1,0,488.630340576172,476.839996337891,0.0740510076284409
39,1,0,4,2,0,28662,58.0499992370605,0,4,1,1,1,202.983154296875,274.459991455078,0.181002601981163
44,1,1,2,1,0,23419,144.344543457031,0,1,1,2,0,555.967041015625,540.070007324219,0.0949993953108788
NA,1,0,4,2,0,26233,63.310001373291,0,3,3,3,1,249.597229003906,221.479995727539,0.0303501505404711
43,1,1,2,1,0,20844,104.730003356934,0,1,3,3,0,472.905395507812,457.429992675781,0.0162003077566624
42,1,0,1,2,0,26540,28.6700000762939,0,2,3,3,0,145.284118652344,173.570007324219,0.0154297631233931
43,1,1,4,1,0,20116,43.4700012207031,0,3,1,2,1,172.617141723633,215.970001220703,0.154013589024544
36,1,1,3,1,0,20017,59.0800018310547,0,1,1,NA,1,49.0392379760742,0,0.111549004912376
51,1,0,3,2,0,26323,67.8018112182617,0,1,2,3,1,437.884857177734,451.410003662109,0.045577347278595
NA,0,0,3,3,0,29560,88.8399963378906,0,1,2,3,1,347.448272705078,415.760009765625,0.0303501505404711
51,1,0,1,2,0,28217,32.5400009155273,0,1,1,NA,0,27.1867790222168,0,0.11932485550642
44,0,1,4,1,0,22314,61.2308197021484,0,5,1,2,1,732.416076660156,650.640014648438,0.157581269741058
47,0,1,4,1,0,20679,NA,NA,NA,NA,NA,1,0,0,NA
50,0,0,4,2,0,27992,87.9800033569336,0,3,1,1,1,262.066528320312,313.489990234375,0.228148460388184
50,1,1,4,1,0,21575,85.3499984741211,0,3,1,1,1,293.091522216797,278.940002441406,0.186453565955162
45,0,0,3,2,0,27786,64.25,0,1,1,NA,1,45.8174362182617,0,0.159327358007431
62,0,1,1,1,0,22742,NA,NA,NA,NA,NA,0,0,0,NA
60,0,1,3,1,0,21274,60.2000007629395,0,2,1,NA,1,34.4369430541992,0,0.236756101250648
40,1,0,4,2,0,26725,21.3799991607666,0,5,1,1,1,93.5536727905273,125.669998168945,0.182764127850533
46,1,0,4,2,0,28013,63.810001373291,0,5,1,1,1,211.263641357422,228.070007324219,0.203305020928383
43,1,1,1,1,0,22456,64.4899978637695,0,1,1,2,0,316.004272460938,342.339996337891,0.0699463859200478
50,1,1,1,1,0,24763,97.870002746582,0,1,1,1,0,436.652709960938,450.170013427734,0.0888515189290047
47,1,0,4,2,0,26376,87.3300018310547,0,5,1,1,1,281.695281982422,291.489990234375,0.208527475595474
52,1,1,1,1,0,23721,35.7200012207031,0,3,1,NA,0,31.9009952545166,0,0.0974532663822174
57,1,1,1,1,0,23412,NA,NA,NA,NA,NA,0,0,0,NA
49,1,1,2,1,0,23058,83.8099975585938,0,1,1,1,0,352.771545410156,451.290008544922,0.111437477171421
33,0,1,1,1,0,23023,689.669982910156,0,1,1,2,0,319.356842041016,335.380004882812,0.0647208243608475
50,1,1,3,1,0,20447,34.689998626709,0,2,1,NA,1,27.7108211517334,0,0.148401319980621
52,1,1,4,1,0,25197,NA,NA,NA,NA,NA,1,0,0,NA
56,1,1,1,1,0,23204,NA,NA,NA,NA,NA,0,0,0,NA
45,1,1,3,1,0,24727,42.3899993896484,0,2,2,2,1,185.184783935547,242.169998168945,0.025066651403904
46,1,0,4,2,0,26551,44.25,0,5,1,2,1,149.20036315918,197.770004272461,0.203305020928383
44,1,1,1,1,0,21767,97.6399993896484,0,1,1,2,0,470.079559326172,477.299987792969,0.0717533752322197
52,1,0,3,2,0,26260,100.660003662109,0,1,1,3,1,338.276794433594,400.510009765625,0.198453456163406
50,1,0,2,2,0,28114,70.9199981689453,0,1,2,3,0,282.930541992188,266.619995117188,0.0309781432151794
35,0,0,3,3,0,29108,51.0400009155273,0,3,3,2,1,194.931945800781,300.380004882812,0.029335729777813
33,0,1,3,1,0,23325,87.0699996948242,0,1,2,1,1,366.690734863281,481.209991455078,0.0213170628994703
41,1,1,1,1,0,22261,36.9364624023438,0,1,3,3,0,679.845397949219,689.5,0.0103509724140167
31,1,0,3,2,0,28989,97.370002746582,0,2,1,3,1,363.599670410156,347.119995117188,0.145210102200508
49,1,0,4,2,0,28876,52.3800010681152,0,5,2,3,1,177.427444458008,249.020004272461,0.0564385242760181
44,1,1,1,1,0,25862,85.4899978637695,0,3,2,3,0,417.441955566406,437.690002441406,0.0113522093743086
57,1,1,2,1,0,21624,36.7599983215332,1,1,3,3,0,150.219314575195,223.25,0.0358409658074379
37,1,1,2,1,0,22809,97.9100036621094,0,1,3,3,0,451.466766357422,458.149993896484,0.0144646111875772
55,1,0,4,2,0,27168,60.4300003051758,1,4,1,3,1,166.017913818359,266.640014648438,0.27262356877327
47,1,1,2,1,0,24322,74.5772552490234,0,4,2,2,0,1502.46423339844,1322.88000488281,0.0189423989504576
47,1,0,3,3,0,29752,81.2699966430664,0,3,1,1,1,289.237579345703,303.970001220703,0.16684901714325
41,0,1,4,1,0,21876,43.0900001525879,0,2,1,1,1,163.870834350586,250.5,0.149297088384628
32,1,1,4,1,0,21422,43.810001373291,0,5,1,2,1,167.614273071289,211.490005493164,0.145465448498726
44,1,0,1,2,0,26902,76.9400024414062,0,1,2,3,0,354.979766845703,384.660003662109,0.0164264310151339
42,0,0,1,2,0,27933,40.4319839477539,0,3,1,2,0,514.234436035156,577.219970703125,0.0898343622684479
47,1,0,3,2,0,27485,26.9799995422363,1,2,2,2,1,115.619300842285,211.350006103516,0.0375928096473217
44,1,0,3,3,0,29102,20.1599998474121,1,3,1,1,1,83.4442825317383,223.149993896484,0.154650017619133
59,1,0,3,2,0,27154,61.1300010681152,0,1,1,NA,1,33.2175483703613,0,0.26965343952179
52,1,1,2,1,0,24021,85.1980514526367,0,1,3,3,0,561.059387207031,517.609985351562,0.0250304825603962
50,1,1,4,1,0,22548,63.4599990844727,0,3,1,NA,1,43.8827667236328,0,0.186453565955162
39,1,1,1,1,0,21070,48.9900016784668,0,1,1,1,0,245.589691162109,299.440002441406,0.0651568323373795
56,0,0,3,3,0,29286,40.4300003051758,1,3,1,1,1,116.362457275391,140.289993286133,0.234185338020325
44,1,1,3,1,0,24775,49.2599983215332,0,2,1,1,1,201.936233520508,217.289993286133,0.123368881642818
53,1,1,1,1,0,25142,NA,NA,NA,NA,NA,0,0,0,NA
49,1,0,4,2,0,26682,46.8400001525879,0,4,1,1,1,157.017440795898,172.270004272461,0.220686390995979
39,1,0,3,2,0,26788,63.8800010681152,0,2,2,3,1,251.159622192383,348.700012207031,0.0300990268588066
45,1,1,1,1,0,23542,71.2155685424805,0,1,3,3,0,647.551208496094,566,0.0118063986301422
47,0,1,2,1,0,22917,64.0400009155273,0,1,3,3,0,283.674774169922,284.459991455078,0.0190159231424332
59,0,1,1,1,0,20761,76.3300018310547,0,1,1,NA,0,55.6643753051758,0,0.14427325129509
54,1,0,3,2,0,28742,82.9100036621094,0,1,1,1,1,259.912292480469,389.140014648438,0.2151048630476
60,1,0,4,2,0,28424,77.3499984741211,0,5,1,NA,1,36.2858428955078,0,0.336660206317902
54,0,1,1,1,0,24249,30.4599990844727,1,2,3,3,0,137.52619934082,372.709991455078,0.0200944114476442
45,1,0,3,3,0,29464,44.3300018310547,0,3,3,3,1,177.068130493164,191.729995727539,0.0345926955342293
44,1,0,3,3,0,29189,48.8499984741211,0,1,1,NA,1,35.9226264953613,0,0.154650017619133
56,1,1,1,1,0,25133,NA,NA,NA,NA,NA,0,0,0,NA
51,0,1,1,1,0,20068,458.350006103516,0,2,2,2,0,198.013259887695,223.889999389648,0.0163074526935816
31,1,0,4,2,0,26729,82.4700012207031,0,5,2,2,1,298.719482421875,360.320007324219,0.0426759906113148
42,1,1,3,1,0,20547,78.5800018310547,0,3,1,1,1,318.428833007812,361.700012207031,0.11834279447794
36,1,0,4,2,0,27793,47.1500015258789,0,4,1,1,1,167.994415283203,260.489990234375,0.178378254175186
48,0,1,4,1,0,21019,62.9423751831055,0,4,2,3,1,758.745971679688,733.059997558594,0.0400621071457863
55,0,0,3,2,0,26602,34.8300018310547,0,2,3,NA,1,22.6675071716309,0,0.0580798014998436
50,1,1,3,1,0,25657,80.0299987792969,0,2,3,3,1,309.681091308594,379,0.0315255858004093
55,1,1,3,1,0,21568,38.6100006103516,1,4,1,1,1,137.922576904297,158.220001220703,0.183617144823074
59,1,0,3,2,0,28815,62.9000015258789,0,1,1,NA,1,34.7395896911621,0,0.26965343952179
57,1,1,3,1,0,22266,NA,NA,NA,NA,NA,1,0,0,NA
44,1,1,4,1,0,23602,87.7600021362305,0,2,2,3,1,336.758392333984,367.559997558594,0.0342614911496639
48,1,1,4,1,0,20946,43.2599983215332,0,3,1,1,1,168.695709228516,389.720001220703,0.174626991152763
50,1,1,1,1,0,21104,48.310001373291,1,2,1,2,0,230.939590454102,304.309997558594,0.0888515189290047
44,1,0,4,2,0,28064,30.2600002288818,0,3,1,2,1,104.548141479492,176.149993896484,0.194470122456551
44,1,1,4,1,0,22517,80.4628295898438,0,1,3,3,1,437.128021240234,402.899993896484,0.0342614911496639
46,0,0,4,2,0,27983,NA,NA,NA,NA,NA,1,0,0,NA
42,1,0,2,3,0,29013,93.653938293457,0,1,1,1,0,830.515441894531,762.669982910156,0.116245321929455
41,1,0,3,3,0,29678,21,0,3,2,3,1,108.31005859375,228.179992675781,0.0309359766542912
NA,1,1,3,1,0,25021,47.3499984741211,1,2,2,2,1,193.852355957031,247.889999389648,0.0303501505404711
53,1,1,3,1,0,24945,NA,NA,NA,NA,NA,1,0,0,NA
52,0,1,1,1,0,24675,NA,NA,NA,NA,NA,0,0,0,NA
47,1,1,1,1,0,24584,44.9016418457031,0,1,3,3,0,609.166076660156,626.890014648438,0.0129278525710106
44,0,1,4,1,0,20943,82.1592864990234,0,4,1,1,1,464.263519287109,489.880004882812,0.157581269741058
52,1,1,1,1,0,20188,21.9799995422363,1,1,1,1,0,104.808906555176,206.360000610352,0.0974532663822174
58,1,1,4,1,0,22265,NA,NA,NA,NA,NA,1,0,0,NA
47,1,1,4,1,0,21438,172.631134033203,0,2,1,2,1,412.583312988281,398.519989013672,0.169526964426041
50,1,1,4,1,0,20879,74.2399978637695,0,4,1,2,1,252.392791748047,327.589996337891,0.186453565955162
35,1,1,2,1,0,22612,53.8400001525879,0,2,1,1,0,244.953262329102,347.779998779297,0.0852482914924622
54,1,0,4,2,0,28785,48.6599998474121,0,5,1,NA,1,28.5929832458496,0,0.262205898761749
42,1,1,2,1,0,20509,43.939998626709,0,2,1,1,0,218.860961914062,299.380004882812,0.0908424407243729
53,1,1,2,1,0,24941,48.5099983215332,1,1,1,2,0,188.451110839844,215.309997558594,0.132297292351723
36,0,1,2,1,0,24204,71.1302795410156,0,1,2,3,0,1591.66577148438,1385.88000488281,0.0144615415483713
53,1,1,1,1,0,22841,58.0029144287109,1,1,2,2,0,1136.09509277344,979.659973144531,0.0186080075800419
43,1,0,4,2,0,27465,24.3500003814697,1,3,1,1,1,88.0520935058594,155.309997558594,0.190820917487144
54,1,0,3,2,0,28439,126.476333618164,0,1,2,3,1,432.205718994141,436.429992675781,0.0543185956776142
35,0,1,4,1,0,25343,45.7700004577637,0,1,1,1,1,168.595962524414,177.139999389648,0.143556639552116
38,1,1,1,1,0,23265,110.480003356934,0,4,1,1,0,535.370483398438,465.690002441406,0.0645236372947693
47,0,0,4,2,0,28183,65.761116027832,0,1,2,2,1,455.268463134766,500.959991455078,0.0520312823355198
54,1,1,2,1,0,23975,NA,NA,NA,NA,NA,0,0,0,NA
NA,1,1,2,1,0,24709,29.5,1,1,1,2,0,115.921859741211,223.979995727539,0.144536748528481
57,1,1,1,1,0,20984,103.249816894531,0,1,2,3,0,663.520080566406,602.299987792969,0.025385744869709
57,1,1,4,1,0,20697,55.5,1,3,2,1,1,170.683898925781,311,0.0672504752874374
41,1,1,2,1,0,24268,47.7830657958984,0,3,3,3,0,782.259948730469,746.150024414062,0.0153436884284019
NA,NA,0,3,2,0,28678,31.25,1,3,1,NA,1,25.6500549316406,0,0.144536748528481
45,0,0,4,2,0,27883,40.5,0,5,2,3,1,136.791732788086,186.080001831055,0.0484100952744484
56,0,1,3,1,0,23964,175.772644042969,0,1,3,3,1,1047.1142578125,887.130004882812,0.0462586246430874
35,1,0,4,2,0,27218,30.5,0,2,2,3,1,119.824272155762,160.720001220703,0.0411861687898636
40,0,1,2,1,0,20192,82.9599990844727,0,2,2,3,0,372.554107666016,337.100006103516,0.015085001476109
57,1,1,2,1,0,23083,NA,NA,NA,NA,NA,0,0,0,NA
42,1,1,3,1,0,21512,37.3899993896484,0,1,3,2,1,175.037872314453,171.979995727539,0.0228134952485561
41,1,0,3,2,0,28049,50.689998626709,0,2,1,2,1,197.822158813477,200.300003051758,0.147130787372589
52,1,0,4,2,0,27767,47.7444000244141,1,3,3,3,1,899.898132324219,773.919982910156,0.0654705762863159
41,1,1,4,1,0,22313,43.9300003051758,0,4,1,1,1,167.887634277344,230.320007324219,0.148928374052048
45,1,0,1,3,0,29506,40.7780075073242,0,1,3,3,0,727.065368652344,612.030029296875,0.0169292092323303
58,1,1,1,1,0,25042,NA,NA,NA,NA,NA,0,0,0,NA
59,1,1,1,1,0,21607,53.6699981689453,1,1,3,3,0,218.154174804688,249.009994506836,0.0301619172096252
38,1,0,4,2,0,27732,75.370002746582,0,3,1,1,1,263.615203857422,262.089996337891,0.179688066244125
55,1,1,4,1,0,20560,56.7799987792969,0,3,1,NA,1,53.3825073242188,0,0.22681026160717
47,0,0,4,2,0,28182,103,0,5,1,1,1,318.63916015625,384.769989013672,0.208983451128006
58,1,1,4,1,0,20953,72.870002746582,1,3,3,3,1,221.940551757812,380.010009765625,0.072155237197876
50,1,0,3,3,0,29384,58.5999984741211,0,3,1,1,1,204.098052978516,249.619995117188,0.183609008789062
53,1,1,3,1,0,21154,43.5499992370605,1,3,1,2,1,156.563125610352,199.960006713867,0.16769252717495
42,1,1,1,1,0,23364,104.730003356934,0,2,1,2,0,518.086364746094,516.640014648438,0.0683941096067429
49,0,0,3,3,0,29236,105.580001831055,0,3,1,1,1,353.892761230469,439.140014648438,0.177888914942741
NA,NA,0,3,3,0,29096,34.5499992370605,1,3,3,NA,1,27.9681739807129,0,0.0303501505404711
55,1,1,4,1,0,22343,NA,NA,NA,NA,NA,1,0,0,NA
46,1,1,1,1,0,22961,128.938125610352,0,2,3,3,0,599.166259765625,522.080017089844,0.0123294442892075
46,1,1,1,1,0,21027,44.9700012207031,0,2,2,2,0,221.124633789062,232.429992675781,0.0123294442892075
64,1,1,4,1,0,23198,NA,NA,NA,NA,NA,1,0,0,NA
47,1,0,3,2,0,27027,NA,NA,NA,NA,NA,1,0,0,NA
51,1,0,3,2,0,28570,24.2600002288818,1,3,1,1,1,89.7274551391602,180.279998779297,0.191107615828514
NA,0,1,3,1,0,22326,43.7099990844727,0,1,1,1,1,157.319274902344,226,0.144536748528481
54,1,1,1,1,0,20556,45.8300018310547,1,1,2,3,0,210.953201293945,273.029998779297,0.0200173575431108
55,1,0,4,2,0,28762,23.8199996948242,1,1,1,NA,1,13.1911449432373,0,0.27262356877327
42,1,0,3,3,0,29459,60.8600006103516,0,3,3,3,1,247.472991943359,308.420013427734,0.0316406339406967
51,1,1,3,1,0,22838,157.587707519531,0,1,1,1,1,749.509033203125,710.849975585938,0.15426367521286
49,1,1,2,1,0,22748,88.0684814453125,0,1,3,3,0,837.304626464844,736.940002441406,0.020953880622983
56,1,0,2,3,0,29639,85.9800033569336,0,1,2,3,0,300.459411621094,330.489990234375,0.0450842455029488
46,1,1,4,1,0,24399,33.310001373291,0,1,2,NA,1,26.9700012207031,0,0.0367362052202225
49,1,1,3,1,0,23897,40.5099983215332,1,2,3,3,1,169.219757080078,195.919998168945,0.0299070440232754
47,1,1,3,1,0,22666,40.1970825195312,1,1,3,3,1,576.251037597656,529.190002441406,0.0271882247179747
60,1,1,1,1,0,22211,34.4300003051758,1,1,1,2,0,132.332489013672,196.669998168945,0.153175085783005
51,1,1,1,1,0,25321,100.311584472656,0,1,1,1,0,901.146728515625,775.929992675781,0.0929403752088547
45,1,1,4,1,0,24140,42.3800010681152,0,3,3,3,1,166.011367797852,215.839996337891,0.0354161076247692
60,1,0,3,2,0,28163,64.8013076782227,1,1,3,3,1,537.783142089844,492.279998779297,0.0823579132556915
47,1,0,1,3,0,29213,49.4300003051758,0,1,3,3,0,223.284133911133,314.350006103516,0.0184551626443863
58,0,0,4,2,0,27256,72.1031265258789,1,1,2,3,1,362.952056884766,418.980010986328,0.0944495275616646
48,1,0,3,2,0,28317,81.8000030517578,0,5,1,1,1,288.094665527344,320.429992675781,0.172631964087486
52,0,1,1,1,0,25527,93.0244369506836,0,1,3,3,0,949.799865722656,925.840026855469,0.0174236465245485
49,0,1,3,1,0,23947,53.439998626709,0,1,2,3,1,209.853393554688,317.309997558594,0.0300149396061897
45,1,0,3,2,0,26311,80.7600021362305,0,1,3,3,1,308.910552978516,320.809997558594,0.0348134785890579
48,1,1,2,1,0,24500,42.2400016784668,1,1,2,1,0,191.099655151367,208.850006103516,0.0198864433914423
48,1,0,3,2,0,28543,NA,NA,NA,NA,NA,1,0,0,NA
46,1,1,2,1,0,24175,50.5200004577637,0,1,2,3,0,228.998168945312,250.479995727539,0.0181107763200998
43,1,1,3,1,0,20653,71.9000015258789,0,1,2,3,1,307.562652587891,318.200012207031,0.0234523471444845
42,1,1,1,1,0,21672,76.2356338500977,0,1,3,3,0,561.446105957031,486.829986572266,0.0106288930401206
54,0,0,4,2,0,27839,108.693374633789,0,3,2,2,1,566.663818359375,584.289978027344,0.0734612718224525
55,1,1,4,1,0,23628,62.7099990844727,1,1,2,3,1,208.91340637207,223.020004272461,0.0588021613657475
57,1,0,4,2,0,28251,75.75,0,5,2,NA,1,40.6489562988281,0,0.0881730988621712
51,1,0,3,2,0,26355,152.394729614258,0,1,2,1,1,470.912780761719,483.989990234375,0.045577347278595
46,1,1,2,1,0,22636,28.6399993896484,1,1,2,2,0,140.123245239258,187.759994506836,0.0181107763200998
38,1,0,4,2,0,26175,98.8399963378906,0,2,2,3,1,354.2724609375,375.100006103516,0.0416305102407932
39,1,1,3,1,0,21669,37.5900001525879,0,2,1,2,1,164.60774230957,226.619995117188,0.113462187349796
45,1,1,1,1,0,23696,68.5706253051758,0,1,3,3,0,625.852172851562,596.159973144531,0.0118063986301422
45,1,0,3,2,0,28343,52.4227066040039,0,1,1,1,1,508.997619628906,522.380004882812,0.158942431211472
41,1,0,2,2,0,28616,668.440002441406,0,1,2,3,0,280.739868164062,330.010009765625,0.0218682251870632
55,1,1,1,1,0,21993,52.3800010681152,1,2,3,3,0,230.587219238281,253.059997558594,0.0216021966189146
54,1,1,4,1,0,25955,72.5800018310547,0,4,1,3,1,225.180358886719,248.940002441406,0.217385172843933
47,1,1,2,1,0,21739,87.3300018310547,0,1,2,3,0,386.534881591797,417.329986572266,0.0189423989504576
44,1,0,3,2,0,28743,42.0499992370605,0,1,2,2,1,169.360107421875,224.080001831055,0.0336750745773315
48,1,1,4,1,0,22687,72.8300018310547,0,4,1,1,1,254.71809387207,329.980010986328,0.174626991152763
46,1,1,3,1,0,23570,41.3499984741211,0,1,3,3,1,178.287734985352,196.479995727539,0.026058966293931
56,1,1,3,1,0,22403,75.0290145874023,0,1,2,2,1,431.66455078125,504.170013427734,0.0461049638688564
63,1,0,2,2,0,27689,44.7400016784668,1,1,1,1,0,127.228248596191,228.229995727539,0.27553191781044
42,1,0,3,3,0,29379,82.6600036621094,0,3,1,1,1,313.211303710938,308.540008544922,0.148776739835739
55,1,0,3,2,0,26316,101.430000305176,0,3,1,1,1,314.172973632812,393.489990234375,0.224473759531975
50,1,0,3,3,0,29169,100.220001220703,0,3,1,2,1,339.514770507812,361.950012207031,0.183609008789062
49,1,1,2,1,0,20941,39.75,1,1,1,1,0,166.910903930664,224.320007324219,0.111437477171421
60,1,0,3,2,0,26360,74.6399993896484,1,1,3,3,1,215.668182373047,200.830001831055,0.0823579132556915
43,1,1,4,1,0,24409,60.3899993896484,0,3,1,2,1,241.24333190918,344.269989013672,0.154013589024544
58,1,0,3,2,0,28850,148.039993286133,0,1,1,NA,1,77.1152801513672,0,0.257139950990677
48,1,1,2,1,0,24063,NA,NA,NA,NA,NA,0,0,0,NA
40,1,1,4,1,0,20784,100.410003662109,0,4,1,1,1,379.002136230469,434.609985351562,0.147002473473549
NA,1,1,3,1,0,24257,51.9599990844727,0,3,1,1,1,196.122573852539,219.240005493164,0.144536748528481
47,1,1,1,1,0,20706,36.3899993896484,1,1,3,3,0,183.624618530273,232.479995727539,0.0129278525710106
45,1,1,3,1,0,23251,58.1399993896484,0,1,2,2,1,244.402801513672,283.079986572266,0.025066651403904
46,1,1,4,1,0,20169,103.449363708496,0,3,2,2,1,429.146270751953,455.119995117188,0.0367362052202225
57,1,1,3,1,0,25413,34.4900016784668,1,3,1,2,1,120.856018066406,148.199996948242,0.202325507998466
47,1,1,1,1,0,21216,139.85466003418,0,1,3,3,0,667.698364257812,653.940002441406,0.0129278525710106
40,1,1,4,1,0,24977,41.439998626709,0,3,1,1,1,159.035690307617,154.080001831055,0.147002473473549
47,1,0,3,2,0,28753,53.1100006103516,0,1,1,2,1,202.694747924805,239.100006103516,0.167569503188133
47,1,1,4,1,0,24579,43.5099983215332,0,3,1,1,1,153.238159179688,214.369995117188,0.169526964426041
50,0,0,3,3,0,29395,NA,NA,NA,NA,NA,1,0,0,NA
49,0,0,1,2,0,26752,31.0400009155273,1,2,2,3,0,143.196411132812,282.890014648438,0.0206440333276987
53,1,1,4,1,0,20343,41.1199989318848,1,4,2,1,1,146.463226318359,238.520004272461,0.0519145950675011
45,1,1,3,1,0,20458,76.9800033569336,0,4,1,1,1,314.665222167969,303.760009765625,0.126455187797546
48,1,0,1,3,0,29649,32.3862495422363,1,1,1,1,0,542.527099609375,590.169982910156,0.105423517525196
47,0,1,1,1,0,24672,129.578842163086,0,1,1,1,0,969.188903808594,893.630004882812,0.0790827199816704
57,1,1,4,1,0,21447,45.8699989318848,0,5,1,NA,1,27.1762580871582,0,0.247913494706154
52,1,1,4,1,0,23105,103.330001831055,0,2,1,2,1,338.881805419922,305.209991455078,0.200628027319908
51,1,0,2,2,0,28598,134.412155151367,0,1,2,2,0,624.860961914062,630.22998046875,0.0327660292387009
51,1,1,4,1,0,23232,34.0900001525879,1,3,2,3,1,128.1875,185.309997558594,0.0463271252810955
47,0,1,2,1,0,24310,NA,NA,NA,NA,NA,0,0,0,NA
47,0,1,3,1,0,22586,536.950012207031,0,1,2,2,1,206.307174682617,232.070007324219,0.0272879134863615
42,1,1,4,1,0,21580,100.552505493164,0,5,1,1,1,769.109252929688,813.950012207031,0.151261359453201
49,0,1,2,1,0,22571,106.699996948242,0,4,1,1,0,433.903839111328,457.660003662109,0.111739084124565
47,1,0,4,2,0,28157,79.7799987792969,0,1,2,2,1,267.544372558594,267.549987792969,0.0518624819815159
62,1,1,2,1,0,23607,75.6253128051758,1,1,3,3,0,644.319091796875,606,0.0546697340905666
50,1,1,1,1,0,25191,107.069999694824,0,1,2,2,0,485.838531494141,498.450012207031,0.0152560928836465
50,0,0,3,2,0,28238,20.7299995422363,1,3,1,3,1,69.5495376586914,121.860000610352,0.184797659516335
45,1,1,1,1,0,25048,74.9566192626953,0,1,3,3,0,743.425964355469,627.200012207031,0.0118063986301422
54,0,0,1,2,0,26730,104.309997558594,0,4,2,3,0,408.767944335938,374.010009765625,0.028240367770195
45,1,1,2,1,0,23172,101.139999389648,0,1,3,3,0,456.646545410156,463.359985351562,0.0173819325864315
41,1,0,4,2,0,28861,60.9799995422363,0,4,1,1,1,212.205993652344,235.720001220703,0.184980794787407
49,1,1,1,1,0,21565,NA,NA,NA,NA,NA,0,0,0,NA
51,1,1,3,1,0,22732,77.3824157714844,0,1,1,1,1,453.220977783203,511.329986572266,0.15426367521286
40,1,1,1,1,0,25498,95.9891052246094,0,1,3,3,0,1013.81488037109,925.710021972656,0.0101242139935493
43,1,0,3,2,0,28601,28.5400009155273,0,1,2,3,1,124.845893859863,178.690002441406,0.0326890014111996
40,0,1,4,1,0,22785,41.2400016784668,0,5,2,2,1,161.187454223633,174.610000610352,0.0312097109854221
50,1,0,3,2,0,27513,34.2599983215332,1,2,1,1,1,122.125297546387,252.839996337891,0.184374466538429
36,1,0,3,2,0,26493,84.6999969482422,0,1,2,3,1,335.12255859375,342.359985351562,0.0294223185628653
35,1,1,1,1,0,24802,84.629997253418,0,1,3,3,0,425.379089355469,437.089996337891,0.00968327559530735
44,1,1,1,1,0,23674,23.0791263580322,1,1,2,3,0,1106.31042480469,941.710021972656,0.0113522093743086
54,1,1,3,1,0,20723,46.6300010681152,1,3,1,1,1,170.669525146484,260.730010986328,0.175325334072113
53,1,0,3,3,0,29469,75.0199966430664,0,3,1,1,1,245.741714477539,272.040008544922,0.20562207698822
55,1,1,1,1,0,24953,NA,NA,NA,NA,NA,0,0,0,NA
46,0,1,1,1,0,23196,91.2200012207031,0,1,1,2,0,417.072296142578,384.510009765625,0.0764157250523567
47,1,0,4,2,0,27834,83.9100036621094,0,5,1,2,1,274.984222412109,307.329986572266,0.208527475595474
50,1,1,1,1,0,23404,28.9300003051758,1,3,2,3,0,144.645172119141,214.759994506836,0.0152560928836465
37,0,0,4,2,0,26228,30.8600006103516,0,3,1,2,1,97.6420288085938,142.470001220703,0.179229825735092
41,1,0,3,2,0,26444,60.1199989318848,0,1,2,2,1,246.548431396484,250.929992675781,0.0311373621225357
55,1,0,3,3,0,29309,52.0400009155273,0,3,1,NA,1,53.3915596008301,0,0.223612859845161
35,1,0,1,3,0,29302,38.9599990844727,0,1,2,2,0,202.636764526367,287.019989013672,0.0140180289745331
47,1,0,1,3,0,29197,71.9599990844727,0,1,1,2,0,319.956085205078,405.019989013672,0.101821884512901
55,1,0,4,2,0,28128,81.8600006103516,0,3,1,NA,1,62.6821403503418,0,0.27262356877327
46,1,1,4,1,0,25966,77.1699981689453,0,1,1,1,1,284.638885498047,352.109985351562,0.164936676621437
38,1,1,2,1,0,21204,414.649993896484,0,2,2,2,0,194.202972412109,234.479995727539,0.0145875625312328
58,1,0,4,2,0,28450,57.1599998474121,1,3,1,3,1,144.34342956543,205.270004272461,0.308567583560944
41,0,1,4,1,0,20827,105.309997558594,0,2,2,3,1,389.666595458984,439.200012207031,0.0318003408610821
54,0,1,1,1,0,26096,29.6299991607666,1,1,1,NA,0,24.5877723693848,0,0.108175963163376
45,1,1,4,1,0,22597,77.0500030517578,0,3,1,2,1,286.275665283203,292.910003662109,0.160834074020386
55,1,1,2,1,0,24360,97.3199996948242,0,1,2,3,0,379.322723388672,400.619995117188,0.03077975474298
39,1,0,3,2,0,26992,105.947326660156,0,1,3,3,1,785.661010742188,839.47998046875,0.0300990268588066
54,1,0,3,2,0,28337,17.2199993133545,1,1,3,3,1,77.6398544311523,262.089996337891,0.0543185956776142
41,1,0,4,2,0,28798,82.4400024414062,0,3,3,3,1,295.406372070312,395.920013427734,0.0434426926076412
49,1,0,3,3,0,29454,109.059997558594,0,3,1,1,1,380.188537597656,348.239990234375,0.177475690841675
52,1,1,4,1,0,22832,103.98999786377,0,3,1,2,1,355.873870849609,406.130004882812,0.200628027319908
38,1,1,2,1,0,22386,72.9599990844727,0,2,3,3,0,338.587982177734,348.579986572266,0.0145875625312328
49,1,0,3,2,0,27239,90.9100036621094,0,1,3,3,1,336.188262939453,377.820007324219,0.0411347970366478
61,1,0,2,3,0,29017,69.370002746582,0,1,1,NA,0,40.5651702880859,0,0.245927765965462
44,1,1,2,1,0,21380,45.7099990844727,0,1,3,3,0,221.492065429688,288.149993896484,0.016747523099184
39,1,0,4,2,0,28470,95.5999984741211,0,2,3,3,1,338.483917236328,357.399993896484,0.0420778319239616
47,1,1,2,1,0,24151,101.870002746582,0,1,2,3,0,450.499633789062,418.600006103516,0.0189423989504576
38,0,0,3,2,0,27900,NA,NA,NA,NA,NA,1,0,0,NA
58,1,1,1,1,0,25485,73.3199996948242,1,1,2,2,0,300.927764892578,320.309997558594,0.027635121718049
50,1,0,4,2,0,27904,114.663681030273,0,4,2,3,1,374.940246582031,522.780029296875,0.0591366998851299
41,1,0,3,2,0,28739,70.9649124145508,0,1,1,2,1,573.457397460938,534.119995117188,0.147130787372589
48,1,1,2,1,0,21712,54.3699989318848,0,1,3,3,0,257.487579345703,280.980010986328,0.0198864433914423
63,1,1,1,1,0,22146,45.9300003051758,1,1,2,2,0,172.657592773438,206.520004272461,0.0437763296067715
41,1,0,4,2,0,26403,56.7599983215332,0,5,1,1,1,191.569961547852,182.529998779297,0.184980794787407
46,0,0,2,2,0,28141,40.5499992370605,0,2,2,2,0,169.405212402344,224.710006713867,0.0256866160780191
49,0,1,4,1,0,22070,101.23999786377,0,2,1,3,1,340.165924072266,474.920013427734,0.180677890777588
45,1,1,1,1,0,20691,55.439998626709,0,1,3,3,0,274.901824951172,307.429992675781,0.0118063986301422
46,0,1,4,1,0,23939,42.6800003051758,0,4,1,1,1,154.302719116211,178.259994506836,0.165330946445465
50,1,1,4,1,0,21469,95.7947845458984,0,4,1,1,1,468.196472167969,441.290008544922,0.186453565955162
42,1,1,1,1,0,21287,111.209999084473,0,1,1,2,0,534.438415527344,492.079986572266,0.0683941096067429
52,1,0,3,3,0,29063,72.2300033569336,0,1,1,2,1,236.708877563477,265.489990234375,0.197652563452721
47,1,1,3,1,0,24456,49.4500007629395,0,2,1,2,1,211.354202270508,246.210006713867,0.133864060044289
53,1,0,4,2,0,27986,44.939998626709,1,4,1,1,1,130.106948852539,244.220001220703,0.252528101205826
39,1,1,3,1,0,25663,47.810001373291,0,2,1,2,1,197.175888061523,261.410003662109,0.113462187349796
40,0,1,1,1,0,20720,101.98999786377,0,2,1,1,0,479.769744873047,421.720001220703,0.0662123486399651
48,1,0,4,2,0,26414,77.0100021362305,0,5,2,2,1,252.220947265625,466.140014648438,0.0540208071470261
47,1,0,4,2,0,27720,44.1399993896484,0,2,1,1,1,148.279052734375,184.240005493164,0.208527475595474
47,0,1,1,1,0,24621,232.392425537109,0,2,1,1,0,696.63671875,676.75,0.0790827199816704
55,1,0,2,2,0,27320,85.0849151611328,0,1,3,3,0,684.195922851562,580.210021972656,0.0422673225402832
47,1,1,4,1,0,23355,102.580001831055,0,3,1,1,1,368.163421630859,371.399993896484,0.169526964426041
49,0,1,2,1,0,23154,NA,NA,NA,NA,NA,0,0,0,NA
46,1,1,4,1,0,25869,149.697723388672,0,2,1,1,1,401.378875732422,454.700012207031,0.164936676621437
46,1,0,3,2,0,27888,191.041748046875,0,1,2,2,1,848.936157226562,709.840026855469,0.0361152030527592
56,1,0,4,2,0,27316,33.8499984741211,1,1,3,NA,1,79.4915390014648,0,0.0827078744769096
55,1,1,4,1,0,24252,87.8300018310547,0,1,3,3,1,282.184265136719,253.699996948242,0.0588021613657475
56,0,0,3,3,0,29457,NA,NA,NA,NA,NA,1,0,0,NA
53,1,1,2,1,0,22345,45.4599990844727,1,2,1,1,0,182.663208007812,230.25,0.132297292351723
50,1,1,1,1,0,21502,160.529998779297,0,1,1,NA,0,107.906837463379,0,0.0888515189290047
49,1,0,2,2,0,28388,88.8114166259766,0,1,2,1,0,778.771179199219,770.849975585938,0.029383011162281
50,1,1,1,1,0,24260,65.1900024414062,0,1,3,3,0,306.772796630859,338.559997558594,0.0152560928836465
43,1,1,4,1,0,20412,45.1500015258789,0,3,3,3,1,179.957061767578,251.75,0.0332612656056881
32,1,0,3,3,0,29337,84.6500015258789,0,1,3,3,1,344.112762451172,301.429992675781,0.0299008227884769
58,1,1,2,1,0,24386,49.5099983215332,1,2,1,1,0,184.597244262695,289.109985351562,0.171321347355843
55,1,0,1,3,0,29471,41.4300003051758,1,1,2,2,0,169.888031005859,251.300003051758,0.0300464760512114
55,1,1,2,1,0,24561,NA,NA,NA,NA,NA,0,0,0,NA
48,1,1,4,1,0,25554,19.2800006866455,0,5,1,NA,1,62.9921264648438,0,0.174626991152763
55,1,1,4,1,0,22453,NA,NA,NA,NA,NA,1,0,0,NA
54,1,0,3,2,0,27648,97.1399993896484,0,1,2,3,1,315.404418945312,335.140014648438,0.0543185956776142
48,0,1,2,1,0,21775,48.6599998474121,0,2,1,1,0,213.063430786133,266.200012207031,0.107673399150372
40,1,0,4,2,0,28950,92.3300018310547,0,1,3,3,1,328.537567138672,330.079986572266,0.0426801256835461
50,1,1,2,1,0,23587,122.87646484375,0,1,3,3,0,873.216918945312,861.830017089844,0.0221572518348694
53,1,0,3,3,0,29610,NA,NA,NA,NA,NA,1,0,0,NA
45,1,1,4,1,0,24163,22.4599990844727,1,2,2,2,1,94.2273101806641,162.380004882812,0.0354161076247692
51,1,1,1,1,0,24868,NA,NA,NA,NA,NA,0,0,0,NA
39,1,0,4,2,0,27245,22.2399997711182,0,5,2,2,1,95.7799682617188,252.029998779297,0.0420778319239616
47,0,0,4,2,0,27879,36.2999992370605,0,5,1,NA,1,21.8060054779053,0,0.208983451128006
38,1,1,2,1,0,21256,59.4300003051758,0,1,3,3,0,278.619384765625,422.029998779297,0.0145875625312328
44,1,1,3,1,0,21028,104.610000610352,0,1,1,3,1,425.316101074219,430.929992675781,0.123368881642818
55,1,1,4,1,0,23009,76.8300018310547,0,3,3,NA,1,93.9797286987305,0,0.0588021613657475
NA,1,0,3,2,0,28026,314.320007324219,0,1,1,NA,1,23.3503379821777,0,0.144536748528481
38,1,0,3,2,0,28916,82.3300018310547,0,1,3,3,1,322.189880371094,330.220001220703,0.0297592524439096
38,0,1,3,1,0,24799,47.6199989318848,0,1,2,3,1,203.170272827148,279.970001220703,0.0213183611631393
62,1,1,2,1,0,20129,NA,NA,NA,NA,NA,0,0,0,NA
58,1,1,3,1,0,22240,67.5999984741211,0,1,1,NA,1,43.1525230407715,0,0.212817549705505
64,1,0,3,2,0,26581,60.0800018310547,0,2,1,NA,1,27.4294376373291,0,0.345596700906754
41,1,0,4,2,0,28845,40.0400009155273,0,5,1,1,1,143.4541015625,298.489990234375,0.184980794787407
50,1,1,1,1,0,22722,115.389488220215,0,1,2,2,0,616.358215332031,610.119995117188,0.0152560928836465
51,1,1,3,1,0,24824,55.439998626709,0,2,1,2,1,207.461410522461,244.800003051758,0.15426367521286
49,0,1,3,1,0,24973,21.3500003814697,1,1,2,2,1,95.3724746704102,173.690002441406,0.0300149396061897
56,0,1,1,1,0,26003,60.8599891662598,1,1,2,3,0,606.447509765625,551.969970703125,0.02347157523036
56,1,0,3,3,0,29482,101.139999389648,0,3,2,3,1,312.098937988281,320.059997558594,0.0615081116557121
44,1,1,4,1,0,23380,40.6300010681152,0,2,1,2,1,158.875961303711,211.660003662109,0.157199114561081
54,1,1,3,1,0,26110,204.64567565918,0,2,3,3,1,718.077270507812,703.039978027344,0.0401590019464493
51,1,0,1,2,0,28493,NA,NA,NA,NA,NA,0,0,0,NA
54,1,1,3,1,0,21415,41.7999992370605,1,1,2,2,1,168.428024291992,275.209991455078,0.0401590019464493
41,1,0,4,2,0,28807,44.060001373291,0,4,1,2,1,166.019714355469,259.660003662109,0.184980794787407
47,1,0,3,3,0,29045,107.526031494141,0,1,3,3,1,876.995300292969,792,0.0373576655983925
51,1,1,4,1,0,23734,110.76000213623,0,4,1,1,1,367.078247070312,391.880004882812,0.193233087658882
38,1,1,1,1,0,23363,99.9700012207031,0,2,1,1,0,482.022186279297,504.019989013672,0.0645236372947693
47,0,1,2,1,0,20908,40.8899993896484,0,1,3,3,0,175.817535400391,241.5,0.0190159231424332
50,1,1,1,1,0,22357,17.3500003814697,1,3,1,1,0,78.8701934814453,144.179992675781,0.0888515189290047
49,1,1,1,1,0,24149,88.5400009155273,0,1,2,3,0,409.215057373047,421.380004882812,0.0143819181248546
53,1,1,1,1,0,21049,89.6399993896484,0,1,2,2,0,386.82958984375,472.260009765625,0.0186080075800419
53,0,0,4,2,0,28781,103.220001220703,0,5,1,1,1,284.596160888672,300.839996337891,0.253035575151443
41,1,0,4,2,0,28748,101.099998474121,0,2,1,2,1,342.685333251953,326.350006103516,0.184980794787407
56,1,1,3,1,0,21122,42.2999992370605,1,2,2,2,1,159.154479980469,214.009994506836,0.0461049638688564
57,0,0,4,2,0,27301,NA,NA,NA,NA,NA,1,0,0,NA
62,1,0,4,2,0,28189,13.0299997329712,1,1,1,2,1,33.1424522399902,136.059997558594,0.368204981088638
50,1,1,3,1,0,24336,NA,NA,NA,NA,NA,1,0,0,NA
59,1,1,1,1,0,24924,NA,NA,NA,NA,NA,0,0,0,NA
45,0,0,3,2,0,27925,50,0,2,1,1,1,175.211227416992,281.579986572266,0.159327358007431
43,1,1,2,1,0,24480,43.4000015258789,0,2,1,1,0,196.206192016602,209.970001220703,0.0927653014659882
47,1,0,3,2,0,27372,50.689998626709,0,1,3,3,1,192.613265991211,204.899993896484,0.0375928096473217
40,1,0,4,2,0,28913,104.326553344727,0,5,1,3,1,683.316589355469,724.27001953125,0.182764127850533
43,1,1,1,1,0,23825,32.1100006103516,0,1,3,2,0,174.182266235352,226.710006713867,0.0109612951055169
52,1,1,2,1,0,25201,113.842544555664,0,1,2,2,0,639.136779785156,634.940002441406,0.0250304825603962
50,1,1,2,1,0,25397,85.6699981689453,0,1,1,NA,0,179.520965576172,0,0.11592873185873
66,1,1,2,1,0,24413,137.932678222656,0,1,2,3,0,548.579284667969,544.219970703125,0.0790917426347733
51,0,1,2,1,0,24333,289.688690185547,0,1,1,3,0,518.216735839844,472.690002441406,0.121201261878014
51,1,1,4,1,0,23601,47.2299995422363,1,4,1,3,1,159.763900756836,307.880004882812,0.193233087658882
48,1,1,3,1,0,24337,77.8037872314453,0,1,2,2,1,473.705749511719,538.5,0.0284663792699575
45,1,0,4,2,0,28490,23.9400005340576,1,4,1,2,1,83.120849609375,127.360000610352,0.198625653982162
48,1,1,4,1,0,22538,NA,NA,NA,NA,NA,1,0,0,NA
54,1,1,3,1,0,23382,178.711303710938,0,2,2,2,1,595.282165527344,535.340026855469,0.0401590019464493
51,1,1,4,1,0,25157,62.0900001525879,0,2,1,2,1,219.225204467773,230.339996337891,0.193233087658882
42,1,0,2,3,0,29089,94.3899993896484,0,1,2,1,0,405.228790283203,484.980010986328,0.0222429372370243
57,1,0,3,2,0,26452,56.1300010681152,0,1,2,NA,1,53.6642036437988,0,0.0662437900900841
48,1,1,1,1,0,21888,64.0999984741211,0,1,3,3,0,311.34619140625,308.950012207031,0.0136091280728579
49,1,1,2,1,0,20919,47.7265586853027,1,3,2,2,0,854.221069335938,760.599975585938,0.020953880622983
52,1,1,1,1,0,26146,80.4199981689453,0,2,2,2,0,362.705474853516,566.630004882812,0.017355402931571
39,0,0,2,3,0,29202,74.6600036621094,0,1,3,3,0,310.595092773438,286.190002441406,0.0210311450064182
57,1,0,4,2,0,26259,26.2099990844727,1,4,1,1,1,69.3061599731445,138.259994506836,0.295780569314957
50,1,1,1,1,0,25888,46.731575012207,1,1,3,3,0,528.451843261719,513.440002441406,0.0152560928836465
53,1,1,3,1,0,22470,58.3800010681152,1,4,2,1,1,217.580856323242,225.559997558594,0.0376330204308033
56,0,1,4,1,0,24733,NA,NA,NA,NA,NA,1,0,0,NA
49,1,1,1,1,0,20036,29.0300006866455,1,1,2,2,0,145.426788330078,168.839996337891,0.0143819181248546
46,0,1,3,1,0,23427,33.5200004577637,1,2,3,3,1,143.008438110352,219.479995727539,0.02615518681705
46,1,1,2,1,0,22036,140.567947387695,0,1,2,2,0,893.644165039062,876.950012207031,0.0181107763200998
51,1,1,1,1,0,22366,83.0500030517578,0,2,1,1,0,371.971313476562,351.970001220703,0.0929403752088547
65,1,1,4,1,0,22777,17.8799991607666,1,1,1,NA,1,108.506881713867,0,0.366501212120056
44,1,0,3,3,0,29014,46.5900001525879,0,3,1,1,1,182.533721923828,272.339996337891,0.154650017619133
46,1,0,4,2,0,26948,106.379997253418,0,5,1,1,1,345.020721435547,392.570007324219,0.203305020928383
46,1,1,4,1,0,24185,74.8390884399414,0,5,1,2,1,709.093322753906,677.47998046875,0.164936676621437
39,0,0,4,2,0,26505,103.720001220703,0,2,1,1,1,345.152130126953,379.519989013672,0.181420966982841
54,1,0,4,2,0,27821,66.6399993896484,0,1,3,3,1,194.784652709961,224.479995727539,0.0732403099536896
58,1,0,1,2,0,27456,805.239990234375,0,2,2,2,0,289.665740966797,350.140014648438,0.038176491856575
57,1,1,4,1,0,20346,109.48607635498,0,3,2,3,1,413.235260009766,431.809997558594,0.0672504752874374
48,1,1,1,1,0,20483,92.1399993896484,0,1,2,2,0,430.116302490234,483.309997558594,0.0136091280728579
51,1,1,3,1,0,26159,103.129997253418,0,3,1,1,1,380.3544921875,470.450012207031,0.15426367521286
51,0,1,4,1,0,21023,51.1500015258789,0,3,1,NA,1,33.7414588928223,0,0.193668693304062
50,1,1,1,1,0,21851,80.7600021362305,0,1,3,3,0,371.3720703125,401.420013427734,0.0152560928836465
45,1,1,3,1,0,25040,NA,NA,NA,NA,NA,1,0,0,NA
60,1,1,3,1,0,25046,52.2821617126465,1,2,1,2,1,1064.91015625,1025.0400390625,0.236266508698463
54,1,0,3,3,0,29746,22.3099994659424,1,1,1,NA,1,14.683482170105,0,0.214264795184135
49,1,1,1,1,0,24968,136.272155761719,0,1,2,2,0,1085.52893066406,980.109985351562,0.0143819181248546
48,1,0,3,3,0,29760,108.860000610352,0,3,3,3,1,394.795623779297,450,0.039016991853714
41,1,1,2,1,0,20842,61.1599998474121,0,1,2,2,0,288.566314697266,389.489990234375,0.0153436884284019
44,1,1,2,1,0,24592,85.9400024414062,0,1,3,3,0,390.827453613281,368.660003662109,0.016747523099184
50,1,0,3,3,0,29053,106.629997253418,0,3,2,2,1,381.050933837891,364.269989013672,0.0429701656103134
44,1,0,1,2,0,27822,43.8300018310547,0,2,3,3,0,204.987503051758,313.290008544922,0.0164264310151339
49,1,1,3,1,0,26052,130.5,0,2,1,NA,1,71.8273162841797,0,0.143065959215164
52,1,1,1,1,0,20436,123.578796386719,0,1,3,3,0,740.861450195312,659.130004882812,0.017355402931571
48,0,1,2,1,0,22731,85.9800033569336,0,1,2,3,0,372.618408203125,570.549987792969,0.0199630595743656
50,0,1,3,1,0,25390,160.505950927734,0,1,3,3,1,574.181945800781,533.320007324219,0.0316383093595505
44,1,1,2,1,0,23449,69.9499969482422,0,2,1,2,0,307.755889892578,352.049987792969,0.0949993953108788
NA,NA,0,3,2,0,26198,115.503120422363,0,1,2,3,1,560.262512207031,579.919982910156,0.0303501505404711
42,0,0,3,3,0,29646,82.4899978637695,0,1,2,3,1,314.790374755859,346.299987792969,0.031753696501255
49,0,1,1,1,0,24462,44.8600006103516,1,1,1,1,0,197.712585449219,217.789993286133,0.0854051560163498
36,1,1,1,1,0,21080,85.2699966430664,0,1,2,2,0,432.482971191406,400.070007324219,0.0096834059804678
38,1,1,1,1,0,23513,64.7799987792969,0,1,2,3,0,322.445404052734,400.359985351562,0.00981395877897739
34,1,0,3,3,0,29462,135.134735107422,0,3,2,3,1,439.345489501953,425.760009765625,0.029340635985136
40,0,1,4,1,0,22815,40.0400009155273,0,1,3,3,1,153.451385498047,212.580001831055,0.0312097109854221
51,1,1,1,1,0,21424,86.1800003051758,0,3,1,NA,0,159.383605957031,0,0.0929403752088547
43,1,1,3,1,0,21238,44.8899993896484,0,2,1,1,1,186.489791870117,223.330001831055,0.120670042932034
68,1,0,3,2,0,27700,26.5900001525879,1,2,2,NA,1,11.6669836044312,0,0.156376793980598
41,1,0,3,3,0,29084,41.560001373291,0,3,1,1,1,158.108413696289,206.690002441406,0.146469458937645
47,1,0,3,3,0,29133,17.1900005340576,0,3,1,NA,1,13.1046314239502,0,0.16684901714325
61,1,0,3,2,0,28766,38.1199989318848,1,1,1,1,1,104.457481384277,247.699996948242,0.29729038476944
51,1,0,3,2,0,27549,NA,NA,NA,NA,NA,1,0,0,NA
56,1,0,4,2,0,26396,NA,NA,NA,NA,NA,1,0,0,NA
52,1,1,1,1,0,21182,54.6300010681152,1,1,3,3,0,258.139068603516,271.049987792969,0.017355402931571
NA,NA,0,4,2,0,28924,402.420013427734,0,5,2,3,1,150.592651367188,213.190002441406,0.0303501505404711
48,1,1,1,1,0,23177,50.1199989318848,0,1,1,1,0,233.457473754883,265.25,0.0818314552307129
53,1,1,4,1,0,21138,30.2199993133545,1,4,1,NA,1,19.5369815826416,0,0.208668306469917
53,1,1,4,1,0,25396,71.8199996948242,0,1,2,3,1,247.773056030273,267.029998779297,0.0519145950675011
42,1,0,4,2,0,28646,101.949996948242,0,5,2,2,1,353.852172851562,513.52001953125,0.0443721227347851
62,1,0,4,2,0,27792,64.4400024414062,0,3,2,NA,1,44.5463333129883,0,0.124634392559528
52,1,1,1,1,0,21202,96.7399978637695,0,1,1,2,0,417.610870361328,377.170013427734,0.0974532663822174
48,0,1,1,1,0,25151,NA,NA,NA,NA,NA,0,0,0,NA
49,1,1,3,1,0,23145,59.810001373291,0,2,1,1,1,231.278610229492,340.480010986328,0.143065959215164
48,0,0,1,3,0,29050,45.1100006103516,0,1,1,NA,0,38.1599578857422,0,0.105713330209255
42,1,0,2,2,0,27452,40.9099998474121,0,1,1,1,0,177.132965087891,274.609985351562,0.116809122264385
48,1,1,2,1,0,23985,72.0599975585938,0,1,2,3,0,312.844177246094,284,0.0198864433914423
48,1,0,3,2,0,27717,91.9800033569336,0,3,1,2,1,324.656158447266,335.390014648438,0.172631964087486
48,1,1,4,1,0,22346,22.4599990844727,1,4,1,1,1,90.7482681274414,187.110000610352,0.174626991152763
52,1,1,4,1,0,22641,24.1700000762939,1,3,1,1,1,96.6381530761719,168.699996948242,0.200628027319908
43,1,1,2,1,0,20930,210.744766235352,0,1,1,2,0,811.813537597656,714.590026855469,0.0927653014659882
33,1,0,4,2,0,28248,51.9599990844727,0,4,1,1,1,185.69792175293,209.220001220703,0.179681450128555
43,1,0,3,3,0,29736,50.5499992370605,0,1,1,1,1,191.754821777344,253.729995727539,0.15149886906147
55,1,0,3,2,0,28058,105.209999084473,0,1,3,3,1,330.573791503906,364.25,0.0578956827521324
49,1,1,3,1,0,23399,49.5200004577637,0,3,2,2,1,207.580337524414,187.740005493164,0.0299070440232754
45,0,1,2,1,0,25252,80.6399993896484,0,2,1,3,0,343.508087158203,471.760009765625,0.0978336408734322
48,1,1,2,1,0,24545,100.569999694824,0,1,2,3,0,437.093658447266,552.049987792969,0.0198864433914423
31,1,1,2,1,0,23116,47.6699981689453,0,2,3,3,0,227.527206420898,240.75,0.0150229539722204
42,0,1,3,1,0,22860,97.7263641357422,0,3,3,3,1,931.12939453125,955.539978027344,0.0228995438665152
48,1,1,3,1,0,26130,46.4000015258789,0,1,1,2,1,181.894134521484,274.579986572266,0.138228967785835
49,1,1,3,1,0,22657,91.4654922485352,0,3,2,2,1,748.9296875,696.109985351562,0.0299070440232754
45,1,1,1,1,0,25576,NA,NA,NA,NA,NA,0,0,0,NA
50,1,0,3,2,0,27737,96.75,0,1,3,3,1,347.329711914062,363.600006103516,0.043233584612608
47,0,1,3,1,0,20321,148.744522094727,0,1,1,1,1,439.6318359375,377.299987792969,0.134207084774971
53,1,1,4,1,0,23257,53.8800010681152,1,5,3,3,1,189.210861206055,250.199996948242,0.0519145950675011
45,1,1,1,1,0,22658,98.25,0,1,2,2,0,468.606079101562,455.239990234375,0.0118063986301422
54,0,1,4,1,0,24862,69.1600036621094,0,2,3,3,1,217.764938354492,256.269989013672,0.0553580150008202
44,1,0,1,3,0,29195,86.0500030517578,0,1,3,3,0,384.438812255859,395.130004882812,0.0163089837878942
37,1,1,4,1,0,20382,73.1856231689453,0,3,1,3,1,476.091979980469,462.670013427734,0.143576696515083
53,0,0,1,2,0,28988,66.2799987792969,0,1,1,NA,0,49.3584518432617,0,0.130976349115372
NA,1,0,4,3,0,29257,93.240478515625,0,3,2,2,1,825.398559570312,822.969970703125,0.0303501505404711
42,1,0,4,2,0,28091,107.720001220703,0,5,1,1,1,369.084564208984,517.940002441406,0.187662392854691
52,1,0,1,2,0,28100,81.2699966430664,0,2,2,3,0,336.651184082031,367.239990234375,0.0245788749307394
54,0,1,3,1,0,25331,80.9100036621094,0,2,2,2,1,286.423706054688,366.25,0.0402964502573013
53,1,0,3,2,0,28536,27.0960597991943,1,1,1,1,1,372.977935791016,389.790008544922,0.206442087888718
49,1,0,4,2,0,28342,50.8800010681152,0,5,1,1,1,157.76350402832,229.039993286133,0.220686390995979
53,0,0,3,2,0,27344,85.0240936279297,0,4,2,2,1,473.902526855469,490.010009765625,0.0512600615620613
54,0,0,4,2,0,28378,28.1499996185303,1,3,1,1,1,73.1578521728516,143.710006713867,0.262723386287689
43,1,0,4,2,0,27155,83.4300003051758,0,5,1,3,1,286.674926757812,330.230010986328,0.190820917487144
50,1,1,3,1,0,23743,89.370002746582,0,2,1,2,1,339.760681152344,361.529998779297,0.148401319980621
48,1,1,4,1,0,22707,36.310001373291,0,3,1,NA,1,26.749942779541,0,0.174626991152763
40,0,1,3,1,0,21282,54.4900016784668,0,1,3,3,1,225.529159545898,250.889999389648,0.0219220574945211
42,1,1,4,1,0,25274,46.4700012207031,0,3,2,3,1,187.533096313477,302.399993896484,0.0324058644473553
55,1,1,1,1,0,25431,304.730010986328,0,1,1,NA,0,24.7687397003174,0,0.113867744803429
44,0,1,1,1,0,25965,60.9599990844727,0,3,1,1,0,278.310333251953,272.230010986328,0.0719708874821663
47,1,0,3,3,0,29333,41.6100006103516,0,3,1,1,1,149.785705566406,189.240005493164,0.16684901714325
60,1,0,4,2,0,26306,107.550003051758,0,4,1,2,1,247.32600402832,297.309997558594,0.336660206317902
59,0,1,2,1,0,26075,45.310001373291,1,1,1,NA,0,29.6148338317871,0,0.181663930416107
50,1,1,2,1,0,24539,181.350006103516,0,1,1,NA,0,81.9017333984375,0,0.11592873185873
57,1,0,4,2,0,26959,78.1600036621094,0,5,1,NA,1,39.6757926940918,0,0.295780569314957
48,0,1,4,1,0,25318,NA,NA,NA,NA,NA,1,0,0,NA
50,1,0,1,2,0,27138,84.879997253418,0,2,2,3,0,365.664581298828,371.239990234375,0.0217497479170561
48,0,1,1,1,0,20680,85.5899963378906,0,1,1,2,0,380.873382568359,362.980010986328,0.0820718258619308
56,1,0,3,2,0,26428,50.0999984741211,1,3,2,3,1,160.936050415039,279.570007324219,0.0618583783507347
46,1,1,2,1,0,22930,55.9500007629395,0,1,2,2,0,247.808547973633,261.720001220703,0.0181107763200998
53,1,1,1,1,0,20894,54.2400016784668,1,1,2,3,0,256.320617675781,306.559997558594,0.0186080075800419
51,0,0,1,2,0,26510,57.2700004577637,0,1,3,3,0,241.918899536133,220.039993286133,0.0231692455708981
57,1,1,1,1,0,22109,42.2400016784668,0,4,1,NA,0,34.5625152587891,0,0.127583175897598
54,1,0,1,2,0,27026,30.4599990844727,1,2,3,3,0,129.560791015625,304.350006103516,0.0281377844512463
55,1,1,2,1,0,24632,170.923706054688,0,1,1,1,0,679.564331054688,596.669982910156,0.145955368876457
45,1,1,3,1,0,20806,40.0900001525879,0,1,2,3,1,187.164642333984,224.25,0.025066651403904
43,1,0,2,3,0,29717,21.8899993896484,1,1,1,1,0,96.363899230957,268.549987792969,0.118543468415737
49,1,1,1,1,0,21786,90.4545516967773,0,1,3,3,0,703.951904296875,631.070007324219,0.0143819181248546
48,0,1,4,1,0,25838,49.6599998474121,0,3,1,1,1,163.139205932617,190.600006103516,0.175035938620567
44,0,1,1,1,0,23943,76.8557891845703,0,1,2,3,0,881.954895019531,772.989990234375,0.0113995503634214
61,1,1,4,1,0,25588,43.189998626709,1,3,2,NA,1,52.428638458252,0,0.0901312008500099
52,1,1,3,1,0,23692,81.2799987792969,0,3,1,1,1,289.661773681641,360.670013427734,0.160683274269104
67,1,0,3,3,0,29699,NA,NA,NA,NA,NA,1,0,0,NA
46,1,1,1,1,0,21102,73.3300018310547,0,3,1,1,0,345.126586914062,374.799987792969,0.0761880278587341
57,1,1,2,1,0,24199,99.7751007080078,0,1,1,1,0,471.759582519531,415.679992675781,0.162160560488701
57,1,1,1,1,0,22906,NA,NA,NA,NA,NA,0,0,0,NA
43,1,1,2,1,0,20914,38.2323417663574,0,1,3,3,0,965.063842773438,842.659973144531,0.0162003077566624
49,0,1,1,1,0,24812,80.8000030517578,0,1,1,1,0,358.403961181641,341.380004882812,0.0854051560163498
46,1,0,2,2,0,27340,21.7999992370605,1,1,3,3,0,107.235534667969,193.220001220703,0.025591840967536
54,1,0,3,2,0,27474,48.9375457763672,1,1,2,3,1,544.25537109375,490.410003662109,0.0543185956776142
43,0,1,1,1,0,21806,80.7699966430664,0,1,3,3,0,386.177917480469,411.579986572266,0.0110072176903486
52,1,1,2,1,0,22591,75.069938659668,0,1,1,1,0,848.347778320312,755.700012207031,0.126327008008957
53,1,1,1,1,0,22890,119.428031921387,0,1,3,3,0,887.81640625,812.140014648438,0.0186080075800419
48,0,0,3,2,0,27525,102.25,0,4,1,1,1,348.020690917969,401.570007324219,0.173037990927696
51,1,0,2,2,0,27957,56.3300018310547,0,1,1,NA,0,43.4951400756836,0,0.152423366904259
56,1,0,4,2,0,27439,102.169998168945,0,5,3,3,1,293.845062255859,324.339996337891,0.0827078744769096
50,1,0,3,2,0,26847,133.134658813477,0,3,3,3,1,546.873413085938,516.909973144531,0.043233584612608
46,1,1,4,1,0,23276,43.7127876281738,0,5,2,3,1,729.879943847656,648.450012207031,0.0367362052202225
51,1,1,1,1,0,24186,60.1599998474121,0,1,2,1,0,278.320678710938,297.670013427734,0.0162429753690958
51,1,1,3,1,0,20666,83.4700012207031,0,2,2,3,1,319.394134521484,387.410003662109,0.033339399844408
42,0,0,1,3,0,29403,56.2616310119629,0,1,2,2,0,760.582214355469,809.260009765625,0.0153797902166843
49,0,1,1,1,0,25773,39.75,0,2,1,NA,0,34.5876426696777,0,0.0854051560163498
49,0,0,3,2,0,28288,101.410003662109,0,1,3,3,1,352.148986816406,359.899993896484,0.0412749461829662
42,1,0,3,3,0,29373,45.3400001525879,0,1,3,3,1,201.703765869141,327.010009765625,0.0316406339406967
47,1,0,4,2,0,27669,100.980003356934,0,3,1,1,1,324.923583984375,377.440002441406,0.208527475595474
45,1,0,4,2,0,27739,100.5,0,5,3,3,1,348.549743652344,372.519989013672,0.0482507310807705
58,0,1,1,1,0,23792,64.7099990844727,1,4,1,1,0,241.647689819336,313.859985351562,0.135744050145149
43,0,1,2,1,0,22656,NA,NA,NA,NA,NA,0,0,0,NA
44,0,1,1,1,0,20016,75.1100006103516,0,3,1,1,0,352.679321289062,329.010009765625,0.0719708874821663
50,0,0,3,3,0,29750,62.5499992370605,0,3,2,2,1,219.283264160156,217.830001831055,0.0431153364479542
48,1,1,2,1,0,25198,54.3199996948242,0,2,3,3,0,238.306228637695,237.919998168945,0.0198864433914423
43,1,0,4,2,0,26277,42.310001373291,0,4,1,2,1,154.990036010742,184.600006103516,0.190820917487144
56,1,1,2,1,0,24726,41.4199981689453,0,1,2,NA,0,33.6011085510254,0,0.0331694222986698
44,1,1,4,1,0,25268,77.6500015258789,0,5,2,3,1,305.077270507812,332.179992675781,0.0342614911496639
42,1,0,4,2,0,28412,43,0,4,1,2,1,161.721710205078,196.039993286133,0.187662392854691
49,1,1,2,1,0,21751,57.1747398376465,0,1,3,3,0,916.507690429688,840.989990234375,0.020953880622983
NA,0,0,2,2,0,26509,129.299011230469,0,1,1,1,0,432.521331787109,464.779998779297,0.144536748528481
58,1,1,4,1,0,23007,107.440002441406,0,3,1,1,1,298.852661132812,329.5,0.259654849767685
44,0,0,3,2,0,28050,83.0500030517578,0,1,3,3,1,311.705505371094,321.049987792969,0.0337940976023674
34,0,1,2,1,0,22059,71.5500030517578,0,1,3,3,0,326.774749755859,309.010009765625,0.0145224304869771
46,1,1,1,1,0,23994,67.5036010742188,0,1,2,2,0,1088.81982421875,981.739990234375,0.0123294442892075
43,1,1,1,1,0,25798,96.4351043701172,0,1,2,2,0,579.156311035156,531.150024414062,0.0109612951055169
47,0,1,3,1,0,24758,83.8399963378906,0,1,3,3,1,325.815765380859,422.239990234375,0.0272879134863615
54,0,1,4,1,0,20972,42.6199989318848,1,4,3,3,1,137.84846496582,180.149993896484,0.0553580150008202
48,1,1,3,1,0,21811,114.320388793945,0,1,1,2,1,527.397216796875,542.150024414062,0.138228967785835
47,1,1,4,1,0,24332,NA,NA,NA,NA,NA,1,0,0,NA
54,1,1,4,1,0,20850,56.689998626709,1,3,2,3,1,197.064178466797,231.889999389648,0.0551807284355164
49,1,1,1,1,0,22246,99.7200012207031,0,3,1,1,0,449.643707275391,427.589996337891,0.0851575210690498
51,1,1,4,1,0,24325,93.6500015258789,0,1,1,1,1,314.735534667969,325.040008544922,0.193233087658882
43,0,1,4,1,0,21915,53.8499984741211,0,4,1,1,1,196.494766235352,209.199996948242,0.15439061820507
46,1,1,3,1,0,25438,30.0900001525879,1,2,2,2,1,133.539489746094,206.759994506836,0.026058966293931
49,0,1,2,1,0,22719,25.2700004577637,1,1,1,2,0,101.878486633301,172.440002441406,0.111739084124565
48,1,1,1,1,0,25770,10.1599998474121,1,3,1,2,0,57.0438499450684,71.0999984741211,0.0818314552307129
46,1,1,4,1,0,24239,109.180000305176,0,4,1,1,1,387.547546386719,423.179992675781,0.164936676621437
46,1,0,4,2,0,26196,70.879997253418,0,3,3,3,1,244.034072875977,302.329986572266,0.0499447137117386
NA,NA,1,1,1,0,23735,41.0499992370605,1,1,3,3,0,166.303817749023,232.289993286133,0.0303501505404711
51,0,0,4,2,0,28409,103.660003662109,0,5,1,2,1,309.503570556641,314.660003662109,0.235774517059326
48,1,0,4,2,0,28118,107.98999786377,0,5,2,2,1,349.604858398438,305.75,0.0540208071470261
48,1,0,4,2,0,28264,82.8600006103516,0,5,1,1,1,263.046722412109,257.660003662109,0.214313834905624
51,1,0,3,2,0,27244,12.3400001525879,1,4,2,NA,1,11.9827632904053,0,0.045577347278595
49,0,1,2,1,0,22040,89.9209899902344,0,1,2,2,0,832.367614746094,774.580017089844,0.0210339762270451
49,0,1,3,1,0,22796,86.9899978637695,0,1,2,1,1,329.830230712891,311.350006103516,0.0300149396061897
49,1,1,3,1,0,25193,29.1499996185303,0,2,1,NA,1,24.0454559326172,0,0.143065959215164
52,1,1,1,1,0,21184,67.2200012207031,0,1,1,NA,0,58.9659194946289,0,0.0974532663822174
58,0,1,1,1,0,20144,30.0300006866455,1,1,3,3,0,125.271179199219,220.190002441406,0.0277361739426851
38,1,1,1,1,0,21818,43.7599983215332,0,2,1,1,0,213.895645141602,276.690002441406,0.0645236372947693
50,1,1,1,1,0,21829,84.5299987792969,0,1,1,2,0,383.594787597656,375.709991455078,0.0888515189290047
39,0,1,3,1,0,24494,30.6100006103516,0,1,1,1,1,122.532135009766,190.179992675781,0.113767713308334
54,1,1,4,1,0,21240,NA,NA,NA,NA,NA,1,0,0,NA
55,1,1,3,1,0,21141,53.0699996948242,1,3,1,2,1,188.211517333984,235.039993286133,0.183617144823074
54,1,1,1,1,0,24398,39.9900016784668,0,2,1,NA,0,34.8212814331055,0,0.107881277799606
53,1,1,4,1,0,23115,49.7900009155273,1,4,2,3,1,175.516220092773,191.449996948242,0.0519145950675011
48,1,1,4,1,0,24029,76.620002746582,0,4,1,1,1,273.504364013672,307.450012207031,0.174626991152763
45,1,0,3,3,0,29290,34.3080673217773,0,3,3,3,1,736.381408691406,684.22998046875,0.0345926955342293
34,1,1,4,1,0,25159,45.25,0,2,1,2,1,184.039138793945,216.279998779297,0.143573269248009
44,1,1,1,1,0,23827,57.5299987792969,0,1,1,2,0,281.90234375,370.809997558594,0.0717533752322197
52,0,1,1,1,0,24619,70.3827896118164,0,1,2,3,0,539.549682617188,519.030029296875,0.0174236465245485
54,0,1,3,1,0,22705,27.4699993133545,1,2,2,3,1,130.540435791016,215.050003051758,0.0402964502573013
44,0,0,4,2,0,27972,55.4318084716797,0,1,2,3,1,484.545837402344,589.789978027344,0.0469210930168629
45,0,1,3,1,0,23855,89.4700012207031,0,1,2,3,1,361.576477050781,360,0.0251597817987204
53,1,0,4,2,0,26633,44.5400009155273,1,5,3,3,1,142.194351196289,154.800003051758,0.0691606625914574
50,0,0,1,3,0,29020,NA,NA,NA,NA,NA,0,0,0,NA
51,1,0,4,2,0,26953,100.5,0,5,3,3,1,307.827850341797,293.579986572266,0.0621387623250484
41,1,1,1,1,0,21972,94.4000015258789,0,1,2,2,0,467.558685302734,426.040008544922,0.0103509724140167
31,1,1,4,1,0,22885,47.1300010681152,0,1,2,2,1,195.00407409668,264.839996337891,0.0310950465500355
44,0,1,2,1,0,23629,91.2200012207031,0,4,1,2,0,391.197174072266,417.690002441406,0.0952680185437202
51,1,0,3,2,0,27617,67.3874664306641,0,1,1,1,1,495.372253417969,528.849975585938,0.191107615828514
40,1,0,3,2,0,27030,49.5099983215332,0,1,3,3,1,207.996063232422,291.720001220703,0.0305569488555193
49,0,0,2,2,0,27348,72.4199981689453,0,1,3,3,0,288.345184326172,329.040008544922,0.0294893532991409
53,1,1,4,1,0,20932,30.7199993133545,1,3,1,2,1,108.564125061035,148.899993896484,0.208668306469917
55,0,1,4,1,0,25336,58.9300003051758,1,4,1,2,1,169.383972167969,286.230010986328,0.227288872003555
45,1,1,1,1,0,22982,142.746322631836,0,1,2,2,0,791.691345214844,734.330017089844,0.0118063986301422
47,1,1,1,1,0,22635,411.799987792969,0,1,1,2,0,186.778594970703,222.350006103516,0.0788489952683449
48,1,1,1,1,0,24057,86.3000030517578,0,1,3,3,0,406.742462158203,435.679992675781,0.0136091280728579
40,1,0,4,2,0,28944,40.5900001525879,0,5,1,1,1,147.443115234375,181.880004882812,0.182764127850533
34,0,1,4,1,0,21776,79.3300018310547,0,3,1,1,1,296.042419433594,346.070007324219,0.143933042883873
42,1,1,4,1,0,21230,101.069999694824,0,4,2,3,1,389.818206787109,408.470001220703,0.0324058644473553
55,1,1,4,1,0,26050,41.6599998474121,1,3,2,2,1,143.824569702148,260.140014648438,0.0588021613657475
39,1,0,3,3,0,29593,43.4900016784668,0,1,1,2,1,174.030502319336,237.360000610352,0.143053293228149
57,0,1,4,1,0,21890,103.788665771484,0,4,3,3,1,375.268676757812,420.799987792969,0.0674574002623558
45,1,0,1,3,0,29575,41.6199989318848,0,1,3,3,0,194.288970947266,242.490005493164,0.0169292092323303
50,0,1,1,1,0,21902,52.6500015258789,0,1,3,3,0,236.973403930664,352,0.0153172053396702
56,1,0,3,2,0,28967,NA,NA,NA,NA,NA,1,0,0,NA
51,1,1,4,1,0,25076,100.220001220703,0,5,2,3,1,343.578918457031,424.890014648438,0.0463271252810955
49,1,0,3,2,0,27438,80.7799987792969,0,1,2,2,1,287.822509765625,349.200012207031,0.0411347970366478
51,1,0,4,2,0,28402,53.4599990844727,1,4,3,3,1,172.742584228516,216.369995117188,0.0621387623250484
51,1,1,3,1,0,23656,74.0299987792969,0,1,1,2,1,271.940826416016,331.760009765625,0.15426367521286
46,1,1,1,1,0,22359,88.3499984741211,0,1,2,3,0,426.92822265625,435.299987792969,0.0123294442892075
64,1,1,4,1,0,22606,NA,NA,NA,NA,NA,1,0,0,NA
40,1,1,3,1,0,25484,27.6299991607666,0,2,2,3,1,130.678756713867,166.100006103516,0.0218391101807356
49,1,0,4,2,0,27202,31.6900005340576,1,5,1,1,1,106.05184173584,195.039993286133,0.220686390995979
47,1,0,3,3,0,29098,24.5599994659424,1,1,2,3,1,103.024391174316,184.990005493164,0.0373576655983925
54,0,1,3,1,0,23236,8.97999954223633,1,1,1,3,1,26.9481620788574,83.5800018310547,0.175735384225845
49,1,0,4,2,0,26618,101.269996643066,0,5,2,2,1,331.157073974609,335.570007324219,0.0564385242760181
42,1,0,3,2,0,27810,656.890014648438,0,1,2,2,1,250.484985351562,246.630004882812,0.031845785677433
53,1,1,2,1,0,22075,805.099975585938,0,3,2,3,0,318.858917236328,373.820007324219,0.0267345290631056
55,0,0,2,2,0,28192,44.9500007629395,1,1,2,2,0,155.70442199707,205.070007324219,0.0424105897545815
45,0,1,3,1,0,23806,52.5685119628906,0,1,2,2,1,755.71240234375,716.419982910156,0.0251597817987204
57,0,1,3,1,0,22328,81.7056274414062,0,2,2,2,1,711.193664550781,624.119995117188,0.0497510731220245
40,1,1,3,1,0,20400,93.7003173828125,0,1,3,3,1,720.174133300781,649.710021972656,0.0218391101807356
55,1,1,1,1,0,26157,58.7900009155273,1,1,3,3,0,266.403930664062,273.820007324219,0.0216021966189146
43,1,1,4,1,0,24109,43.6300010681152,0,1,3,3,1,176.472137451172,247.059997558594,0.0332612656056881
54,0,1,2,1,0,24243,410.399993896484,0,1,3,3,0,154.72331237793,198.119995117188,0.028747433796525
48,1,0,3,3,0,29515,44.75,0,3,1,2,1,157.97380065918,337.75,0.17189759016037
45,1,1,4,1,0,23780,97.5800018310547,0,2,1,3,1,357.391479492188,358.549987792969,0.160834074020386
51,1,1,2,1,0,22490,75.3000030517578,0,1,1,NA,0,61.0595512390137,0,0.120881728827953
48,1,1,4,1,0,22513,45.3699989318848,0,3,1,2,1,165.87385559082,206.880004882812,0.174626991152763
53,0,1,1,1,0,22598,48.0099983215332,0,2,1,NA,0,39.6486892700195,0,0.102705933153629
59,0,1,2,1,0,23162,NA,NA,NA,NA,NA,0,0,0,NA
49,0,1,1,1,0,23845,31.5,1,1,3,3,0,141.214797973633,200.740005493164,0.0144399981945753
52,1,0,4,2,0,27104,45.0299987792969,1,2,1,1,1,132.12956237793,340.059997558594,0.243563696742058
57,0,1,1,1,0,23665,86.6500015258789,0,1,2,2,0,341.789367675781,389.429992675781,0.0254798699170351
45,1,0,3,3,0,29159,44.7700004577637,0,3,2,2,1,185.600952148438,225.800003051758,0.0345926955342293
45,1,1,1,1,0,23716,101.410003662109,0,1,3,3,0,485.070587158203,446.850006103516,0.0118063986301422
47,1,1,1,1,0,21291,50.4799995422363,0,1,1,2,0,237.312774658203,433.920013427734,0.0788489952683449
56,1,1,1,1,0,26024,64.2699966430664,0,2,2,NA,0,54.5174674987793,0,0.0233837105333805
48,1,1,2,1,0,20313,87.5999984741211,0,2,3,3,0,375.539306640625,378.959991455078,0.0198864433914423
63,1,1,3,1,0,25399,38.0900001525879,1,1,2,2,1,115.925033569336,149.419998168945,0.0801736414432526
46,1,1,1,1,0,25358,82.3600006103516,0,1,2,2,0,394.338439941406,393.609985351562,0.0123294442892075
48,1,0,4,2,0,27111,155.263000488281,0,5,1,2,1,389.782440185547,397.920013427734,0.214313834905624
52,0,1,3,1,0,21339,72.5800018310547,0,3,1,1,1,259.087005615234,275.670013427734,0.161070957779884
43,0,0,4,2,0,27091,40.060001373291,0,3,3,3,1,141.948272705078,211.240005493164,0.0456285327672958
45,1,0,2,2,0,28987,52.7400016784668,0,1,1,3,0,214.55989074707,262.670013427734,0.124848209321499
42,0,1,1,1,0,23429,426.559997558594,0,1,2,2,0,200.492202758789,269.079986572266,0.010673594661057
49,1,1,4,1,0,21934,40.560001373291,1,3,1,2,1,155.917541503906,219.880004882812,0.180260613560677
50,0,1,4,1,0,24605,45.0699996948242,1,5,1,2,1,144.263900756836,251.520004272461,0.186879724264145
51,1,1,4,1,0,21346,83.2200012207031,0,1,1,1,1,275.671569824219,274.339996337891,0.193233087658882
47,1,1,1,1,0,23863,159.094253540039,0,1,3,3,0,1049.13110351562,939.390014648438,0.0129278525710106
46,1,1,1,1,0,24338,54.7668533325195,0,1,2,2,0,929.786804199219,919.710021972656,0.0123294442892075
46,0,0,3,2,0,26482,25.8299999237061,1,2,2,3,1,95.7534332275391,133.110000610352,0.0362412594258785
40,1,0,2,2,0,26988,126.532455444336,0,1,3,3,0,684.596374511719,665.200012207031,0.0214365608990192
55,0,1,4,1,0,26116,NA,NA,NA,NA,NA,1,0,0,NA
51,1,1,4,1,0,25341,111.73999786377,0,3,1,2,1,372.047302246094,403.709991455078,0.193233087658882
48,1,1,2,1,0,22583,105.449996948242,0,1,2,3,0,459.097503662109,424.829986572266,0.0198864433914423
47,0,1,4,1,0,25688,49.7799987792969,0,3,1,1,1,170.932556152344,256.290008544922,0.169928267598152
44,1,1,4,1,0,21197,102.019996643066,0,4,1,1,1,371.197875976562,476.609985351562,0.157199114561081
37,1,1,1,1,0,23502,111.379997253418,0,1,3,3,0,546.573059082031,500.470001220703,0.00972679909318686
56,1,1,1,1,0,23464,46.4099998474121,1,1,1,2,0,189.000396728516,299.290008544922,0.120421066880226
45,1,1,1,1,0,21398,39.8699989318848,0,1,2,1,0,206.616668701172,292.190002441406,0.0118063986301422
38,1,0,4,2,0,28243,104.190002441406,0,5,2,2,1,369.372772216797,423.070007324219,0.0416305102407932
48,1,1,1,1,0,23150,34.2634315490723,1,1,2,2,0,941.239990234375,866.960021972656,0.0136091280728579
38,1,1,1,1,0,20223,49.7599983215332,0,1,1,1,0,242.857711791992,264.100006103516,0.0645236372947693
45,1,0,4,2,0,28482,71.9049453735352,0,5,2,2,1,389.270446777344,459.160003662109,0.0482507310807705
42,1,0,4,2,0,26770,24.4500007629395,0,5,1,1,1,90.1873245239258,201.809997558594,0.187662392854691
41,0,1,3,1,0,23387,106.180000305176,0,3,1,1,1,426.215576171875,478.779998779297,0.116684295237064
39,1,1,1,1,0,20580,98.0899963378906,0,1,3,3,0,483.218322753906,430.059997558594,0.00994591135531664
49,1,1,1,1,0,23821,37.9099998474121,1,1,3,2,0,186.708358764648,249.199996948242,0.0143819181248546
46,1,0,4,2,0,26559,123.199996948242,0,1,1,NA,1,54.6300163269043,0,0.203305020928383
50,0,1,2,1,0,24187,97.1561508178711,0,2,1,1,0,502.628295898438,505.880004882812,0.116238966584206
49,1,1,4,1,0,23394,166.173828125,0,2,2,3,1,455.525421142578,462.640014648438,0.0418251156806946
38,1,0,2,2,0,28854,82.5199966430664,0,1,3,3,0,364.997314453125,343.519989013672,0.0208442155271769
52,1,1,4,1,0,23678,106.919998168945,0,5,3,3,1,358.368499755859,354.820007324219,0.0489727929234505
45,0,1,1,1,0,20717,36.6100006103516,0,1,1,NA,0,33.8556900024414,0,0.0740510076284409
55,1,0,4,2,0,26790,72.6615295410156,0,3,2,2,1,693.085876464844,701.75,0.0777436718344688
39,1,1,1,1,0,23711,21.2600002288818,0,1,3,3,0,124.213905334473,281.630004882812,0.00994591135531664
46,1,1,3,1,0,22621,91.5471649169922,0,3,3,3,1,721.588317871094,779.280029296875,0.026058966293931
53,1,1,1,1,0,20408,319.089996337891,0,1,1,NA,0,26.8663902282715,0,0.10242211073637
60,1,0,4,2,0,28965,34.1599998474121,1,4,1,NA,1,16.5096015930176,0,0.336660206317902
52,1,0,4,2,0,27805,107.830001831055,0,5,2,2,1,326.657562255859,413.239990234375,0.0654705762863159
51,1,0,4,3,0,29564,31.6200008392334,0,1,1,NA,1,19.450288772583,0,0.234402120113373
52,0,0,3,2,0,26793,NA,NA,NA,NA,NA,1,0,0,NA
49,1,0,3,2,0,27593,46.4900016784668,1,1,3,3,1,182.607681274414,242.839996337891,0.0411347970366478
NA,1,1,3,1,0,22558,55.0200004577637,0,2,2,NA,1,96.7525634765625,0,0.0303501505404711
50,1,0,4,2,0,28417,60.9799995422363,0,5,1,1,1,190.885665893555,261.160003662109,0.227668836712837
39,1,1,1,1,0,21644,85.7300033569336,0,1,3,3,0,420.7880859375,488.380004882812,0.00994591135531664
46,1,1,1,1,0,21858,NA,NA,NA,NA,NA,0,0,0,NA
46,1,0,4,2,0,27136,82.4899978637695,0,1,1,1,1,267.341857910156,301.079986572266,0.203305020928383
52,1,1,4,1,0,21249,80.379997253418,0,2,3,3,1,274.230133056641,298.540008544922,0.0489727929234505
45,1,1,4,1,0,25457,45.689998626709,0,5,1,1,1,169.598709106445,246.529998779297,0.160834074020386
36,1,1,3,1,0,21053,41.810001373291,0,2,1,1,1,184.11491394043,187.990005493164,0.111549004912376
39,1,0,3,3,0,29175,77.0303649902344,0,3,2,1,1,827.080993652344,703.099975585938,0.0299032386392355
51,0,0,4,2,0,26374,15.3100004196167,1,3,1,NA,1,8.21519947052002,0,0.235774517059326
39,1,1,2,1,0,20878,143.070999145508,0,2,1,1,0,528.284729003906,493.040008544922,0.0868212208151817
47,1,1,2,1,0,24533,103.059997558594,0,1,1,1,0,433.126892089844,398.040008544922,0.10372956097126
37,1,1,1,1,0,23673,30.0200004577637,0,1,1,NA,0,30.2306861877441,0,0.0641039609909058
NA,1,1,1,1,0,22780,80.8199996948242,0,1,3,3,0,332.66455078125,331.399993896484,0.0303501505404711
36,1,1,4,1,0,20591,103.949996948242,0,3,1,2,1,389.60302734375,407.239990234375,0.143198683857918
47,1,1,3,1,0,22060,76.75,0,3,1,1,1,300.266357421875,318.589996337891,0.133864060044289
33,0,1,4,1,0,25630,40.5699996948242,0,3,1,2,1,158.677337646484,264.739990234375,0.144688948988914
38,1,1,4,1,0,22499,40.1399993896484,0,3,1,1,1,163.368957519531,264.899993896484,0.144333705306053
53,0,1,3,1,0,25479,32.1800003051758,0,3,1,NA,1,22.5281429290771,0,0.168091088533401
51,1,1,4,1,0,25919,45.7900009155273,1,5,1,1,1,153.864303588867,197.610000610352,0.193233087658882
54,1,0,1,2,0,26938,39.4431343078613,1,1,1,3,0,839.030639648438,828.539978027344,0.137113586068153
46,1,1,4,1,0,21136,46.5,0,3,1,1,1,173.898132324219,316.380004882812,0.164936676621437
42,1,1,1,1,0,25591,19.5087699890137,1,1,3,2,0,823.158874511719,732.02001953125,0.0106288930401206
50,0,1,1,1,0,25860,NA,NA,NA,NA,NA,0,0,0,NA
45,1,1,1,1,0,20682,120.487182617188,0,1,3,3,0,612.195129394531,619.159973144531,0.0118063986301422
40,1,1,1,1,0,20699,96.8099975585938,0,3,3,3,0,488.441711425781,515.02001953125,0.0101242139935493
52,1,1,4,1,0,21063,20.1599998474121,1,2,1,1,1,76.3225936889648,361.459991455078,0.200628027319908
66,1,0,3,2,0,27446,96.25,1,3,2,2,1,205.950592041016,263.420013427734,0.132545471191406
45,1,0,4,2,0,28704,41.3499984741211,0,5,1,2,1,153.016876220703,215.020004272461,0.198625653982162
49,1,0,3,2,0,27001,55.3825302124023,0,1,3,3,1,514.870666503906,568.909973144531,0.0411347970366478
50,1,1,4,1,0,25863,90.5599975585938,0,2,1,3,1,309.141876220703,327.720001220703,0.186453565955162
44,1,0,4,2,0,27314,46.8199996948242,0,3,1,1,1,158.069808959961,213.800003051758,0.194470122456551
49,1,0,1,3,0,29115,86.0100021362305,0,1,3,3,0,376.229949951172,342.390014648438,0.0204229671508074
58,1,1,3,1,0,23877,NA,NA,NA,NA,NA,1,0,0,NA
50,1,0,2,2,0,26706,86.2799987792969,0,1,2,2,0,333.881500244141,339.790008544922,0.0309781432151794
51,1,0,3,2,0,26474,51.2400016784668,1,3,3,3,1,185.328750610352,316.200012207031,0.045577347278595
48,1,1,3,1,0,25031,78.4899978637695,0,2,3,3,1,313.174865722656,328.75,0.0284663792699575
60,1,0,3,2,0,27056,NA,NA,NA,NA,NA,1,0,0,NA
41,1,1,2,1,0,22764,84.4499969482422,0,1,1,2,0,379.675262451172,339.059997558594,0.0892178490757942
58,1,0,4,2,0,28904,38.440673828125,1,3,2,3,1,394.388732910156,369.480010986328,0.0941826030611992
44,1,1,4,1,0,21188,73.6800003051758,0,4,1,1,1,270.552215576172,313.260009765625,0.157199114561081
56,1,1,1,1,0,24384,68.7600021362305,0,1,1,NA,0,56.3079948425293,0,0.120421066880226
49,0,1,2,1,0,23367,NA,NA,NA,NA,NA,0,0,0,NA
52,1,1,2,1,0,24882,NA,NA,NA,NA,NA,0,0,0,NA
43,0,0,4,2,0,26187,53.3133087158203,0,1,3,3,1,402.219482421875,395.679992675781,0.0456285327672958
54,0,0,3,3,0,29615,46.1199989318848,1,3,1,1,1,135.882064819336,212.880004882812,0.21472804248333
53,1,0,3,2,0,27029,105.112075805664,0,1,2,2,1,659.277221679688,599.02001953125,0.0510932542383671
48,1,1,1,1,0,21365,74.7740478515625,0,1,1,2,0,914.755737304688,843.599975585938,0.0818314552307129
43,0,0,4,2,0,28563,NA,NA,NA,NA,NA,1,0,0,NA
43,1,1,4,1,0,23593,78.7900009155273,0,3,2,2,1,305.630859375,306.049987792969,0.0332612656056881
39,1,1,1,1,0,23220,103.75,0,3,2,3,0,526.38720703125,466.640014648438,0.00994591135531664
57,1,0,4,2,0,26352,20.7800006866455,1,3,1,2,1,56.1223411560059,63.689998626709,0.295780569314957
48,1,1,2,1,0,25289,NA,NA,NA,NA,NA,0,0,0,NA
46,0,1,2,1,0,21927,82.9700012207031,0,1,3,2,0,354.831634521484,400.489990234375,0.018181536346674
NA,1,0,4,2,0,27654,22.9799995422363,1,5,1,2,1,89.7630233764648,163.550003051758,0.144536748528481
60,0,0,3,3,0,29685,408.380004882812,0,3,1,2,1,96.3595504760742,98.5599975585938,0.282592058181763
56,0,0,3,2,0,28218,122.577713012695,0,1,2,3,1,535.1962890625,550.179992675781,0.062052309513092
46,1,1,1,1,0,24713,35.0200004577637,1,1,1,2,0,176.01091003418,192.160003662109,0.0761880278587341
38,1,0,3,3,0,29793,79.2099990844727,0,3,3,3,1,309.725036621094,337.649993896484,0.0295652858912945
44,1,0,4,2,0,27745,44.6399993896484,0,5,1,2,1,147.263442993164,204.190002441406,0.194470122456551
49,1,1,4,1,0,23005,62.2099990844727,0,1,1,NA,1,43.1193199157715,0,0.180260613560677
50,1,1,1,1,0,22387,114.665969848633,0,2,2,3,0,657.463439941406,591.77001953125,0.0152560928836465
40,1,0,3,2,0,28129,92.5256958007812,0,3,2,2,1,658.320190429688,606.669982910156,0.0305569488555193
42,1,0,3,3,0,29637,62.6383361816406,0,3,1,2,1,810.451049804688,711.119995117188,0.148776739835739
50,1,0,4,2,0,28239,54.5099983215332,0,4,1,3,1,165.950103759766,236.289993286133,0.227668836712837
63,1,0,4,2,0,26906,19.1900005340576,1,3,1,1,1,43.8381881713867,154.529998779297,0.385288536548615
51,0,0,3,2,0,28463,42.9599990844727,1,1,1,1,1,141.15202331543,235.649993896484,0.1915403008461
53,0,1,2,1,0,24951,110.860000610352,0,1,3,3,0,433.165191650391,403.470001220703,0.0268328282982111
58,1,0,4,2,0,26889,25.6299991607666,1,1,1,NA,1,12.8139925003052,0,0.308567583560944
44,0,0,3,3,0,29284,51.7099990844727,0,3,2,3,1,201.042694091797,228.369995117188,0.0335786305367947
46,1,0,2,2,0,27058,107.430000305176,0,2,1,2,0,420.819183349609,449.450012207031,0.128309085965157
47,1,0,1,2,0,27526,86.2200012207031,0,3,1,1,0,382.317199707031,376.089996337891,0.102334521710873
49,1,0,4,2,0,28154,87.3899993896484,0,4,1,1,1,270.321563720703,323.670013427734,0.220686390995979
46,1,1,1,1,0,25326,79.8257446289062,0,1,3,3,0,590.761840820312,608.440002441406,0.0123294442892075
56,1,0,4,2,0,28329,120.791160583496,0,4,2,3,1,536.684631347656,550.159973144531,0.0827078744769096
49,0,1,3,1,0,22794,62.3127975463867,0,2,3,2,1,572.521301269531,509.350006103516,0.0300149396061897
41,1,0,4,2,0,28710,51.3199996948242,0,4,1,2,1,178.661773681641,313.390014648438,0.184980794787407
42,1,0,1,2,0,28101,94.2979583740234,0,1,1,2,0,540.72607421875,506.070007324219,0.0895771607756615
53,0,1,3,1,0,22244,82.5899963378906,0,2,1,2,1,280.132232666016,366.730010986328,0.168091088533401
41,0,1,3,1,0,23112,90.9599990844727,0,1,3,3,1,372.802429199219,373.269989013672,0.0223619379103184
44,1,1,1,1,0,24815,85.9300003051758,0,1,2,2,0,417.071868896484,490,0.0113522093743086
40,1,1,2,1,0,23511,66.0800018310547,0,2,2,2,0,308.119018554688,300.339996337891,0.0150246862322092
NA,1,1,3,1,0,22924,89.9298400878906,0,3,2,1,1,762.778076171875,754.340026855469,0.0303501505404711
46,1,0,4,2,0,28964,49.2400016784668,0,5,1,1,1,164.344375610352,261.690002441406,0.203305020928383
53,1,1,2,1,0,24042,83.6600036621094,0,4,1,1,0,329.833190917969,326.070007324219,0.132297292351723
46,0,1,3,1,0,22676,85.0421142578125,0,4,1,3,1,610.546752929688,585.320007324219,0.130282923579216
54,1,1,2,1,0,23671,60.9799995422363,1,1,2,3,0,248.314575195312,284.029998779297,0.0286433231085539
51,1,1,1,1,0,24667,20.5900001525879,1,1,1,3,0,110.046531677246,136.789993286133,0.0929403752088547
50,1,1,1,1,0,20448,107.370002746582,0,1,2,2,0,494.126861572266,465.350006103516,0.0152560928836465
43,1,1,3,1,0,24004,58.4300003051758,0,1,1,1,1,243.846908569336,311.920013427734,0.120670042932034
45,0,0,4,2,0,26349,59.9199981689453,0,5,1,1,1,189.4306640625,213.309997558594,0.199068605899811
52,1,0,3,2,0,27982,42.4700012207031,1,1,1,2,1,147.988632202148,214.889999389648,0.198453456163406
45,1,1,2,1,0,21629,21.0400009155273,1,2,1,2,0,106.325370788574,152.669998168945,0.0975597128272057
54,1,0,4,2,0,28445,57.3699989318848,1,5,1,1,1,160.960098266602,223.559997558594,0.262205898761749
NA,1,1,4,1,0,25582,NA,NA,NA,NA,NA,1,0,0,NA
47,1,1,1,1,0,22485,72.3399963378906,0,1,3,3,0,350.224365234375,345.200012207031,0.0129278525710106
46,0,1,4,1,0,21870,NA,NA,NA,NA,NA,1,0,0,NA
38,1,0,2,2,0,28770,112.082962036133,0,3,2,2,0,512.15185546875,484.290008544922,0.0208442155271769
43,1,0,3,3,0,29616,103.472839355469,0,1,3,3,1,750.466552734375,699.799987792969,0.0324793606996536
52,1,1,3,1,0,21558,31.3999996185303,0,2,1,NA,1,26.2597770690918,0,0.160683274269104
66,1,1,2,1,0,20589,101.26000213623,1,1,1,2,0,272.152252197266,304.690002441406,0.275690704584122
48,0,0,2,2,0,28734,64.2699966430664,0,4,1,1,0,241.740188598633,408.029998779297,0.136867597699165
49,1,1,1,1,0,22264,16.5100002288818,1,1,1,2,0,81.3771896362305,148.770004272461,0.0851575210690498
60,1,0,1,3,0,29138,49.4500007629395,1,1,2,2,0,200.166290283203,265.75,0.0448664240539074
50,1,1,3,1,0,24916,47.6199989318848,1,2,2,2,1,191.232223510742,195.830001831055,0.0315255858004093
44,1,0,4,2,0,28650,72.1500015258789,0,3,1,1,1,241.543212890625,253.029998779297,0.194470122456551
42,1,1,1,1,0,20341,77.0465240478516,0,1,3,3,0,641.908325195312,646.809997558594,0.0106288930401206
49,0,0,4,2,0,28767,87.7306365966797,0,5,2,2,1,448.054626464844,397.320007324219,0.0566189922392368
44,0,1,3,1,0,23040,81.25,0,2,3,3,1,327.275848388672,324.589996337891,0.0242912359535694
50,1,1,1,1,0,25524,NA,NA,NA,NA,NA,0,0,0,NA
54,1,0,2,2,0,27913,60.9300003051758,1,1,1,1,0,219.099349975586,340.670013427734,0.17332524061203
47,1,1,2,1,0,22351,96.6999969482422,0,1,2,2,0,427.727294921875,443.079986572266,0.0189423989504576
46,1,0,3,2,0,27302,55.6300010681152,0,5,3,2,1,216.170516967773,306.929992675781,0.0361152030527592
49,0,1,2,1,0,22881,120.247505187988,0,1,3,3,0,710.216003417969,681.630004882812,0.0210339762270451
44,1,1,3,1,0,21551,162.093826293945,0,2,2,2,1,543.174011230469,648.219970703125,0.0242007970809937
46,1,1,1,1,0,20118,41.4099998474121,0,1,3,3,0,204.550018310547,212.610000610352,0.0123294442892075
47,0,1,4,1,0,20982,40.4000015258789,1,1,1,1,1,138.60905456543,161.410003662109,0.169928267598152
57,1,1,3,1,0,25900,53.2999992370605,1,5,1,2,1,175.802139282227,174.350006103516,0.202325507998466
55,1,0,4,2,0,28929,40.5400009155273,1,4,2,2,1,120.752014160156,222.880004882812,0.0777436718344688
54,0,0,3,2,0,26772,22.9400005340576,1,5,1,1,1,69.9169692993164,209.259994506836,0.2155691832304
51,1,1,1,1,0,20638,27.8099994659424,1,2,1,1,0,132.014022827148,158.690002441406,0.0929403752088547
44,0,1,3,1,0,22085,20.3799991607666,1,3,1,1,1,83.0045013427734,248.559997558594,0.123693019151688
NA,1,1,2,1,0,23775,102.513076782227,0,1,3,3,0,900.490173339844,844.400024414062,0.0303501505404711
41,1,0,4,2,0,27569,15.6000003814697,1,1,1,1,1,63.1532669067383,330.809997558594,0.184980794787407
36,0,1,3,1,0,21326,106.779998779297,0,1,2,1,1,434.87939453125,413.399993896484,0.0210636798292398
48,1,1,1,1,0,24062,86.9700012207031,0,1,1,1,0,407.510772705078,441.720001220703,0.0818314552307129
35,1,0,3,3,0,29485,44.6800003051758,0,1,3,3,1,185.149185180664,216.309997558594,0.0292298495769501
46,1,1,2,1,0,23708,68.0699996948242,0,2,2,3,0,324.587615966797,359.109985351562,0.0181107763200998
49,1,1,1,1,0,25939,74.7799987792969,0,1,3,3,0,356.982238769531,400.440002441406,0.0143819181248546
56,1,1,1,1,0,22808,NA,NA,NA,NA,NA,0,0,0,NA
59,1,0,4,2,0,28642,30.5799999237061,1,5,1,NA,1,14.6734237670898,0,0.322188377380371
47,1,1,3,1,0,23227,42.4199981689453,0,2,3,3,1,181.680358886719,224.880004882812,0.0271882247179747
52,0,1,3,1,0,25963,37.0800018310547,1,2,1,1,1,131.85905456543,194.100006103516,0.161070957779884
39,1,1,2,1,0,21590,164.081512451172,0,1,3,3,0,972.942749023438,856.590026855469,0.0147735681384802
55,1,1,1,1,0,24928,50.7902374267578,1,1,2,3,0,490.094146728516,561.179992675781,0.0216021966189146
68,1,0,4,2,0,28398,54.0900001525879,1,3,1,NA,1,15.0500688552856,0,0.483380168676376
51,0,1,2,1,0,23564,76.2099990844727,0,3,1,1,0,302.869689941406,292.920013427734,0.121201261878014
44,1,1,2,1,0,25365,45.2000007629395,0,1,1,1,0,209.475860595703,330.519989013672,0.0949993953108788
57,1,0,3,2,0,28067,NA,NA,NA,NA,NA,1,0,0,NA
36,1,1,4,1,0,23991,62.1300010681152,0,4,2,3,1,255.760543823242,239.630004882812,0.0299469325691462
54,1,1,3,1,0,25826,50.5299987792969,1,1,3,3,1,186.858505249023,250.690002441406,0.0401590019464493
51,1,1,2,1,0,24790,79.9100036621094,0,1,1,1,0,334.857299804688,395.040008544922,0.120881728827953
52,1,0,4,2,0,28169,103.169998168945,0,4,3,3,1,315.961822509766,383.260009765625,0.0654705762863159
58,1,1,1,1,0,23529,218.540802001953,0,1,1,1,0,523.216552734375,493.179992675781,0.135398343205452
53,1,1,3,1,0,24586,106.089996337891,0,1,2,2,1,381.501831054688,337.170013427734,0.0376330204308033
40,1,0,1,2,0,27815,80.0599975585938,0,3,2,2,0,367.637329101562,465.329986572266,0.0147321866825223
56,0,0,3,3,0,29674,79.9800033569336,0,1,1,NA,1,94.1108245849609,0,0.234185338020325
60,1,1,1,1,0,20505,43.4000015258789,1,1,3,3,0,175.834121704102,176.789993286133,0.0329997949302197
42,1,0,3,3,0,29687,44.3899993896484,0,3,1,1,1,182.083541870117,297.470001220703,0.148776739835739
37,1,1,2,1,0,25967,60.2299995422363,0,1,3,3,0,287.176910400391,328.829986572266,0.0144646111875772
46,1,0,4,2,0,28553,103.779998779297,0,5,1,1,1,332.370483398438,416.730010986328,0.203305020928383
56,1,1,3,1,0,25367,64.8399963378906,0,1,1,NA,1,44.0361328125,0,0.192604705691338
43,1,1,1,1,0,22580,54.5999984741211,0,2,3,3,0,278.878387451172,315.970001220703,0.0109612951055169
43,1,1,4,1,0,23032,84.3399963378906,0,1,2,3,1,332.262664794922,323.540008544922,0.0332612656056881
65,0,1,2,1,0,23584,45.939998626709,1,1,2,1,0,135.727035522461,199.899993896484,0.0721987262368202
63,1,1,3,1,0,23013,NA,NA,NA,NA,NA,1,0,0,NA
48,1,1,4,1,0,25896,60.9799995422363,0,4,1,1,1,213.591384887695,239.940002441406,0.174626991152763
42,1,1,4,1,0,20968,NA,NA,NA,NA,NA,1,0,0,NA
41,1,0,4,2,0,26762,69.5100021362305,0,4,1,1,1,240.769439697266,272.480010986328,0.184980794787407
NA,NA,1,3,1,0,21932,100.419998168945,0,5,2,3,1,382.048156738281,358.329986572266,0.0303501505404711
50,1,1,3,1,0,20151,21.7689437866211,1,2,1,1,1,521.348815917969,467.25,0.148401319980621
36,0,1,1,1,0,21121,84.0599975585938,0,1,2,3,0,411.864349365234,436.820007324219,0.00972462352365255
40,0,1,2,1,0,25357,113.843292236328,0,1,2,2,0,1349.69506835938,1209.93994140625,0.015085001476109
51,1,1,2,1,0,25261,50.5900001525879,0,3,3,NA,0,44.5253753662109,0,0.0235107559710741
48,1,0,4,2,0,27672,65.0500030517578,0,1,3,3,1,215.480453491211,327.239990234375,0.0540208071470261
46,1,1,2,1,0,20171,54.9300003051758,0,1,2,3,0,249.874572753906,309.570007324219,0.0181107763200998
49,1,0,2,3,0,29439,198.330139160156,0,1,1,2,0,603.930114746094,609.090026855469,0.140672832727432
64,1,0,3,3,0,29543,40.9099998474121,1,3,1,1,1,101.27562713623,183.839996337891,0.344536423683167
44,0,1,2,1,0,22215,92.4258117675781,0,1,2,2,0,1384.33239746094,1166.18005371094,0.0168137196451426
57,1,1,2,1,0,21801,54.310001373291,0,1,1,NA,0,119.879043579102,0,0.162160560488701
52,0,1,3,1,0,20604,47.0555038452148,1,3,3,3,1,1005.15545654297,914.309997558594,0.0354918427765369
42,1,1,2,1,0,20095,141.393615722656,0,1,3,3,0,681.888549804688,774.549987792969,0.0157341063022614
48,1,0,3,2,0,27037,90.8466796875,0,5,2,3,1,423.630645751953,392.339996337891,0.0392606109380722
63,1,1,2,1,0,25692,NA,NA,NA,NA,NA,0,0,0,NA
41,1,0,4,2,0,28487,101.019996643066,0,4,2,2,1,354.985626220703,410.929992675781,0.0434426926076412
27,1,1,2,1,0,20746,71.3099975585938,0,1,1,1,0,308.992126464844,400.559997558594,0.09498480707407
54,1,1,1,1,0,25383,68.4199981689453,0,1,1,NA,0,57.4201469421387,0,0.107881277799606
44,1,1,2,1,0,20232,91.1399993896484,0,3,2,2,0,406.627044677734,501.720001220703,0.016747523099184
44,1,1,2,1,0,23820,69.5800018310547,0,1,3,3,0,314.371154785156,310.390014648438,0.016747523099184
53,1,0,4,2,0,27999,46.689998626709,0,5,2,NA,1,28.5940284729004,0,0.0691606625914574
47,1,0,1,2,0,28986,75.7399978637695,0,2,3,3,0,340.187927246094,371.600006103516,0.0185856781899929
54,1,0,3,2,0,27145,72.5800018310547,0,1,1,NA,1,46.057487487793,0,0.2151048630476
42,0,1,3,1,0,21373,95.0005798339844,0,2,1,2,1,699.676208496094,679.340026855469,0.118657551705837
48,1,1,3,1,0,23157,64.2900009155273,0,2,2,3,1,260.665435791016,308.399993896484,0.0284663792699575
47,1,0,3,2,0,27498,142.125518798828,0,1,1,1,1,522.954284667969,456.040008544922,0.167569503188133
50,1,1,1,1,0,25853,90.6900024414062,0,2,3,2,0,416.777252197266,368.350006103516,0.0152560928836465
53,1,1,3,1,0,26125,119.004104614258,0,3,1,1,1,716.296691894531,680.159973144531,0.16769252717495
54,1,1,2,1,0,21369,77.5788650512695,0,3,3,3,0,494.816497802734,448.369995117188,0.0286433231085539
34,0,0,3,2,0,27360,30.3299999237061,0,5,2,2,1,121.930793762207,218.910003662109,0.0296401549130678
44,1,1,3,1,0,24631,84.1424560546875,0,3,1,1,1,552.653991699219,550.700012207031,0.123368881642818
56,0,0,3,3,0,29731,40.2200012207031,1,3,1,3,1,114.007202148438,175.169998168945,0.234185338020325
43,0,1,2,1,0,22508,81.4000015258789,0,1,1,1,0,346.015411376953,328.380004882812,0.0930292531847954
53,1,1,1,1,0,25603,100.150001525879,0,1,2,2,0,435.124237060547,399.809997558594,0.0186080075800419
59,1,1,3,1,0,22577,67.6100006103516,1,1,2,2,1,228.314987182617,308.820007324219,0.0577584616839886
44,0,1,3,1,0,20308,25.3999996185303,1,3,1,1,1,107.00675201416,200.220001220703,0.123693019151688
41,1,1,1,1,0,20228,93.8226470947266,0,1,2,3,0,605.994873046875,539.119995117188,0.0103509724140167
64,1,1,3,1,0,24580,NA,NA,NA,NA,NA,1,0,0,NA
47,1,1,1,1,0,23524,17.8099994659424,1,1,2,3,0,96.2838363647461,122.889999389648,0.0129278525710106
49,1,0,1,2,0,26281,106.389999389648,0,1,3,3,0,463.67333984375,430.480010986328,0.0205651968717575
45,1,0,1,2,0,28593,54.6500015258789,0,3,3,3,0,258.697967529297,257.529998779297,0.0170504543930292
36,1,0,3,2,0,26806,62.5238075256348,0,1,1,1,1,756.023498535156,747.409973144531,0.141448020935059
58,1,1,2,1,0,20999,62.7000007629395,1,2,2,2,0,231.589584350586,245.789993286133,0.0388262309134007
55,1,1,3,1,0,20768,136.372344970703,0,1,2,3,1,641.921752929688,630.049987792969,0.0429729633033276
55,1,1,1,1,0,25347,56.0499992370605,0,1,1,NA,0,47.0773696899414,0,0.113867744803429
46,0,0,4,2,0,27693,24.9300003051758,1,3,1,1,1,72.8342132568359,91.0999984741211,0.20375420153141
45,1,0,4,2,0,28520,43.7900009155273,0,5,1,3,1,153.062774658203,203.300003051758,0.198625653982162
NA,0,1,1,1,0,22172,106.75,0,1,1,1,0,388.433166503906,359.959991455078,0.144536748528481
46,1,1,1,1,0,23267,41.0999984741211,0,2,1,1,0,201.015930175781,212.199996948242,0.0761880278587341
46,0,0,3,2,0,26597,58.0499992370605,0,1,1,1,1,210.337478637695,276.369995117188,0.163405001163483
53,1,1,1,1,0,25032,52.310001373291,1,1,2,2,0,238.793655395508,248.529998779297,0.0186080075800419
63,1,1,1,1,0,20070,NA,NA,NA,NA,NA,0,0,0,NA
49,1,1,3,1,0,20960,85.9400024414062,0,1,2,2,1,337.456146240234,298.440002441406,0.0299070440232754
52,1,1,1,1,0,25398,67.8099975585938,0,1,2,NA,0,60.8640632629395,0,0.017355402931571
37,1,0,4,2,0,26994,25.25,0,5,1,2,1,94.6421127319336,206.619995117188,0.178814634680748
43,1,1,3,1,0,20040,83.1999969482422,0,3,1,2,1,347.738830566406,394.100006103516,0.120670042932034
47,1,0,1,2,0,28600,101.290000915527,0,3,1,1,0,433.276092529297,443.029998779297,0.102334521710873
53,1,1,2,1,0,22257,110.800003051758,0,2,2,3,0,446.214416503906,500.359985351562,0.0267345290631056
54,1,1,2,1,0,24820,92.5500030517578,0,1,2,2,0,371.758941650391,368.079986572266,0.0286433231085539
44,0,1,2,1,0,22142,81.7099990844727,0,1,3,3,0,357.025329589844,452.429992675781,0.0168137196451426
48,1,0,3,3,0,29294,96.8304595947266,0,3,3,3,1,429.067199707031,584.090026855469,0.039016991853714
50,1,1,1,1,0,23872,58.9778327941895,0,1,3,3,0,905.877136230469,859.219970703125,0.0152560928836465
NA,NA,0,1,2,0,28383,42.5499992370605,1,1,2,2,0,169.001159667969,270.489990234375,0.0303501505404711
56,1,1,1,1,0,22554,NA,NA,NA,NA,NA,0,0,0,NA
41,1,1,1,1,0,20414,167.837203979492,0,1,2,2,0,977.345275878906,851.010009765625,0.0103509724140167
47,1,0,4,2,0,26302,71.2681732177734,0,1,2,3,1,395.761749267578,399.279998779297,0.0518624819815159
59,1,1,1,1,0,20698,NA,NA,NA,NA,NA,0,0,0,NA
44,0,1,4,1,0,22121,32.1800003051758,0,1,2,2,1,124.604080200195,174.729995727539,0.0343822166323662
56,1,1,3,1,0,20464,450.149993896484,0,4,2,2,1,158.914016723633,241.300003051758,0.0461049638688564
48,1,1,4,1,0,22407,84.7167205810547,0,3,2,3,1,475.604827880859,535.820007324219,0.0399253256618977
38,1,1,4,1,0,21283,42.310001373291,0,3,1,1,1,179.847671508789,311.720001220703,0.144333705306053
34,0,0,3,2,0,27901,58.1800003051758,0,2,1,1,1,224.50358581543,221.589996337891,0.142176300287247
52,1,0,4,2,0,27555,NA,NA,NA,NA,NA,1,0,0,NA
44,1,1,2,1,0,22600,48.1800003051758,0,2,3,3,0,224.779067993164,386.980010986328,0.016747523099184
56,1,0,4,2,0,26207,44.2299995422363,1,4,2,2,1,129.572326660156,204.690002441406,0.0827078744769096
42,1,1,3,1,0,23750,41,0,3,3,3,1,182.745559692383,187.520004272461,0.0228134952485561
49,1,1,2,1,0,25394,86.129997253418,0,1,3,3,0,372.263793945312,374.709991455078,0.020953880622983
47,1,0,2,2,0,26288,40.5400009155273,0,3,2,3,0,170.018218994141,277.649993896484,0.0267042145133018
50,1,0,4,2,0,28456,23.8799991607666,1,4,1,3,1,86.686408996582,188.270004272461,0.227668836712837
51,1,1,4,1,0,24130,36.4099998474121,0,4,1,NA,1,25.4357643127441,0,0.193233087658882
51,1,0,4,2,0,27008,54.1300010681152,0,5,2,3,1,175.601089477539,229.710006713867,0.0621387623250484
54,1,1,1,1,0,24803,31.2999992370605,1,2,1,2,0,142.920669555664,212.979995727539,0.107881277799606
34,1,0,3,2,0,26531,12.8299999237061,0,2,1,1,1,54.1674766540527,187.830001831055,0.141819506883621
51,1,0,4,2,0,27255,110.300003051758,0,5,1,1,1,330.174102783203,456.910003662109,0.235286056995392
46,1,1,1,1,0,20226,36.4599990844727,0,1,2,2,0,189.861846923828,370.619995117188,0.0123294442892075
42,1,1,4,1,0,23457,51.4300003051758,0,5,2,3,1,210.716690063477,327.859985351562,0.0324058644473553
43,1,1,2,1,0,23707,43.5299987792969,0,1,1,1,0,199.332122802734,262.859985351562,0.0927653014659882
42,0,1,3,1,0,23327,57.1414642333984,0,1,1,2,1,784.235412597656,769.25,0.118657551705837
50,0,0,3,2,0,28148,107.330001831055,0,3,2,1,1,372.071197509766,430.649993896484,0.0433794930577278
49,0,1,3,1,0,23225,51.810001373291,0,2,2,2,1,202.70231628418,260.329986572266,0.0300149396061897
50,0,0,4,2,0,26607,72.379997253418,0,3,1,2,1,208.068588256836,240.149993896484,0.228148460388184
44,1,0,3,3,0,29148,45.5800018310547,0,3,2,2,1,183.218673706055,252.830001831055,0.0334602333605289
43,0,0,4,2,0,28072,47.8699989318848,0,4,1,1,1,153.394348144531,176.809997558594,0.191253140568733
35,0,1,4,1,0,25723,51.9199981689453,0,3,1,1,1,197.75212097168,309.010009765625,0.143556639552116
45,1,0,4,2,0,28754,23.4300003051758,1,3,2,2,1,92.6619720458984,179.860000610352,0.0482507310807705
46,1,1,1,1,0,26049,60.2299995422363,0,1,1,NA,0,56.1851997375488,0,0.0761880278587341
47,1,1,1,1,0,23268,110.180000305176,0,1,3,3,0,518.074401855469,496.859985351562,0.0129278525710106
45,1,0,4,2,0,27580,33.2299995422363,1,5,1,1,1,112.709190368652,151.020004272461,0.198625653982162
47,0,0,4,2,0,26803,69.8000030517578,0,5,1,1,1,215.247863769531,366.549987792969,0.208983451128006
NA,0,1,4,1,0,25564,76.7399978637695,0,5,2,NA,1,57.9466552734375,0,0.0303501505404711
59,1,0,4,2,0,26584,NA,NA,NA,NA,NA,1,0,0,NA
45,1,1,1,1,0,24355,43.6100006103516,0,1,2,3,0,220.509857177734,231.600006103516,0.0118063986301422
56,1,1,4,1,0,20583,66.3000030517578,1,3,1,1,1,197.304046630859,271.970001220703,0.236975729465485
52,1,1,1,1,0,20858,72.5299987792969,0,1,1,1,0,316.972961425781,299.75,0.0974532663822174
46,1,1,2,1,0,21609,56.6300010681152,0,1,3,3,0,259.447937011719,360.869995117188,0.0181107763200998
57,1,1,4,1,0,21218,30.1299991607666,1,4,1,NA,1,18.5221462249756,0,0.247913494706154
45,0,0,3,2,0,27718,78.3899993896484,0,1,3,3,1,299.682342529297,312.940002441406,0.0349357984960079
NA,NA,1,4,1,0,25211,13.9700002670288,1,3,1,2,1,70.8605270385742,148.869995117188,0.144536748528481
50,1,1,3,1,0,25000,32.4199981689453,1,2,1,1,1,143.340301513672,332.309997558594,0.148401319980621
54,1,0,1,2,0,27479,41.9900016784668,1,1,2,3,0,182.232299804688,246.639999389648,0.0281377844512463
50,1,0,4,2,0,27646,100.699996948242,0,4,1,1,1,307.518615722656,363.769989013672,0.227668836712837
NA,NA,1,4,1,0,23702,39.7799987792969,0,3,1,NA,1,30.4100532531738,0,0.144536748528481
49,1,0,1,2,0,28679,67.2399978637695,0,1,3,3,0,291.210479736328,318.950012207031,0.0205651968717575
42,1,1,2,1,0,24138,77.860969543457,0,1,3,3,0,891.028564453125,786.419982910156,0.0157341063022614
50,0,0,4,2,0,28921,51.2700004577637,0,5,1,1,1,153.874877929688,240.710006713867,0.228148460388184
55,1,1,1,1,0,25804,412.049987792969,0,1,1,1,0,166.77099609375,228.630004882812,0.113867744803429
55,1,0,3,3,0,29576,60.4199981689453,1,1,2,2,1,199.570297241211,194.789993286133,0.057563129812479
47,1,1,4,1,0,21006,41.5499992370605,0,2,1,2,1,147.805648803711,247.460006713867,0.169526964426041
44,1,0,3,2,0,26592,190.370635986328,0,1,3,3,1,541.361328125,557.690002441406,0.0336750745773315
50,1,0,4,2,0,27017,58.0099983215332,0,5,2,3,1,189.943328857422,203.660003662109,0.0591366998851299
48,1,1,1,1,0,20375,102.440002441406,0,1,1,2,0,481.625671386719,438.459991455078,0.0818314552307129
46,1,1,1,1,0,23548,42.6300010681152,0,1,1,2,0,215.626068115234,203.660003662109,0.0761880278587341
44,1,0,2,3,0,29134,90.5699996948242,0,1,3,3,0,379.8486328125,394.470001220703,0.0236011203378439
36,1,0,3,2,0,28408,83.4577102661133,0,1,2,3,1,682.433410644531,685.900024414062,0.0294223185628653
39,1,1,3,1,0,25976,61.8600006103516,0,2,2,NA,1,53.4039726257324,0,0.0214935410767794
47,1,0,4,2,0,28075,122.345657348633,0,4,1,1,1,370.558929443359,421.970001220703,0.208527475595474
46,1,1,3,1,0,23597,91.8851852416992,0,3,1,3,1,448.936157226562,394.570007324219,0.12994684278965
50,1,0,3,2,0,27127,110.793807983398,0,1,1,3,1,592.433349609375,586.739990234375,0.184374466538429
49,1,1,1,1,0,26156,93.9700012207031,0,3,1,2,0,425.773040771484,395.619995117188,0.0851575210690498
50,0,1,4,1,0,21302,71.3899993896484,0,2,1,NA,1,46.4372024536133,0,0.186879724264145
53,1,1,4,1,0,23333,48.9000015258789,0,3,1,NA,1,80.3188400268555,0,0.208668306469917
36,1,0,3,3,0,29565,56.689998626709,0,1,3,3,1,235.342269897461,277.25,0.0292301792651415
46,1,0,4,2,0,27902,23.0100002288818,1,4,1,1,1,84.1536102294922,142.130004882812,0.203305020928383
49,1,1,3,1,0,24843,69.0299987792969,0,1,1,1,1,263.075836181641,347.079986572266,0.143065959215164
37,1,0,4,2,0,28449,145.593688964844,0,5,1,1,1,400.531555175781,404.239990234375,0.178814634680748
51,1,0,4,2,0,27254,21.7399997711182,1,3,1,2,1,76.0178527832031,181.860000610352,0.235286056995392
45,1,0,1,3,0,29790,39.5800018310547,0,1,2,3,0,184.377807617188,217.669998168945,0.0169292092323303
49,1,1,4,1,0,23057,60.8600006103516,0,2,1,1,1,210.638793945312,296.739990234375,0.180260613560677
47,1,1,4,1,0,20570,58.8836441040039,0,3,3,3,1,448.875030517578,441.529998779297,0.0382344610989094
52,1,1,2,1,0,20665,61.2400016784668,0,1,3,3,0,260.622161865234,243.699996948242,0.0250304825603962
46,1,1,1,1,0,22379,97.4700012207031,0,1,1,1,0,461.942474365234,504.720001220703,0.0761880278587341
43,1,0,1,2,0,28279,29.7999992370605,0,2,1,2,0,141.878936767578,176.059997558594,0.0914801806211472
53,1,1,1,1,0,24016,82.75,0,1,2,3,0,362.843444824219,316.609985351562,0.0186080075800419
56,1,1,3,1,0,23563,98.9941101074219,0,4,3,3,1,531.169189453125,539.890014648438,0.0461049638688564
46,1,1,1,1,0,26123,57.4799995422363,0,1,2,2,0,287.136871337891,375.779998779297,0.0123294442892075
53,1,0,3,2,0,27140,97.3549346923828,0,1,3,3,1,1044.41760253906,992.890014648438,0.0510932542383671
49,1,1,4,1,0,24724,64.7099990844727,0,4,2,2,1,238.824676513672,345.579986572266,0.0418251156806946
53,1,1,1,1,0,25892,109.520843505859,0,2,1,1,0,792.79638671875,725.090026855469,0.10242211073637
46,1,0,3,2,0,28121,150.66618347168,0,1,1,2,1,804.931701660156,714.380004882812,0.16301366686821
37,1,0,1,3,0,29554,93.9042739868164,0,1,3,3,0,673.488220214844,622.239990234375,0.0140780238434672
50,1,1,1,1,0,23835,84.870002746582,0,1,2,2,0,390.740631103516,482.540008544922,0.0152560928836465
43,1,1,2,1,0,22147,35.8759346008301,0,1,1,3,0,866.812316894531,749.799987792969,0.0927653014659882
60,1,1,4,1,0,20212,140.169998168945,0,3,2,NA,1,70.1376419067383,0,0.0835462957620621
39,1,1,1,1,0,22134,84.0124130249023,0,1,2,2,0,637.241882324219,665.890014648438,0.00994591135531664
48,1,1,1,1,0,21623,220.56184387207,0,1,2,3,0,538.768859863281,473.119995117188,0.0136091280728579
56,1,1,2,1,0,21923,62.6199989318848,1,2,2,2,0,243.333618164062,272.670013427734,0.0331694222986698
42,1,1,4,1,0,24665,66.0849456787109,0,5,3,2,1,494.92333984375,550.460021972656,0.0324058644473553
56,1,0,3,3,0,29484,81.4810943603516,0,3,1,1,1,617.616882324219,529.52001953125,0.233698695898056
50,1,1,2,1,0,23588,50.9300003051758,0,1,1,1,0,214.485702514648,231.110000610352,0.11592873185873
49,1,1,4,1,0,25937,68.8899993896484,0,4,1,2,1,239.678466796875,349.290008544922,0.180260613560677
41,1,1,2,1,0,24206,102.029998779297,0,1,2,3,0,470.019683837891,430.839996337891,0.0153436884284019
38,1,1,1,1,0,22487,166.934036254883,0,3,1,1,0,991.675720214844,877.960021972656,0.0645236372947693
47,0,1,1,1,0,25768,73.4499969482422,0,1,2,3,0,346.453674316406,365.529998779297,0.0129808392375708
NA,NA,1,4,1,0,20965,55.3800010681152,0,4,1,2,1,223.920974731445,226.179992675781,0.144536748528481
49,1,1,1,1,0,24876,NA,NA,NA,NA,NA,0,0,0,NA
50,1,0,4,2,0,26783,10.4399995803833,1,3,3,3,1,46.3210258483887,137.220001220703,0.0591366998851299
48,1,1,1,1,0,23192,27.5499992370605,1,3,2,2,0,143.50634765625,262.119995117188,0.0136091280728579
46,0,1,2,1,0,20664,45.7999992370605,0,1,1,3,0,199.015350341797,177.070007324219,0.10074320435524
41,1,1,4,1,0,22662,42.3899993896484,0,4,1,1,1,160.999465942383,319.510009765625,0.148928374052048
47,1,0,3,3,0,29625,102.410003662109,0,3,1,1,1,365.630187988281,362.880004882812,0.16684901714325
50,0,1,3,1,0,20045,69.1999969482422,0,3,1,1,1,252.56413269043,328.160003662109,0.148769170045853
52,0,1,1,1,0,22217,40.1500015258789,1,1,3,3,0,177.697525024414,204.320007324219,0.0174236465245485
45,1,0,2,2,0,26589,118.470001220703,0,2,1,NA,0,68.3905487060547,0,0.124848209321499
51,1,1,2,1,0,23952,47.6699981689453,0,1,1,NA,0,39.1772537231445,0,0.120881728827953
43,1,1,3,1,0,23322,47.5999984741211,0,3,1,1,1,197.278167724609,248.179992675781,0.120670042932034
NA,1,0,4,2,0,26678,106.529998779297,0,5,3,3,1,416.472259521484,394.209991455078,0.0303501505404711
44,0,1,4,1,0,20431,125.490119934082,0,5,1,1,1,739.54443359375,726.190002441406,0.157581269741058
55,0,1,1,1,0,22865,94.870002746582,0,4,1,1,0,386.85546875,424.869995117188,0.114174045622349
51,1,1,1,1,0,24402,86.6999969482422,0,1,2,3,0,390.052276611328,412.350006103516,0.0162429753690958
49,1,1,2,1,0,25543,42.6699981689453,1,2,1,1,0,181.271331787109,249.669998168945,0.111437477171421
37,0,1,1,1,0,23859,54.560001373291,0,1,1,1,0,259.15478515625,388.890014648438,0.06430334597826
54,1,0,3,2,0,27184,48.4500007629395,1,2,1,1,1,161.404678344727,261.369995117188,0.2151048630476
38,1,0,3,2,0,27856,70.2200012207031,0,2,1,1,1,271.565643310547,341.100006103516,0.142573654651642
52,1,0,1,3,0,29447,41.9900016784668,1,1,1,2,0,183.682556152344,304.279998779297,0.124130718410015
40,0,1,1,1,0,23146,66.5699996948242,0,1,1,2,0,322.597686767578,447.040008544922,0.0662123486399651
47,1,0,3,3,0,29147,101.120002746582,0,1,3,3,1,366.193237304688,346.5,0.0373576655983925
46,1,1,3,1,0,21809,47.8499984741211,0,3,1,1,1,190.436065673828,239.020004272461,0.12994684278965
44,1,1,3,1,0,25385,69.3695220947266,0,1,2,2,1,493.015411376953,497.079986572266,0.0242007970809937
50,1,1,2,1,0,25456,38.5699996948242,1,2,2,2,0,168.522430419922,278.959991455078,0.0221572518348694
49,1,1,3,1,0,23720,76.9000015258789,0,1,2,3,1,303.991577148438,298.799987792969,0.0299070440232754
48,1,0,4,2,0,26199,16.7600002288818,1,5,1,2,1,56.1026458740234,139.050003051758,0.214313834905624
51,1,1,3,1,0,24990,NA,NA,NA,NA,NA,1,0,0,NA
49,1,0,4,2,0,28672,101.379997253418,0,5,2,2,1,332.093963623047,386.720001220703,0.0564385242760181
53,0,1,3,1,0,20577,40.0200004577637,1,3,1,1,1,140.807174682617,264.899993896484,0.168091088533401
44,0,1,1,1,0,25951,102.699996948242,0,1,2,3,0,487.869140625,511.390014648438,0.0113995503634214
47,1,1,3,1,0,25364,52.6399993896484,0,1,1,NA,1,189.267791748047,0,0.133864060044289
56,0,1,2,1,0,21048,83.6399993896484,0,1,1,1,0,300.976348876953,321.320007324219,0.154095888137817
56,1,0,3,2,0,27966,NA,NA,NA,NA,NA,1,0,0,NA
49,1,1,1,1,0,20445,103.199996948242,0,1,1,1,0,467.269073486328,407.130004882812,0.0851575210690498
46,1,1,2,1,0,24035,87.0299987792969,0,1,2,2,0,383.937652587891,453.670013427734,0.0181107763200998
56,1,0,4,2,0,26432,97.1800003051758,0,2,3,3,1,264.093963623047,425.420013427734,0.0827078744769096
42,1,0,2,3,0,29245,40.3499984741211,0,1,3,3,0,183.759552001953,229.710006713867,0.0222429372370243
49,1,0,4,2,0,26382,41.4500007629395,1,5,1,1,1,135.460067749023,215.380004882812,0.220686390995979
35,0,1,4,1,0,22191,53.4799995422363,0,5,1,1,1,192.480880737305,203.949996948242,0.143556639552116
54,1,0,4,3,0,29336,106.75,0,3,1,2,1,296.579895019531,277.309997558594,0.261269330978394
42,1,1,1,1,0,22822,16.3078899383545,1,1,1,2,0,1141.9658203125,954.900024414062,0.0683941096067429
NA,0,0,4,2,0,26451,46.4987335205078,1,1,1,2,1,443.998229980469,468.339996337891,0.144536748528481
49,0,0,4,2,0,27785,48.9599990844727,0,4,1,1,1,143.623199462891,205.520004272461,0.22115758061409
47,1,0,3,2,0,26535,41.6500015258789,0,2,3,3,1,166.753005981445,229.320007324219,0.0375928096473217
41,0,1,1,1,0,26017,99.1821136474609,0,1,3,3,0,793.225158691406,662.969970703125,0.0103946607559919
NA,1,1,4,1,0,23245,14.4300003051758,1,2,1,NA,1,11.192346572876,0,0.144536748528481
35,1,1,4,1,0,24070,52.3600006103516,0,4,2,1,1,213.337783813477,237.070007324219,0.029946580529213
51,1,1,1,1,0,25057,NA,NA,NA,NA,NA,0,0,0,NA
44,0,0,2,2,0,26527,54.0400009155273,0,1,1,1,0,212.284454345703,217.009994506836,0.122110724449158
59,1,1,3,1,0,25179,NA,NA,NA,NA,NA,1,0,0,NA
48,1,1,4,1,0,26149,NA,NA,NA,NA,NA,1,0,0,NA
62,1,1,3,1,0,24032,34.5099983215332,1,2,1,NA,1,19.8594951629639,0,0.263242810964584
47,1,1,3,1,0,21396,18.3799991607666,1,2,2,2,1,88.7485580444336,175.25,0.0271882247179747
56,1,1,1,1,0,20645,58.0800018310547,0,1,2,NA,0,50.2550239562988,0,0.0233837105333805
57,1,1,1,1,0,21694,119.486465454102,0,1,1,3,0,790.448547363281,741.280029296875,0.127583175897598
39,1,1,3,1,0,22136,52.8096199035645,0,3,2,2,1,816.592895507812,768.780029296875,0.0214935410767794
54,0,1,3,1,0,21494,61.0800018310547,1,1,3,3,1,220.549850463867,239.509994506836,0.0402964502573013
43,1,0,3,2,0,27113,81.7300033569336,0,1,1,2,1,306.697814941406,323.230010986328,0.152175262570381
54,1,0,4,2,0,27846,60.2400016784668,1,5,2,3,1,179.478897094727,292.109985351562,0.0732403099536896
45,1,0,2,2,0,27979,40.7099990844727,0,2,2,3,0,182.52392578125,208.009994506836,0.0246144961565733
55,1,1,3,1,0,22294,54.6199989318848,1,2,1,1,1,190.682083129883,188.179992675781,0.183617144823074
NA,0,0,3,3,0,29163,107.169998168945,0,3,1,1,1,405.548004150391,430.140014648438,0.144536748528481
30,0,1,3,1,0,23719,83.7099990844727,0,2,1,2,1,335.013763427734,369.739990234375,0.116673342883587
44,1,1,1,1,0,24615,80.620002746582,0,1,3,3,0,400.933288574219,518.179992675781,0.0113522093743086
45,1,1,2,1,0,25068,64.370002746582,0,1,3,3,0,295.703979492188,334.220001220703,0.0173819325864315
51,1,0,4,2,0,28001,44.5499992370605,1,4,1,1,1,134.115737915039,231.740005493164,0.235286056995392
65,1,0,2,3,0,29317,NA,NA,NA,NA,NA,0,0,0,NA
49,0,1,3,1,0,24738,124.01203918457,0,1,3,3,1,560.63818359375,550.419982910156,0.0300149396061897
54,0,1,1,1,0,24505,60.7099990844727,1,1,3,3,0,259.284149169922,320.519989013672,0.0200944114476442
58,1,1,1,1,0,24904,NA,NA,NA,NA,NA,0,0,0,NA
50,1,1,1,1,0,22934,36.0200004577637,0,1,2,NA,0,34.7601699829102,0,0.0152560928836465
50,1,1,3,1,0,20711,73.4432144165039,0,2,2,3,1,639.455871582031,613.630004882812,0.0315255858004093
42,1,0,4,2,0,26972,46.2999992370605,0,4,2,1,1,166.822494506836,234.509994506836,0.0443721227347851
45,1,1,3,1,0,20164,35.6599998474121,0,2,1,2,1,150.047149658203,165.850006103516,0.126455187797546
36,0,0,1,2,0,28076,75.9277572631836,0,1,2,3,0,632.363708496094,662.679992675781,0.0141785200685263
47,1,1,2,1,0,21905,81.6900024414062,0,1,2,3,0,358.863159179688,351.959991455078,0.0189423989504576
48,1,1,2,1,0,22782,45.3800010681152,0,1,1,1,0,197.482009887695,195.440002441406,0.107379741966724
46,1,0,4,2,0,26284,45.7799987792969,0,5,2,2,1,168.386520385742,253.389999389648,0.0499447137117386
50,1,0,4,2,0,27791,43.1399993896484,1,4,1,1,1,136.208114624023,223.440002441406,0.227668836712837
51,0,0,3,3,0,29353,60.060001373291,0,3,1,1,1,201.728988647461,242.740005493164,0.190756574273109
47,1,0,1,2,0,26486,82.4138259887695,0,2,2,3,0,563.215270996094,479.529998779297,0.0185856781899929
44,0,0,4,2,0,26782,47.1800003051758,0,4,1,1,1,156.092407226562,210.910003662109,0.194907367229462
51,1,0,3,2,0,28698,51.3899993896484,1,2,2,3,1,181.0341796875,188.139999389648,0.045577347278595
40,1,1,1,1,0,20848,89.2099990844727,0,1,3,2,0,436.217620849609,378.109985351562,0.0101242139935493
47,1,0,4,2,0,28098,46.2099990844727,0,4,3,3,1,160.793472290039,191.809997558594,0.0518624819815159
48,1,1,4,1,0,25788,91.3099975585938,0,5,1,1,1,327.353820800781,336.690002441406,0.174626991152763
38,1,1,2,1,0,22747,64.25,0,1,1,1,0,288.948577880859,309.359985351562,0.0860328748822212
53,1,1,3,1,0,23343,89.4800033569336,0,3,2,2,1,333.417266845703,404.100006103516,0.0376330204308033
49,1,0,2,2,0,26712,46.5200004577637,0,1,1,2,0,181.561508178711,202.149993896484,0.141316398978233
65,1,1,3,1,0,20630,NA,NA,NA,NA,NA,1,0,0,NA
57,1,1,2,1,0,25229,NA,NA,NA,NA,NA,0,0,0,NA
46,1,0,1,2,0,27205,42.25,0,1,2,3,0,202.991653442383,289.420013427734,0.0177674517035484
38,1,0,3,3,0,29757,51.2749938964844,0,1,3,3,1,950.904846191406,849.530029296875,0.0295652858912945
42,1,1,2,1,0,24901,87.8600006103516,0,1,2,3,0,403.204223632812,470.529998779297,0.0157341063022614
44,1,1,4,1,0,22166,146.39306640625,0,3,1,2,1,444.200469970703,437.829986572266,0.157199114561081
48,1,1,4,1,0,21691,43.7299995422363,1,2,2,2,1,176.215591430664,235.889999389648,0.0399253256618977
49,1,1,1,1,0,26036,61.1300010681152,0,1,3,3,0,284.032958984375,358.309997558594,0.0143819181248546
60,0,0,2,3,0,29191,100.910003662109,0,1,1,1,0,298.027038574219,293.329986572266,0.233480751514435
46,0,0,3,2,0,28135,41.8899993896484,0,3,1,1,1,141.272720336914,238.490005493164,0.163405001163483
57,1,0,4,2,0,28469,49.1800003051758,0,1,2,NA,1,27.786693572998,0,0.0881730988621712
54,1,0,1,3,0,29276,22.9300003051758,1,1,1,NA,0,18.7019138336182,0,0.136483177542686
41,1,1,2,1,0,23889,24.5499992370605,0,1,1,1,0,126.653869628906,241.190002441406,0.0892178490757942
45,1,0,4,2,0,28865,51.060001373291,0,5,1,1,1,173.244155883789,281.390014648438,0.198625653982162
41,1,1,4,1,0,23128,48.9199981689453,0,1,2,2,1,198.604446411133,250.059997558594,0.0316871404647827
38,0,1,4,1,0,20454,108.580001831055,0,5,1,1,1,398.232330322266,420,0.144694700837135
47,1,0,2,2,0,27704,NA,NA,NA,NA,NA,0,0,0,NA
49,1,1,3,1,0,22323,38.3199996948242,1,1,2,1,1,161.615615844727,211.020004272461,0.0299070440232754
44,1,1,1,1,0,23280,47.6500015258789,0,1,3,3,0,246.06413269043,387.140014648438,0.0113522093743086
41,1,1,3,1,0,24335,40.4700012207031,0,3,1,1,1,179.465667724609,200.479995727539,0.116373218595982
54,0,0,4,2,0,26472,46.6800003051758,1,5,1,1,1,123.696083068848,165.979995727539,0.262723386287689
50,1,0,3,3,0,29392,55.4500007629395,0,3,2,3,1,202.155120849609,352.660003662109,0.0429701656103134
63,1,1,2,1,0,24443,32.2000007629395,1,1,1,NA,0,88.3475112915039,0,0.229449242353439
35,1,0,1,3,0,29227,60.5889854431152,0,1,2,3,0,576.648132324219,515.640014648438,0.0140180289745331
56,1,1,2,1,0,25425,62.2099990844727,0,1,1,NA,0,45.9274024963379,0,0.153719335794449
52,1,0,2,2,0,27988,52.6800003051758,1,1,3,3,0,206.489120483398,263.649993896484,0.0347659774124622
42,1,1,4,1,0,20307,51.2999992370605,0,4,3,3,1,206.146438598633,204.839996337891,0.0324058644473553
49,1,0,4,2,0,27277,80.9199981689453,0,4,1,1,1,257.881622314453,360.390014648438,0.220686390995979
36,1,0,1,3,0,29600,86.879997253418,0,1,1,2,0,392.526977539062,405.869995117188,0.0835994333028793
48,1,1,1,1,0,22713,15.2894735336304,1,1,3,3,0,566.301940917969,550.119995117188,0.0136091280728579
51,1,1,2,1,0,22678,44.6300010681152,1,3,2,2,0,194.115570068359,237.5,0.0235107559710741
46,1,1,4,1,0,24018,91.129997253418,0,3,1,3,1,321.756103515625,295.570007324219,0.164936676621437
57,1,0,3,2,0,27585,62.0900001525879,0,3,1,NA,1,51.5286026000977,0,0.245459333062172
44,1,1,1,1,0,24603,80.2399978637695,0,1,3,3,0,392.037963867188,426,0.0113522093743086
45,1,1,2,1,0,23881,98.75,0,1,2,3,0,445.046783447266,594.599975585938,0.0173819325864315
54,1,0,1,2,0,28322,52.4799995422363,1,3,1,1,0,208.246276855469,220.580001831055,0.137113586068153
40,0,1,1,1,0,21852,58.7900009155273,0,1,2,3,0,287.172912597656,397.25,0.0101670669391751
57,1,1,1,1,0,25552,73.9700012207031,0,1,1,NA,0,58.3132247924805,0,0.127583175897598
47,1,0,3,3,0,29021,22.4200000762939,1,3,1,1,1,94.2102355957031,140.820007324219,0.16684901714325
41,1,0,3,3,0,29179,145.787902832031,0,3,2,2,1,796.985534667969,759.130004882812,0.0309359766542912
45,1,1,4,1,0,22752,60.939998626709,0,4,1,2,1,219.888046264648,270.420013427734,0.160834074020386
42,0,1,2,1,0,26032,159.938171386719,0,1,3,3,0,806.311157226562,717.840026855469,0.0157968588173389
45,0,0,3,3,0,29494,149.558731079102,0,1,2,3,1,735.976623535156,658.789978027344,0.0347143784165382
64,1,1,4,1,0,25063,NA,NA,NA,NA,NA,1,0,0,NA
37,1,1,4,1,0,21324,105.720001220703,0,3,2,2,1,411.492828369141,456.019989013672,0.0300606470555067
53,1,1,3,1,0,21270,62,0,2,1,1,1,219.582107543945,195.539993286133,0.16769252717495
40,1,0,4,2,0,27298,56.7400016784668,0,3,1,2,1,196.868041992188,280.269989013672,0.182764127850533
32,1,1,4,1,0,24056,53.9125747680664,0,5,1,2,1,1133.17419433594,961.849975585938,0.145465448498726
41,1,1,4,1,0,20579,101.870002746582,0,3,1,2,1,396.681854248047,358.079986572266,0.148928374052048
47,0,1,2,1,0,22556,47.0900001525879,0,2,1,1,0,199.58381652832,215.559997558594,0.104015998542309
52,1,1,4,1,0,20363,89.9199981689453,0,2,1,2,1,293.995849609375,271.619995117188,0.200628027319908
53,0,0,4,2,0,26941,73.8969421386719,0,5,3,3,1,583.050048828125,559.52001953125,0.0693721100687981
46,0,0,3,2,0,27927,38.0800018310547,0,2,1,1,1,131.035690307617,219.279998779297,0.163405001163483
38,1,1,4,1,0,20593,56.8846664428711,0,3,1,1,1,768.265930175781,706.27001953125,0.144333705306053
52,1,1,4,1,0,25062,57.2099990844727,0,1,1,2,1,192.436294555664,248.809997558594,0.200628027319908
49,1,1,1,1,0,21007,88.379997253418,0,1,3,3,0,420.014892578125,410.700012207031,0.0143819181248546
39,1,1,3,1,0,20913,58.5900001525879,0,3,2,2,1,250.426834106445,361.269989013672,0.0214935410767794
43,1,1,2,1,0,20110,49.1399993896484,0,1,1,1,0,219.625930786133,280.040008544922,0.0927653014659882
52,1,1,1,1,0,24213,48.3899993896484,1,1,3,3,0,222.297424316406,414.369995117188,0.017355402931571
41,1,1,4,1,0,24620,46.8699989318848,0,3,1,2,1,179.54216003418,217.309997558594,0.148928374052048
53,0,1,1,1,0,26166,44.7599983215332,1,1,1,1,0,194.008697509766,262.720001220703,0.102705933153629
51,1,1,1,1,0,21655,81.0400009155273,0,1,3,3,0,377.801666259766,386.769989013672,0.0162429753690958
43,1,1,3,1,0,22998,65.6699981689453,0,4,1,2,1,274.176513671875,322.630004882812,0.120670042932034
45,1,0,3,2,0,26758,51.0800018310547,0,2,1,2,1,197.581146240234,313.470001220703,0.158942431211472
42,1,1,1,1,0,25648,82.4899978637695,0,1,2,3,0,409.299987792969,368.529998779297,0.0106288930401206
38,1,1,1,1,0,21227,68.7099990844727,0,1,2,3,0,366.696441650391,425.700012207031,0.00981395877897739
49,0,0,3,2,0,27702,152.786148071289,0,1,2,3,1,640.581848144531,646.960021972656,0.0412749461829662
44,1,1,2,1,0,21810,63.2799987792969,0,3,1,2,0,276.65771484375,339.260009765625,0.0949993953108788
57,1,0,3,2,0,28518,73.2780075073242,1,1,2,3,1,567.682922363281,490.799987792969,0.0662437900900841
34,1,0,4,2,0,26707,86.5100021362305,0,3,2,3,1,317.631072998047,340.850006103516,0.0413329601287842
41,1,1,1,1,0,26029,16.1299991607666,1,1,1,1,0,91.3718872070312,144.690002441406,0.0670847371220589
50,1,0,3,2,0,28413,403.390014648438,0,1,1,2,1,134.807174682617,165.820007324219,0.184374466538429
43,0,1,1,1,0,21827,80.4281311035156,0,1,1,1,0,548.766784667969,570.219970703125,0.0701596885919571
46,1,0,1,2,0,28769,51.0900001525879,0,1,3,3,0,235.77815246582,277.329986572266,0.0177674517035484
55,0,0,3,2,0,26843,25.6000003814697,1,4,1,2,1,76.2592315673828,77.120002746582,0.224949553608894
42,1,1,1,1,0,23577,90.1800003051758,0,3,3,2,0,440.612365722656,372.600006103516,0.0106288930401206
58,1,1,2,1,0,24556,52.8600006103516,1,1,2,3,0,200.486877441406,244.529998779297,0.0388262309134007
34,1,0,3,3,0,29391,106.069999694824,0,1,3,3,1,414.332916259766,508.5,0.029340635985136
53,0,0,4,2,0,28741,NA,NA,NA,NA,NA,1,0,0,NA
43,1,1,4,1,0,26126,109.57495880127,0,4,2,2,1,600.302856445312,573.599975585938,0.0332612656056881
43,1,0,4,2,0,28908,66.1500015258789,0,4,2,3,1,233.229476928711,242.889999389648,0.0454765781760216
41,1,1,2,1,0,24495,91.6735153198242,0,1,1,1,0,562.087219238281,552.010009765625,0.0892178490757942
41,1,1,1,1,0,21159,19.4699993133545,1,1,3,3,0,121.972587585449,177.080001831055,0.0103509724140167
NA,NA,1,1,1,0,21758,89.0699996948242,0,1,3,3,0,343.608520507812,417.679992675781,0.0303501505404711
41,1,0,4,2,0,26381,60.1699981689453,0,1,1,1,1,207.39631652832,279.529998779297,0.184980794787407
44,1,0,4,2,0,26329,41,0,5,1,3,1,137.709320068359,226.460006713867,0.194470122456551
49,0,1,3,1,0,24811,94.3399963378906,0,3,1,2,1,354.38671875,392.149993896484,0.143424808979034
42,1,1,3,1,0,21161,43.7099990844727,0,1,1,1,1,180.134460449219,230.360000610352,0.11834279447794
52,1,1,2,1,0,23840,72.6900024414062,0,3,1,2,0,291.991973876953,305.390014648438,0.126327008008957
49,0,1,3,1,0,21077,63.9300003051758,0,2,1,2,1,241.13655090332,321.260009765625,0.143424808979034
50,1,1,4,1,0,22696,137.837158203125,0,3,3,3,1,634.741760253906,588.940002441406,0.0439522080123425
52,1,1,1,1,0,20481,83.4741821289062,0,1,1,2,0,861.460266113281,837.530029296875,0.0974532663822174
42,1,1,3,1,0,23430,61.5800018310547,0,3,1,NA,1,51.495777130127,0,0.11834279447794
37,1,1,3,1,0,25029,15.4522428512573,0,3,1,1,1,474.914672851562,480.570007324219,0.111866742372513
50,1,1,3,1,0,24324,71.3099975585938,0,1,3,3,1,285.773590087891,337.410003662109,0.0315255858004093
40,1,1,3,1,0,22303,144.846435546875,0,1,2,2,1,787.526000976562,678.320007324219,0.0218391101807356
48,1,1,3,1,0,23729,58.7400016784668,0,3,1,NA,1,131.842315673828,0,0.138228967785835
40,1,1,1,1,0,25924,108.696441650391,0,1,1,1,0,1023.56768798828,885.469970703125,0.0660083815455437
51,1,1,2,1,0,20200,85.2600021362305,0,1,3,3,0,354.475006103516,398.390014648438,0.0235107559710741
65,1,1,1,1,0,21561,137.016799926758,0,1,2,2,0,762.841491699219,794.25,0.053321186453104
48,1,1,2,1,0,20495,30.0400009155273,0,1,1,NA,0,25.270336151123,0,0.107379741966724
48,1,1,4,1,0,23022,46.6399993896484,0,4,1,1,1,165.922668457031,287.049987792969,0.174626991152763
48,1,1,1,1,0,21604,143.183319091797,0,1,2,2,0,988.536254882812,878.77001953125,0.0136091280728579
42,1,0,4,2,0,26945,85.4654083251953,0,4,1,2,1,412.894439697266,395.489990234375,0.187662392854691
53,1,0,4,2,0,28039,NA,NA,NA,NA,NA,1,0,0,NA
46,1,1,2,1,0,22310,81.2399978637695,0,1,2,3,0,362.472686767578,342.980010986328,0.0181107763200998
53,1,1,3,1,0,21057,88.3600006103516,0,1,3,3,1,330.782379150391,382.890014648438,0.0376330204308033
48,1,1,2,1,0,24685,101.930000305176,0,3,1,2,0,427.152435302734,390.209991455078,0.107379741966724
52,1,1,1,1,0,23687,96.1800003051758,0,1,2,3,0,444.5859375,424.399993896484,0.017355402931571
49,1,1,2,1,0,25504,58.6199989318848,0,1,3,3,0,263.561431884766,337.170013427734,0.020953880622983
43,1,1,1,1,0,20877,32.1300010681152,0,1,3,3,0,183.482376098633,244.710006713867,0.0109612951055169
39,0,1,4,1,0,25623,35.2200012207031,0,3,1,1,1,136.764923095703,174.589996337891,0.145836547017097
41,1,1,1,1,0,22730,32.7200012207031,0,1,2,3,0,176.392318725586,225.449996948242,0.0103509724140167
NA,1,0,3,3,0,29456,82.0999984741211,0,1,3,3,1,326.762115478516,317.859985351562,0.0303501505404711
67,1,1,2,1,0,22715,21.9699993133545,1,1,1,NA,0,12.4419898986816,0,0.293208509683609
36,0,1,1,1,0,20992,56.8204803466797,0,1,2,2,0,577.72265625,543.330017089844,0.00972462352365255
43,1,0,4,2,0,28092,111.369583129883,0,5,3,3,1,414.689453125,394.299987792969,0.0454765781760216
44,1,1,4,1,0,22738,38.1699981689453,0,3,2,3,1,164.480056762695,190.160003662109,0.0342614911496639
53,1,0,2,2,0,26436,59.8899993896484,1,1,1,2,0,218.78923034668,297.619995117188,0.165748745203018
40,1,1,1,1,0,23838,41.7000007629395,0,1,2,1,0,224.526489257812,295.279998779297,0.0101242139935493
50,0,1,1,1,0,24270,47.9599990844727,1,1,2,2,0,213.137832641602,298.649993896484,0.0153172053396702
45,1,1,1,1,0,24607,22.8700008392334,1,1,2,2,0,124.162818908691,249.699996948242,0.0118063986301422
51,1,1,2,1,0,21832,82.3778533935547,0,1,2,2,0,468.689697265625,571.710021972656,0.0235107559710741
60,1,1,1,1,0,22149,150.460006713867,0,1,1,NA,0,64.3873138427734,0,0.153175085783005
NA,1,1,4,1,0,22300,45.2799987792969,1,1,2,2,1,186.119995117188,190.339996337891,0.0303501505404711
46,0,1,1,1,0,23751,73.1999969482422,0,1,2,3,0,345.721496582031,340.459991455078,0.0123803000897169
38,1,1,3,1,0,24644,44.4500007629395,0,1,3,3,1,200.555114746094,234.259994506836,0.021237351000309
51,0,0,1,3,0,29261,36.6500015258789,1,1,1,1,0,156.281265258789,177.679992675781,0.119068078696728
58,1,0,4,3,0,29420,76.9300003051758,0,3,1,NA,1,38.6529197692871,0,0.307555198669434
46,0,0,1,2,0,27993,29.0200004577637,1,3,1,1,0,125.54044342041,195.5,0.0993776023387909
41,0,0,3,2,0,28810,102.684791564941,0,1,1,1,1,858.153259277344,849.27001953125,0.147496521472931
44,0,0,3,3,0,28996,412.649993896484,0,3,1,1,1,139.884353637695,270.559997558594,0.155028089880943
47,0,1,1,1,0,23668,45.8600006103516,0,3,3,2,0,213.564880371094,221.490005493164,0.0129808392375708
42,1,1,1,1,0,24055,54.415412902832,0,1,1,2,0,1015.32458496094,882.77001953125,0.0683941096067429
35,1,1,4,1,0,25834,46.8600006103516,0,5,2,3,1,189.684234619141,263.989990234375,0.029946580529213
44,1,1,2,1,0,22510,24.4699993133545,1,1,2,2,0,127.586563110352,297.859985351562,0.016747523099184
56,1,1,1,1,0,25196,NA,NA,NA,NA,NA,0,0,0,NA
52,1,0,2,2,0,28133,51.9300003051758,0,1,1,NA,0,37.9296646118164,0,0.158792808651924
43,1,0,3,2,0,27383,104.639999389648,0,1,1,1,1,381.486480712891,383.25,0.152175262570381
48,1,1,4,1,0,25830,49.8547019958496,0,3,1,2,1,1169.13330078125,1041.60998535156,0.174626991152763
52,1,1,4,1,0,24221,54.4724731445312,1,3,1,1,1,443.728393554688,407.450012207031,0.200628027319908
47,0,0,3,2,0,27825,50.1300010681152,0,1,1,1,1,172.233413696289,292.470001220703,0.16796787083149
51,1,0,1,2,0,27958,85.8600006103516,0,1,2,3,0,357.584381103516,415.369995117188,0.0230823382735252
51,1,1,2,1,0,21980,62.2799987792969,0,1,3,3,0,261.710876464844,318.279998779297,0.0235107559710741
58,1,1,3,1,0,24908,82.0699996948242,0,3,3,3,1,272.8837890625,341.829986572266,0.0534593127667904
47,0,1,4,1,0,23181,101.400001525879,0,2,2,2,1,357.822204589844,326.200012207031,0.038366511464119
58,1,0,4,2,0,27130,40.9500007629395,1,4,1,1,1,107.206230163574,278.220001220703,0.308567583560944
47,1,1,1,1,0,22462,51.1457748413086,0,1,3,3,0,1051.72192382812,886.830017089844,0.0129278525710106
48,1,0,1,2,0,27064,84.0200347900391,0,1,2,1,0,771.638854980469,723.890014648438,0.019514637067914
48,0,0,4,2,0,28036,8.10999965667725,1,1,3,3,1,39.2598495483398,149.789993286133,0.0541951395571232
52,1,0,3,2,0,28657,59.3899993896484,0,1,1,NA,1,39.7098579406738,0,0.198453456163406
48,1,1,2,1,0,24699,82.1500015258789,0,1,2,2,0,358.027923583984,423.470001220703,0.0198864433914423
46,0,1,4,1,0,25297,42.1800003051758,0,1,2,1,1,152.746887207031,159.320007324219,0.0368640124797821
50,1,1,3,1,0,23582,NA,NA,NA,NA,NA,1,0,0,NA
NA,0,1,3,1,0,22469,104.589996337891,0,3,3,3,1,401.268005371094,359.190002441406,0.0303501505404711
42,1,1,3,1,0,20300,35.8300018310547,0,1,3,3,1,159.645263671875,186.130004882812,0.0228134952485561
57,1,1,1,1,0,25551,37.810001373291,1,1,1,2,0,152.938537597656,190.970001220703,0.127583175897598
41,1,1,1,1,0,23435,88.4000015258789,0,1,1,2,0,425.608825683594,376.899993896484,0.0670847371220589
43,0,1,2,1,0,20142,92.3099975585938,0,1,2,2,0,406.590209960938,390.959991455078,0.0162646491080523
54,0,1,2,1,0,23525,69.8300018310547,0,1,2,3,0,274.901947021484,326.420013427734,0.028747433796525
48,1,1,1,1,0,23440,52.0400009155273,0,2,2,2,0,251.508178710938,324.359985351562,0.0136091280728579
45,1,0,4,2,0,26697,31.0699996948242,1,5,1,3,1,108.854629516602,220.380004882812,0.198625653982162
44,0,0,3,3,0,29139,48.2799987792969,0,1,2,NA,1,35.8878479003906,0,0.0335786305367947
45,0,1,3,1,0,24207,57.0900001525879,0,1,2,3,1,227.115997314453,329.570007324219,0.0251597817987204
48,1,1,4,1,0,21220,79.0899963378906,0,1,1,1,1,282.751037597656,273.890014648438,0.174626991152763
45,1,1,3,1,0,24482,41.2900009155273,0,2,2,3,1,188.955413818359,306.399993896484,0.025066651403904
41,1,1,4,1,0,24670,91.879997253418,0,4,2,2,1,353.907287597656,323.510009765625,0.0316871404647827
49,1,1,1,1,0,23187,128.094924926758,0,3,1,3,0,517.672485351562,506.920013427734,0.0851575210690498
36,1,1,3,1,0,25665,21.0300006866455,0,4,1,1,1,93.5557479858398,156.960006713867,0.111549004912376
46,1,1,3,1,0,24797,NA,NA,NA,NA,NA,1,0,0,NA
48,1,0,3,3,0,29632,104.970001220703,0,3,2,2,1,383.447143554688,481.399993896484,0.039016991853714
49,0,0,2,2,0,28931,36.2400016784668,1,1,2,2,0,141.256851196289,162.990005493164,0.0294893532991409
54,1,1,3,1,0,23450,76.370002746582,0,2,1,1,1,274.351898193359,345.390014648438,0.175325334072113
50,1,0,3,2,0,26343,93.9400024414062,0,1,1,1,1,320.774078369141,406.029998779297,0.184374466538429
58,1,1,3,1,0,22758,47.5950775146484,1,1,1,1,1,901.736938476562,869.599975585938,0.212817549705505
60,1,0,3,3,0,29268,35.9500007629395,1,3,1,NA,1,20.346658706665,0,0.282055497169495
42,0,1,3,1,0,20595,52.2000007629395,0,3,1,1,1,204.787658691406,201.600006103516,0.118657551705837
46,1,1,4,1,0,21919,111.209999084473,0,3,1,2,1,398.524475097656,363.760009765625,0.164936676621437
56,1,1,4,1,0,25611,30.1499996185303,1,5,1,NA,1,21.1293754577637,0,0.236975729465485
53,1,0,1,2,0,27806,51.2999992370605,1,1,3,3,0,218.895355224609,258.179992675781,0.0262572839856148
NA,1,1,3,1,0,21762,NA,NA,NA,NA,NA,1,0,0,NA
38,1,1,2,1,0,21475,44.1100006103516,0,3,2,2,0,221.091339111328,313.510009765625,0.0145875625312328
44,1,1,1,1,0,25241,430.829986572266,0,1,2,2,0,210.148284912109,300.920013427734,0.0113522093743086
44,0,1,3,1,0,22723,233.224029541016,0,2,2,2,1,900.168334960938,770.530029296875,0.0242912359535694
53,1,1,2,1,0,23653,62.6599998474121,0,1,3,3,0,259.984375,362.299987792969,0.0267345290631056
56,1,1,1,1,0,20201,86.3199996948242,0,1,1,1,0,347.841766357422,418.959991455078,0.120421066880226
34,1,0,3,2,0,27522,90.9000015258789,0,1,2,3,1,357.746032714844,388.519989013672,0.029533363878727
53,1,1,3,1,0,22918,42.0699996948242,1,2,3,3,1,173.950790405273,162.279998779297,0.0376330204308033
48,1,0,4,2,0,28551,NA,NA,NA,NA,NA,1,0,0,NA
34,1,1,4,1,0,25088,69.1999969482422,0,2,1,1,1,271.058166503906,287.320007324219,0.143573269248009
48,1,0,1,2,0,27059,42.1599998474121,1,2,2,2,0,196.585754394531,243.050003051758,0.019514637067914
36,1,0,4,2,0,26891,88.9400024414062,0,4,2,2,1,327.278717041016,295.190002441406,0.0411866083741188
46,1,0,3,2,0,28081,24.2000007629395,1,3,2,3,1,102.993659973145,205.009994506836,0.0361152030527592
47,1,1,3,1,0,24134,81.0400009155273,0,2,1,NA,1,63.9438552856445,0,0.133864060044289
55,1,0,3,3,0,29587,20.2900009155273,1,3,2,3,1,77.4465866088867,123.169998168945,0.057563129812479
46,1,0,4,2,0,28231,62.1300010681152,0,4,1,1,1,204.634735107422,308.760009765625,0.203305020928383
49,1,1,2,1,0,20899,32.1699981689453,1,1,1,1,0,141.524551391602,231.720001220703,0.111437477171421
54,1,1,2,1,0,23606,54.6100006103516,0,1,2,NA,0,45.6541137695312,0,0.0286433231085539
47,1,0,3,2,0,28459,96.2151947021484,0,1,3,3,1,410.376617431641,391.440002441406,0.0375928096473217
53,0,0,2,3,0,29076,63.1199989318848,0,1,2,3,0,226.476196289062,275.410003662109,0.0368954390287399
52,1,0,1,2,0,26695,59.4700012207031,0,1,3,3,0,250.033798217773,246.619995117188,0.0245788749307394
49,1,1,3,1,0,22400,101.313858032227,0,3,1,1,1,797.511291503906,738.679992675781,0.143065959215164
41,0,1,1,1,0,21079,108.355781555176,0,1,1,1,0,587.360961914062,573.030029296875,0.0672912746667862
54,1,1,2,1,0,23224,87.9599990844727,0,1,1,2,0,337.959716796875,313.609985351562,0.138827696442604
49,1,1,3,1,0,22156,105.660003662109,0,2,2,2,1,414.91015625,481.480010986328,0.0299070440232754
43,1,0,4,2,0,26632,40.560001373291,0,5,2,3,1,154.006942749023,221.050003051758,0.0454765781760216
47,1,0,3,3,0,29030,46.9900016784668,0,3,2,3,1,187.149932861328,210.639999389648,0.0373576655983925
55,0,0,4,2,0,27752,108.589996337891,0,2,1,1,1,289.170379638672,498.040008544922,0.273151278495789
45,1,1,3,1,0,22475,24.7399997711182,0,2,1,NA,1,21.0705585479736,0,0.126455187797546
52,1,1,1,1,0,21862,NA,NA,NA,NA,NA,0,0,0,NA
43,1,0,2,2,0,27266,48.060001373291,0,1,3,3,0,205.691192626953,235.550003051758,0.0230248365551233
45,0,1,2,1,0,23019,80.5100021362305,0,1,3,3,0,358.303863525391,414.239990234375,0.0174502655863762
51,0,1,4,1,0,25925,153.783020019531,0,3,2,3,1,521.754150390625,495.359985351562,0.0464813783764839
38,1,0,1,2,0,26297,87.2600021362305,0,3,2,3,0,407.987731933594,427.380004882812,0.0143024064600468
37,1,0,3,3,0,29224,100.400001525879,0,1,2,2,1,402.436798095703,361.779998779297,0.0293416455388069
45,1,1,3,1,0,20018,144.391174316406,0,2,1,1,1,804.57080078125,695.309997558594,0.126455187797546
50,1,0,4,2,0,27635,56.0099983215332,0,2,1,1,1,176.849822998047,243.960006713867,0.227668836712837
50,0,1,1,1,0,25473,109.620002746582,0,2,1,NA,0,99.8372955322266,0,0.0891071707010269
45,1,0,1,3,0,29539,35.5800018310547,0,1,1,2,0,168.148284912109,205.830001831055,0.0957358404994011
27,1,0,3,3,0,29406,45.4099998474121,0,3,1,1,1,171.74592590332,239.570007324219,0.154629543423653
52,1,0,2,2,0,27614,84.6808547973633,0,1,3,3,0,532.118286132812,568.260009765625,0.0347659774124622
52,1,1,1,1,0,23566,102.889999389648,0,1,3,3,0,462.724975585938,385.519989013672,0.017355402931571
63,1,0,3,2,0,28706,79.9928359985352,1,1,1,1,1,414.533294677734,444.059997558594,0.328559815883636
52,1,1,2,1,0,21917,76.4866714477539,0,1,2,2,0,888.034301757812,858.130004882812,0.0250304825603962
51,1,1,4,1,0,24067,100.139999389648,0,2,2,2,1,340.805908203125,384.239990234375,0.0463271252810955
57,1,0,4,2,0,28555,NA,NA,NA,NA,NA,1,0,0,NA
52,1,0,3,2,0,28702,NA,NA,NA,NA,NA,1,0,0,NA
40,0,1,2,1,0,21099,47.5900001525879,0,3,1,NA,0,140.581512451172,0,0.0881340354681015
49,1,0,1,2,0,26929,23.2299995422363,1,1,1,2,0,110.7314453125,177.720001220703,0.109968215227127
45,1,1,3,1,0,23471,98.5,0,2,2,3,1,404.97216796875,455.019989013672,0.025066651403904
50,1,1,4,1,0,21213,43.1399993896484,1,5,3,3,1,159.831573486328,300.769989013672,0.0439522080123425
56,1,1,1,1,0,21746,52.0699996948242,1,1,2,3,0,227.122436523438,248.550003051758,0.0233837105333805
41,1,1,3,1,0,23550,92.4000015258789,0,1,2,2,1,402.023651123047,396.720001220703,0.0222775880247355
50,1,1,2,1,0,21681,48.5499992370605,1,1,2,2,0,210.910507202148,387.75,0.0221572518348694
53,1,1,4,1,0,24929,80.5199966430664,0,4,2,NA,1,53.4782829284668,0,0.0519145950675011
49,1,1,2,1,0,21714,83.75,0,1,3,3,0,354.034423828125,439.890014648438,0.020953880622983
46,1,0,3,2,0,27284,NA,NA,NA,NA,NA,1,0,0,NA
44,1,0,4,2,0,28432,43.0800018310547,0,4,2,2,1,165.889984130859,188.350006103516,0.0467656888067722
40,1,1,2,1,0,25952,40.5499992370605,0,1,1,2,0,185.350692749023,233.360000610352,0.0878804698586464
40,1,0,1,2,0,27188,65.5263748168945,0,1,3,3,0,532.79052734375,458.440002441406,0.0147321866825223
35,1,1,2,1,0,25208,77.9300003051758,0,1,1,1,0,377.602111816406,360.299987792969,0.0852482914924622
48,1,0,3,2,0,27375,228.018493652344,0,1,3,3,1,418.477691650391,373.899993896484,0.0392606109380722
48,1,0,3,3,0,29125,43.5200004577637,0,3,2,2,1,177.463623046875,211.529998779297,0.039016991853714
44,1,1,1,1,0,21779,131.239440917969,0,1,2,3,0,753.377319335938,696.640014648438,0.0113522093743086
49,1,1,1,1,0,21798,77.7300033569336,0,1,3,3,0,366.785369873047,362.579986572266,0.0143819181248546
52,1,0,3,3,0,29326,20.0499992370605,1,3,2,2,1,89.0409698486328,147.399993896484,0.0479013547301292
42,1,1,3,1,0,22951,90.5953063964844,0,2,2,3,1,585.651550292969,561.590026855469,0.0228134952485561
41,1,1,3,1,0,21773,406.010009765625,0,1,3,2,1,173.580215454102,189.669998168945,0.0222775880247355
46,0,0,3,2,0,28040,55.7875213623047,0,1,1,2,1,926.959716796875,890.52001953125,0.163405001163483
54,1,1,4,1,0,20519,102.73999786377,0,5,1,1,1,327.115173339844,387.410003662109,0.217385172843933
39,1,0,3,3,0,29407,142.60758972168,0,3,1,1,1,474.224090576172,467.940002441406,0.143053293228149
54,1,1,3,1,0,25269,21.8299999237061,1,3,2,2,1,104.715690612793,289.450012207031,0.0401590019464493
58,1,1,4,1,0,21179,14.4899997711182,1,3,3,3,1,55.7804145812988,108.360000610352,0.072155237197876
50,1,1,1,1,0,21308,68.2399978637695,0,1,1,1,0,303.864624023438,329.769989013672,0.0888515189290047
45,1,1,4,1,0,26082,16.8799991607666,0,3,1,NA,1,13.882472038269,0,0.160834074020386
54,1,1,4,1,0,20912,104.910003662109,0,5,1,1,1,328.584869384766,371.529998779297,0.217385172843933
NA,1,1,4,1,0,25008,91.4100036621094,0,4,1,1,1,345.671203613281,366.730010986328,0.144536748528481
46,0,0,4,2,0,27510,50.5800018310547,0,5,2,2,1,172.670166015625,207.220001220703,0.0501085296273232
38,1,1,4,1,0,21557,42.1199989318848,0,3,3,3,1,179.761474609375,252.110000610352,0.0302888359874487
55,1,1,1,1,0,20107,NA,NA,NA,NA,NA,0,0,0,NA
54,1,0,2,2,0,26354,46.6599998474121,1,1,3,3,0,173.773406982422,269.239990234375,0.0394911207258701
39,1,0,3,2,0,27241,60.0299987792969,0,2,1,1,1,232.031448364258,266.220001220703,0.143704161047935
NA,NA,1,3,1,0,24920,25.5400009155273,1,1,1,1,1,98.2358245849609,223.580001831055,0.144536748528481
42,1,0,3,2,0,26785,21.6299991607666,1,1,1,1,1,90.4026336669922,130.130004882812,0.149444967508316
35,0,0,3,2,0,27374,102.01000213623,0,2,2,2,1,395.217712402344,463.690002441406,0.0295284297317266
44,1,1,2,1,0,25150,45.6800003051758,0,1,3,3,0,215.052474975586,227.470001220703,0.016747523099184
50,1,1,4,1,0,22279,35.0200004577637,0,3,1,NA,1,24.1309032440186,0,0.186453565955162
56,1,0,2,3,0,29028,NA,NA,NA,NA,NA,0,0,0,NA
52,0,0,3,2,0,28138,9.78999996185303,1,3,1,1,1,26.244457244873,51.810001373291,0.198896154761314
47,1,1,1,1,0,25232,410.760009765625,0,1,2,2,0,197.193649291992,242.389999389648,0.0129278525710106
41,1,1,4,1,0,24077,40.3199996948242,0,3,1,2,1,160.184173583984,231.360000610352,0.148928374052048
46,0,1,2,1,0,24068,80.6842498779297,0,1,3,3,0,659.353698730469,611.570007324219,0.018181536346674
49,0,1,2,1,0,22305,NA,NA,NA,NA,NA,0,0,0,NA
34,1,0,4,2,0,28864,42,0,1,2,2,1,157.909393310547,196.410003662109,0.0413329601287842
51,1,0,2,2,0,27401,74.6776275634766,0,2,2,2,0,871.4638671875,732.77001953125,0.0327660292387009
51,1,0,4,2,0,28395,54.1800003051758,0,5,3,3,1,173.544952392578,232.279998779297,0.0621387623250484
53,0,0,1,2,0,26778,85.2200012207031,0,2,2,2,0,337.206298828125,367.200012207031,0.0263541154563427
52,1,1,4,1,0,25127,NA,NA,NA,NA,NA,1,0,0,NA
58,0,1,4,1,0,21995,56.4900016784668,1,1,2,3,1,159.736801147461,270.440002441406,0.0723736733198166
39,1,1,1,1,0,20403,40.439998626709,0,2,3,2,0,210.456787109375,240.889999389648,0.00994591135531664
50,1,1,3,1,0,23520,104.180000305176,0,3,1,1,1,387.125579833984,427.029998779297,0.148401319980621
60,1,1,4,1,0,23953,58.7310638427734,1,4,2,2,1,451.869720458984,494.700012207031,0.0835462957620621
47,1,1,2,1,0,23044,106.470001220703,0,1,2,2,0,466.398681640625,540.150024414062,0.0189423989504576
38,1,0,4,2,0,26795,42,0,5,1,2,1,149.972351074219,350.119995117188,0.179688066244125
52,1,1,1,1,0,25691,75.9199981689453,0,1,1,1,0,328.212890625,294.429992675781,0.0974532663822174
45,1,0,2,2,0,26242,100.099533081055,0,1,2,2,0,850.998352050781,827.609985351562,0.0246144961565733
53,0,0,4,2,0,28787,57.310001373291,0,4,1,NA,1,31.347843170166,0,0.253035575151443
33,0,0,4,2,0,28245,72.8045349121094,0,5,1,1,1,396.736907958984,360.790008544922,0.18009789288044
42,1,0,3,3,0,29058,104.226928710938,0,1,1,3,1,743.580078125,717.530029296875,0.148776739835739
44,0,1,4,1,0,21377,54.3699989318848,0,5,1,1,1,188.185943603516,206.660003662109,0.157581269741058
58,1,0,3,3,0,29386,43.7099990844727,1,3,2,2,1,141.876388549805,175.199996948242,0.0707021728157997
50,1,0,3,2,0,27857,38.5699996948242,1,1,2,3,1,149.661529541016,273.489990234375,0.043233584612608
40,1,1,1,1,0,24562,108.069999694824,0,1,2,3,0,534.158081054688,455.170013427734,0.0101242139935493
52,1,1,1,1,0,21836,25.5900001525879,1,1,2,NA,0,162.177932739258,0,0.017355402931571
39,1,0,4,2,0,27787,47.9000015258789,0,4,3,3,1,180.570770263672,208.979995727539,0.0420778319239616
47,1,1,3,1,0,20006,105.660003662109,0,1,1,2,1,414.113494873047,537.140014648438,0.133864060044289
46,1,0,3,2,0,27545,80.5199966430664,0,1,2,3,1,305.429534912109,375.540008544922,0.0361152030527592
46,1,1,3,1,0,23659,44.3554267883301,0,3,3,3,1,843.927368164062,706.900024414062,0.026058966293931
40,0,0,3,3,0,29283,49.4700012207031,0,3,2,3,1,196.83381652832,235.460006713867,0.0304679423570633
53,1,0,4,2,0,26624,22.4799995422363,1,4,1,1,1,70.2999801635742,246.25,0.252528101205826
44,0,0,4,2,0,26767,47.2000007629395,0,4,1,2,1,157.250579833984,210.960006713867,0.194907367229462
57,1,1,1,1,0,23020,90.5500030517578,0,1,2,3,0,372.422424316406,408.119995117188,0.025385744869709
46,0,0,4,2,0,27243,42.7099990844727,0,4,1,1,1,129.056411743164,212.130004882812,0.20375420153141
53,1,0,3,2,0,26619,640.369995117188,0,1,3,3,1,212.180480957031,379.690002441406,0.0510932542383671
40,1,0,3,2,0,27688,95.3499984741211,0,1,3,3,1,366.093048095703,409.380004882812,0.0305569488555193
51,1,0,4,2,0,27477,79.4000015258789,0,1,1,NA,1,60.0938034057617,0,0.235286056995392
42,1,0,3,2,0,27971,87.0100021362305,0,1,3,3,1,335.547607421875,347.510009765625,0.031845785677433
53,1,1,4,1,0,22189,41.4799995422363,0,2,2,NA,1,29.7269191741943,0,0.0519145950675011
46,1,0,4,2,0,27701,41.3600006103516,0,4,3,3,1,156.479873657227,218.860000610352,0.0499447137117386
43,1,0,4,2,0,27728,42.6399993896484,0,4,1,1,1,149.587432861328,151.800003051758,0.190820917487144
53,0,0,3,2,0,28320,41.7000007629395,1,2,2,3,1,145.573547363281,178.559997558594,0.0512600615620613
46,0,1,4,1,0,24427,55.3800010681152,0,3,3,3,1,206.013717651367,263.309997558594,0.0368640124797821
40,0,1,4,1,0,21473,103.139999389648,0,4,1,1,1,378.367706298828,423.899993896484,0.147367998957634
43,0,1,3,1,0,23697,49.0800018310547,0,3,1,1,1,195.1748046875,217.580001831055,0.120989188551903
52,1,1,2,1,0,23965,41.4099998474121,0,1,2,NA,0,96.7627487182617,0,0.0250304825603962
61,0,0,4,2,0,26321,80.6100006103516,1,2,1,1,1,166.878524780273,342.630004882812,0.352585762739182
42,1,0,3,3,0,28993,46.0699996948242,0,1,3,3,1,185.799026489258,258.429992675781,0.0316406339406967
48,1,1,1,1,0,21765,100.209999084473,0,1,1,1,0,473.064636230469,514.969970703125,0.0818314552307129
NA,1,1,2,1,0,24094,36.0179672241211,1,1,2,3,0,664.552856445312,577.190002441406,0.0303501505404711
49,1,1,3,1,0,23858,36.7900009155273,1,1,3,3,1,162.008575439453,181.080001831055,0.0299070440232754
46,0,1,3,1,0,21166,68.7200012207031,0,3,1,1,1,263.121124267578,282.5,0.130282923579216
44,1,0,3,2,0,27547,48.9199981689453,0,5,1,1,1,185.887588500977,268.059997558594,0.155335694551468
48,1,1,2,1,0,25902,38.7799987792969,1,1,3,3,0,183.290710449219,219.289993286133,0.0198864433914423
49,1,1,4,1,0,22322,47.5800018310547,1,4,1,1,1,180.713851928711,224.839996337891,0.180260613560677
49,1,1,1,1,0,26078,114.718208312988,0,1,2,2,0,528.063598632812,505.839996337891,0.0143819181248546
61,1,1,2,1,0,20123,48.310001373291,1,3,3,NA,0,33.9993515014648,0,0.0500370860099792
50,1,1,4,1,0,20541,196.821365356445,0,4,1,1,1,380.795501708984,339.640014648438,0.186453565955162
47,1,0,4,2,0,26966,23.4099998474121,1,4,1,1,1,85.2396469116211,131.360000610352,0.208527475595474
47,0,1,1,1,0,24339,113.284683227539,0,1,1,1,0,597.169738769531,586.869995117188,0.0790827199816704
64,1,1,1,1,0,20990,486.510009765625,0,1,2,3,0,166.891571044922,178.880004882812,0.0482770614326
45,0,1,2,1,0,21137,51.0999984741211,0,1,1,1,0,213.985336303711,335.579986572266,0.0978336408734322
NA,1,1,4,1,0,20813,91.9000015258789,0,4,3,3,1,359.80712890625,349.239990234375,0.0303501505404711
51,0,1,2,1,0,21127,92.0449905395508,0,1,3,3,0,1502.52880859375,1278.5,0.0235990229994059
37,0,0,1,3,0,29764,202.548797607422,0,1,1,1,0,726.809020996094,763.309997558594,0.0841013938188553
36,1,1,4,1,0,20778,75.8899993896484,0,3,1,2,1,294.585662841797,338.309997558594,0.143198683857918
49,1,0,1,2,0,28053,45.9599990844727,0,3,2,2,0,208.777465820312,301.709991455078,0.0205651968717575
49,1,0,3,2,0,28462,53.6199989318848,0,2,2,2,1,196.459625244141,324.109985351562,0.0411347970366478
57,1,1,2,1,0,22941,NA,NA,NA,NA,NA,0,0,0,NA
52,0,1,1,1,0,23924,85.5199966430664,0,1,1,3,0,356.661682128906,349.140014648438,0.097726970911026
44,1,1,2,1,0,20980,60.8499984741211,0,2,1,1,0,269.888214111328,320.950012207031,0.0949993953108788
50,0,1,1,1,0,25921,44.3300018310547,1,2,2,2,0,203.810333251953,270.600006103516,0.0153172053396702
48,1,1,3,1,0,21527,412.679992675781,0,1,1,1,1,156.326080322266,239.940002441406,0.138228967785835
48,1,0,3,3,0,28997,20.2399997711182,1,1,3,3,1,89.517936706543,120.290000915527,0.039016991853714
57,1,0,1,2,0,26965,137.863403320312,0,1,1,1,0,470.259979248047,471.470001220703,0.160258710384369
48,1,1,2,1,0,20322,85.3399963378906,0,1,3,3,0,380.643341064453,458.910003662109,0.0198864433914423
52,1,1,2,1,0,21157,204.993469238281,0,1,3,3,0,817.678955078125,730.030029296875,0.0250304825603962
54,1,0,1,2,0,27459,41.060001373291,1,1,3,3,0,177.061233520508,335.410003662109,0.0281377844512463
42,1,1,3,1,0,26099,78.0400009155273,0,1,2,2,1,326.026550292969,354.119995117188,0.0228134952485561
50,1,1,3,1,0,25218,40.8300018310547,1,1,2,1,1,171.804763793945,208.610000610352,0.0315255858004093
50,1,0,3,3,0,29567,44.9599990844727,1,3,1,2,1,160.256454467773,239.279998779297,0.183609008789062
61,1,1,2,1,0,23553,87.7120361328125,0,1,1,2,0,458.095520019531,514.219970703125,0.203558370471001
55,1,0,4,2,0,27870,52.2900009155273,1,4,1,1,1,143.882690429688,165.479995727539,0.27262356877327
48,1,1,4,1,0,22416,NA,NA,NA,NA,NA,1,0,0,NA
38,0,1,1,1,0,22618,40.3400001525879,0,1,1,1,0,197.1513671875,360.549987792969,0.0647240355610847
43,0,0,4,2,0,28535,107.319999694824,0,5,1,2,1,351.394256591797,391.480010986328,0.191253140568733
51,1,0,1,2,0,27937,22.7900009155273,1,1,2,2,0,109.199531555176,105.319999694824,0.0230823382735252
39,0,0,2,3,0,29018,82.2399978637695,0,1,3,3,0,346.743743896484,380.570007324219,0.0210311450064182
50,1,1,4,1,0,20258,52.1300010681152,0,5,1,1,1,179.858505249023,260.299987792969,0.186453565955162
44,1,1,2,1,0,21143,113.275535583496,0,2,1,1,0,489.359497070312,480.369995117188,0.0949993953108788
38,1,1,1,1,0,24865,95.3000030517578,0,1,3,3,0,475.728454589844,459.600006103516,0.00981395877897739
42,1,1,3,1,0,21351,31.5699996948242,0,2,3,2,1,143.63786315918,196.139999389648,0.0228134952485561
50,1,1,4,1,0,20558,54.3800010681152,0,3,2,2,1,202.802932739258,322.519989013672,0.0439522080123425
51,1,1,3,1,0,24828,40.6100006103516,1,4,1,1,1,153.934600830078,291.450012207031,0.15426367521286
57,1,0,1,2,0,28547,32.560001373291,1,2,1,NA,0,24.5493202209473,0,0.160258710384369
47,1,1,3,1,0,22866,30.3099994659424,1,2,2,3,1,147.126419067383,215.940002441406,0.0271882247179747
51,1,1,4,1,0,24985,49.8800010681152,1,2,1,1,1,176.048294067383,283.130004882812,0.193233087658882
39,1,1,1,1,0,21417,87.120002746582,0,2,2,2,0,431.08251953125,421.600006103516,0.00994591135531664
45,0,0,4,2,0,26975,46.5999984741211,0,4,1,1,1,153.50471496582,210.369995117188,0.199068605899811
46,1,0,3,2,0,26956,45.439998626709,0,2,1,2,1,168.059020996094,182.279998779297,0.16301366686821
51,1,0,3,2,0,28018,261.329162597656,0,1,2,3,1,739.028503417969,626.809997558594,0.045577347278595
58,1,0,1,2,0,28852,46.3899993896484,1,3,1,1,0,173.128555297852,251.75,0.169350624084473
58,1,0,3,2,0,28604,NA,NA,NA,NA,NA,1,0,0,NA
41,1,1,1,1,0,22205,107.599998474121,0,1,1,3,0,523.932739257812,599.859985351562,0.0670847371220589
47,1,1,3,1,0,22851,56.2599983215332,0,1,2,2,1,236.942687988281,258.140014648438,0.0271882247179747
39,1,0,1,2,0,27872,80.129997253418,0,3,3,3,0,376.076324462891,433.989990234375,0.0144852818921208
47,1,1,2,1,0,20312,53.7684555053711,0,1,1,1,0,816.487487792969,746.309997558594,0.10372956097126
NA,1,0,2,3,0,29627,40.8300018310547,1,1,1,1,0,165.119110107422,289.200012207031,0.144536748528481
42,1,1,4,1,0,25752,61.7999992370605,0,4,1,1,1,237.579818725586,297.820007324219,0.151261359453201
55,1,0,4,2,0,27706,45.3899993896484,1,4,1,1,1,124.724151611328,180.259994506836,0.27262356877327
43,1,0,4,2,0,28512,85.8399963378906,0,4,2,2,1,307.667388916016,381.359985351562,0.0454765781760216
46,0,0,4,2,0,27150,23.4899997711182,1,4,1,1,1,67.7436904907227,220.520004272461,0.20375420153141
51,1,1,1,1,0,24058,40.0699996948242,1,2,3,3,0,194.817169189453,231.869995117188,0.0162429753690958
45,1,0,2,3,0,29230,525.849975585938,0,1,1,1,0,206.675308227539,297.279998779297,0.124257326126099
58,1,1,4,1,0,23478,96.6699981689453,0,4,1,NA,1,50.0694808959961,0,0.259654849767685
43,0,1,4,1,0,20198,92.4499969482422,0,1,1,1,1,341.704437255859,378.410003662109,0.15439061820507
42,1,0,3,2,0,26857,56.3899993896484,0,1,2,2,1,224.665802001953,241.679992675781,0.031845785677433
47,1,1,1,1,0,22655,106.430000305176,0,1,3,3,0,499.074920654297,454.589996337891,0.0129278525710106
51,0,1,3,1,0,23645,NA,NA,NA,NA,NA,1,0,0,NA
46,0,0,3,3,0,29099,43.189998626709,0,3,3,3,1,160.321624755859,325.010009765625,0.0360130555927753
38,1,1,3,1,0,25184,48.3300018310547,0,1,1,1,1,215.838165283203,287.410003662109,0.112503193318844
53,1,0,1,2,0,27273,NA,NA,NA,NA,NA,0,0,0,NA
49,0,1,1,1,0,23685,NA,NA,NA,NA,NA,0,0,0,NA
56,1,1,1,1,0,21284,87.9100036621094,0,1,3,3,0,366.1708984375,397.329986572266,0.0233837105333805
52,0,1,4,1,0,25710,100.201431274414,0,3,1,1,1,388.287536621094,443.989990234375,0.201073586940765
40,1,1,2,1,0,22031,58.939998626709,0,1,2,3,0,273.084442138672,255.710006713867,0.0150246862322092
41,1,1,1,1,0,23378,90.1900024414062,0,3,1,1,0,434.577880859375,429.350006103516,0.0670847371220589
54,1,0,3,3,0,29073,46.0400009155273,1,3,1,3,1,150.657485961914,204.320007324219,0.214264795184135
52,0,1,3,1,0,21347,113.853073120117,0,1,1,2,1,668.839172363281,638.190002441406,0.161070957779884
62,1,1,1,1,0,24874,NA,NA,NA,NA,NA,0,0,0,NA
43,1,0,4,2,0,28228,106.040000915527,0,2,1,1,1,364.165252685547,467.850006103516,0.190820917487144
44,1,1,1,1,0,23788,82.8300018310547,0,1,2,3,0,405.784118652344,560.030029296875,0.0113522093743086
60,1,1,3,1,0,20205,56.0200004577637,0,1,3,NA,1,52.8205947875977,0,0.0625296235084534
46,1,0,4,2,0,27719,42.689998626709,0,4,1,2,1,140.603637695312,217.929992675781,0.203305020928383
48,1,1,1,1,0,23522,106.357109069824,0,1,1,1,0,562.591979980469,575.960021972656,0.0818314552307129
51,0,1,4,1,0,22083,104.709999084473,0,3,1,1,1,341.637725830078,337.200012207031,0.193668693304062
41,1,0,2,2,0,27464,159.947448730469,0,2,3,3,0,1185.55676269531,1054.36999511719,0.0218682251870632
53,1,0,4,2,0,27581,NA,NA,NA,NA,NA,1,0,0,NA
51,1,0,4,2,0,27354,42.8218421936035,1,4,2,3,1,350.078582763672,449.510009765625,0.0621387623250484
48,0,1,2,1,0,21572,67.9000015258789,0,1,1,NA,0,130.847534179688,0,0.107673399150372
55,1,0,3,2,0,28454,64.4899978637695,0,2,3,NA,1,42.7272682189941,0,0.0578956827521324
51,1,1,4,1,0,20690,22.3299999237061,1,3,1,1,1,90.5412521362305,293.869995117188,0.193233087658882
38,1,0,1,2,0,28813,22.1200008392334,0,1,1,1,0,106.958656311035,231.169998168945,0.084817998111248
44,1,1,1,1,0,22516,80.1800003051758,0,1,3,3,0,394.707885742188,347.339996337891,0.0113522093743086
49,0,1,1,1,0,22050,36.439998626709,1,1,3,3,0,181.378204345703,235.059997558594,0.0144399981945753
51,0,0,4,2,0,26817,51.2400016784668,1,5,1,1,1,153.07421875,225.070007324219,0.235774517059326
52,1,0,4,2,0,27021,107.099998474121,0,5,1,1,1,316.526641845703,323.779998779297,0.243563696742058
47,0,1,2,1,0,25563,108.629997253418,0,3,1,1,0,449.718078613281,514.700012207031,0.104015998542309
42,1,1,2,1,0,22895,82.6500015258789,0,1,2,3,0,388.010040283203,375.140014648438,0.0157341063022614
47,1,1,2,1,0,23100,86.1699981689453,0,1,2,1,0,382.099304199219,449.589996337891,0.0189423989504576
51,1,0,3,2,0,26501,56.7700004577637,0,3,1,2,1,193.096466064453,182.600006103516,0.191107615828514
52,1,1,3,1,0,24030,NA,NA,NA,NA,NA,1,0,0,NA
38,1,0,1,2,0,27179,52.0999984741211,0,1,1,1,0,244.597808837891,284.519989013672,0.084817998111248
42,1,0,4,2,0,28621,82.8300018310547,0,2,3,3,1,294.806549072266,324.290008544922,0.0443721227347851
40,1,1,4,1,0,25891,63.439998626709,0,4,2,3,1,249.824905395508,282.130004882812,0.0310982502996922
45,1,1,1,1,0,24307,37.0800018310547,0,1,2,2,0,188.787750244141,280.670013427734,0.0118063986301422
49,1,0,4,2,0,28652,50.2355918884277,0,3,1,2,1,393.237609863281,425.109985351562,0.220686390995979
59,1,1,2,1,0,22437,NA,NA,NA,NA,NA,0,0,0,NA
48,0,0,3,2,0,26691,58.5499992370605,0,1,2,3,1,204.546829223633,210.320007324219,0.0393955558538437
44,1,0,3,2,0,27540,44.439998626709,0,1,3,3,1,188.870452880859,231.729995727539,0.0336750745773315
54,1,1,1,1,0,25428,80.2399978637695,0,1,1,1,0,340.938171386719,380.109985351562,0.107881277799606
43,1,1,2,1,0,26138,103.050003051758,0,1,2,NA,0,101.74543762207,0,0.0162003077566624
45,1,1,2,1,0,24484,53.1199989318848,0,1,2,3,0,245.632141113281,273.010009765625,0.0173819325864315
53,1,1,1,1,0,21891,39.0400009155273,1,2,1,1,0,186.564193725586,245.449996948242,0.10242211073637
47,1,0,3,2,0,27067,50.2045097351074,0,1,2,3,1,493.348266601562,499.130004882812,0.0375928096473217
49,0,0,1,2,0,27338,107.690002441406,0,2,3,3,0,448.313629150391,439.760009765625,0.0206440333276987
47,1,0,1,3,0,28998,86.5999984741211,0,1,3,3,0,382.849517822266,380.390014648438,0.0184551626443863
49,1,1,4,1,0,26118,81.2799987792969,0,3,1,NA,1,55.679126739502,0,0.180260613560677
40,0,1,1,1,0,22480,87.8000030517578,0,3,3,3,0,427.764373779297,450.510009765625,0.0101670669391751
47,1,0,3,2,0,26201,56.8600006103516,0,1,2,2,1,217.250137329102,271.140014648438,0.0375928096473217
53,1,0,4,2,0,28537,65.3399963378906,0,4,1,1,1,188.482330322266,379.670013427734,0.252528101205826
50,1,0,3,2,0,26499,21.6299991607666,1,1,3,2,1,85.9332275390625,96.6800003051758,0.043233584612608
46,1,1,3,1,0,25374,101.120002746582,0,2,2,3,1,409.463104248047,392.309997558594,0.026058966293931
44,1,0,4,2,0,27353,46.401969909668,0,5,3,2,1,572.22802734375,599.869995117188,0.0467656888067722
56,1,0,4,2,0,27766,40.5499992370605,1,1,2,2,1,120.567337036133,171.059997558594,0.0827078744769096
43,1,1,1,1,0,24376,78.2099990844727,0,1,1,1,0,379.575012207031,396.339996337891,0.0699463859200478
54,0,1,2,1,0,24609,45.8199996948242,1,1,3,3,0,174.902465820312,274.140014648438,0.028747433796525
NA,NA,1,1,1,0,22535,107.186019897461,0,1,2,3,0,551.493591308594,498.660003662109,0.0303501505404711
50,0,1,4,1,0,23900,59.9900016784668,0,2,1,1,1,195.15234375,213.429992675781,0.186879724264145
49,1,1,3,1,0,24795,461.859985351562,0,1,2,2,1,184.206100463867,248.589996337891,0.0299070440232754
49,1,1,4,1,0,24103,49.560001373291,0,3,2,3,1,185.796936035156,218.639999389648,0.0418251156806946
49,1,1,3,1,0,20498,156.776596069336,0,3,2,2,1,776.064575195312,809.590026855469,0.0299070440232754
54,1,1,3,1,0,25814,NA,NA,NA,NA,NA,1,0,0,NA
43,1,0,2,3,0,29626,408.730010986328,0,1,1,2,0,163.954040527344,235.460006713867,0.118543468415737
40,1,1,4,1,0,20111,63.2799987792969,0,4,2,2,1,271.774261474609,373.220001220703,0.0310982502996922
50,1,1,4,1,0,21097,44.4199981689453,1,4,2,2,1,166.090744018555,269.420013427734,0.0439522080123425
45,1,1,1,1,0,24661,131.316772460938,0,3,1,2,0,1106.96752929688,996.72998046875,0.0738287270069122
53,0,1,4,1,0,23693,46.4700012207031,1,1,1,2,1,144.101943969727,187.679992675781,0.209124460816383
49,1,1,3,1,0,24625,41.0299987792969,1,4,1,1,1,163.998901367188,247.059997558594,0.143065959215164
48,0,0,3,3,0,29327,110.346954345703,0,3,1,2,1,484.85498046875,547.780029296875,0.172302529215813
35,1,1,2,1,0,20130,42.3199996948242,0,1,2,3,0,206.923706054688,237.259994506836,0.0144031969830394
51,1,0,4,2,0,27357,47.7000007629395,1,4,1,2,1,146.803482055664,240.389999389648,0.235286056995392
53,1,1,2,1,0,24216,71.6399993896484,0,1,3,3,0,290.247741699219,374.329986572266,0.0267345290631056
35,1,1,1,1,0,23995,64.3300018310547,0,1,2,2,0,330.020751953125,336.700012207031,0.00968327559530735
44,1,1,1,1,0,25463,53.310001373291,0,4,1,1,0,265.261535644531,281.690002441406,0.0717533752322197
52,1,1,2,1,0,21172,NA,NA,NA,NA,NA,0,0,0,NA
51,1,0,1,2,0,27486,38.810001373291,1,1,3,3,0,169.448104858398,189.570007324219,0.0230823382735252
37,1,0,4,2,0,27967,47.3400001525879,0,5,1,2,1,171.802627563477,247.479995727539,0.178814634680748
29,1,1,3,1,0,24174,139.65315246582,0,1,3,3,1,470.247253417969,471.980010986328,0.0228099245578051
44,1,0,4,2,0,28003,41.4700012207031,0,4,2,3,1,151.660827636719,215.220001220703,0.0467656888067722
48,1,1,4,1,0,25175,111.279998779297,0,3,1,2,1,386.680969238281,388.970001220703,0.174626991152763
53,1,0,3,3,0,29765,25.0699996948242,1,3,3,3,1,100.012138366699,208.899993896484,0.050792034715414
55,0,1,3,1,0,21214,35.3499984741211,0,3,1,NA,1,23.5096111297607,0,0.184039264917374
43,1,0,1,3,0,29797,69.7300033569336,0,1,2,NA,0,135.759872436523,0,0.0157740972936153
49,1,1,4,1,0,23437,57.6800003051758,0,3,3,3,1,208.697677612305,265.109985351562,0.0418251156806946
58,1,1,1,1,0,23796,131.76985168457,0,1,2,3,0,636.26318359375,586.030029296875,0.027635121718049
55,0,1,2,1,0,20296,NA,NA,NA,NA,NA,0,0,0,NA
42,1,0,3,2,0,27565,94.4071197509766,0,1,1,1,1,752.207092285156,774.22998046875,0.149444967508316
46,0,0,3,3,0,29207,100.660003662109,0,3,1,1,1,354.317840576172,338.070007324219,0.162696182727814
44,0,0,3,3,0,29303,65.8099975585938,0,3,1,1,1,238.660766601562,383.070007324219,0.155028089880943
50,0,1,3,1,0,21217,86.4199981689453,0,3,3,3,1,327.104583740234,468.109985351562,0.0316383093595505
52,1,0,3,2,0,28381,36.0999984741211,0,2,1,NA,1,26.1688652038574,0,0.198453456163406
52,1,1,1,1,0,23661,40.7099990844727,1,1,1,1,0,193.345993041992,201.160003662109,0.0974532663822174
48,0,1,1,1,0,21884,51.1699981689453,0,1,1,1,0,240.489929199219,284.359985351562,0.0820718258619308
50,1,1,1,1,0,20853,92.5299987792969,0,2,3,3,0,427.271697998047,436.140014648438,0.0152560928836465
45,1,0,3,3,0,29390,106.76000213623,0,3,1,1,1,393.101470947266,385.399993896484,0.158246368169785
46,0,1,1,1,0,22632,103.410003662109,0,1,3,3,0,477.536346435547,500.079986572266,0.0123803000897169
51,1,1,1,1,0,25656,34.4000015258789,0,1,1,NA,0,33.6836891174316,0,0.0929403752088547
54,1,0,3,2,0,28564,26.1700000762939,1,5,2,NA,1,58.5657730102539,0,0.0543185956776142
42,1,1,1,1,0,22126,56.1500015258789,0,1,2,3,0,285.455444335938,287.809997558594,0.0106288930401206
45,1,1,2,1,0,24294,NA,NA,NA,NA,NA,0,0,0,NA
52,1,1,2,1,0,25776,24.75,1,1,3,3,0,117.285507202148,117.080001831055,0.0250304825603962
40,1,0,3,2,0,28376,49.4297409057617,0,2,3,3,1,821.569519042969,731.97998046875,0.0305569488555193
44,0,1,1,1,0,24381,103.339996337891,0,1,2,3,0,493.878387451172,447.510009765625,0.0113995503634214
47,0,1,4,1,0,24075,55.9000015258789,0,4,2,2,1,196.659378051758,236.119995117188,0.038366511464119
40,0,0,4,2,0,26564,40.8800010681152,0,4,1,2,1,135.391784667969,227.630004882812,0.183185026049614
38,1,0,1,2,0,26318,43.1399993896484,0,1,1,1,0,199.720138549805,218.059997558594,0.084817998111248
65,1,1,2,1,0,22639,NA,NA,NA,NA,NA,0,0,0,NA
55,1,1,4,1,0,20405,100.879997253418,0,4,1,1,1,310.890838623047,345.160003662109,0.22681026160717
49,1,0,4,2,0,27724,50.8499984741211,0,5,1,NA,1,54.3610038757324,0,0.220686390995979
49,1,1,1,1,0,21947,188.942108154297,0,1,2,2,0,927.56884765625,811.130004882812,0.0143819181248546
44,0,0,2,2,0,28511,84.370002746582,0,1,2,3,0,343.821258544922,447.320007324219,0.0238508675247431
54,1,0,3,2,0,28747,71.1500015258789,0,2,2,2,1,231.617965698242,334.5,0.0543185956776142
51,1,0,3,2,0,26647,44.7799987792969,1,1,1,2,1,150.356628417969,212.220001220703,0.191107615828514
50,1,0,4,2,0,27619,62.3899993896484,0,4,1,1,1,191.814559936523,248.429992675781,0.227668836712837
49,1,0,1,2,0,27023,37.2999992370605,1,2,3,3,0,177.748397827148,259.019989013672,0.0205651968717575
55,1,1,3,1,0,22233,56.5699996948242,1,2,1,1,1,193.925308227539,242.690002441406,0.183617144823074
50,0,1,3,1,0,23804,46.0999984741211,1,1,3,3,1,176.848327636719,260.309997558594,0.0316383093595505
61,0,1,3,1,0,23056,28.4699993133545,1,4,1,NA,1,15.670539855957,0,0.249800637364388
53,1,0,3,3,0,29799,50.560001373291,0,3,1,NA,1,34.1960525512695,0,0.20562207698822
49,1,1,4,1,0,24429,102.819999694824,0,4,1,1,1,358.18505859375,367.079986572266,0.180260613560677
48,1,1,1,1,0,21843,28.4899997711182,0,1,1,NA,0,26.2706661224365,0,0.0818314552307129
NA,1,1,4,1,0,24064,40.9000015258789,0,1,2,3,1,181.18017578125,281.059997558594,0.0303501505404711
51,0,0,2,3,0,29630,147.981323242188,0,1,1,1,0,807.54443359375,720.830017089844,0.152119591832161
44,0,1,3,1,0,23973,44.1621360778809,0,1,1,1,1,457.186218261719,478.420013427734,0.123693019151688
53,1,1,3,1,0,24652,49.2799987792969,1,1,3,3,1,192.146560668945,261.570007324219,0.0376330204308033
50,1,1,1,1,0,23135,93.8600006103516,0,3,3,3,0,428.318634033203,389.140014648438,0.0152560928836465
40,1,1,3,1,0,23605,82.0400009155273,0,1,3,3,1,354.548248291016,373.880004882812,0.0218391101807356
54,0,1,1,1,0,21831,74.7399978637695,0,1,1,NA,0,60.6329574584961,0,0.108175963163376
49,1,1,4,1,0,23329,42.9599990844727,1,4,2,2,1,161.18342590332,212.580001831055,0.0418251156806946
48,1,0,3,3,0,29416,52.2000007629395,0,3,1,1,1,186.905502319336,229.910003662109,0.17189759016037
42,1,1,3,1,0,21881,96.6422119140625,0,1,1,1,1,694.033386230469,626.289978027344,0.11834279447794
50,1,0,4,2,0,27758,25.4099998474121,1,4,2,3,1,93.7462997436523,160.759994506836,0.0591366998851299
54,1,1,2,1,0,22562,40.8499984741211,0,2,1,NA,0,32.507698059082,0,0.138827696442604
48,1,0,3,2,0,28043,48.6331634521484,0,1,2,2,1,571.711975097656,611.919982910156,0.0392606109380722
49,1,1,4,1,0,24191,73.8600006103516,0,1,2,3,1,266.180480957031,493.839996337891,0.0418251156806946
54,1,0,3,2,0,28883,NA,NA,NA,NA,NA,1,0,0,NA
55,1,1,3,1,0,21782,107.188171386719,0,3,3,3,1,695.415771484375,604.590026855469,0.0429729633033276
50,0,1,3,1,0,22995,53.8800010681152,0,3,2,2,1,205.667739868164,240.029998779297,0.0316383093595505
48,1,1,3,1,0,21449,50.1699981689453,0,1,1,1,1,200.200866699219,279.470001220703,0.138228967785835
47,1,0,1,2,0,26532,48.8199996948242,0,1,2,1,0,219.842742919922,221.630004882812,0.0185856781899929
54,1,1,2,1,0,21516,189.419998168945,0,1,1,NA,0,119.382385253906,0,0.138827696442604
49,1,1,4,1,0,25565,64.1800003051758,0,5,2,3,1,248.82209777832,270.059997558594,0.0418251156806946
38,0,0,1,2,0,27845,74.4800033569336,0,1,1,2,0,326.008605957031,309.339996337891,0.0850649327039719
48,1,0,4,2,0,27193,33.8600006103516,0,5,1,NA,1,22.4437026977539,0,0.214313834905624
NA,1,0,2,2,0,26578,109.959999084473,0,2,1,2,0,418.721343994141,442.720001220703,0.144536748528481
46,1,0,3,3,0,29680,106.220001220703,0,3,1,1,1,389.009826660156,374.420013427734,0.162305951118469
35,1,1,4,1,0,23179,102.180000305176,0,5,3,3,1,401.079925537109,414.359985351562,0.029946580529213
62,0,1,2,1,0,21198,64.0999984741211,0,1,1,NA,0,38.062313079834,0,0.216500848531723
40,0,1,2,1,0,23868,97.9366149902344,0,1,3,3,0,607.397766113281,611.169982910156,0.015085001476109
52,1,0,3,2,0,26511,57.4500007629395,0,1,1,NA,1,85.1393814086914,0,0.198453456163406
41,1,1,2,1,0,24892,NA,NA,NA,NA,NA,0,0,0,NA
54,1,1,4,1,0,26012,NA,NA,NA,NA,NA,1,0,0,NA
45,1,1,4,1,0,24460,52.2299995422363,0,1,3,2,1,206.510131835938,240.020004272461,0.0354161076247692
45,1,0,2,3,0,29418,51.2700004577637,0,1,1,1,0,211.888854980469,225.830001831055,0.124257326126099
51,1,0,4,2,0,26546,68.8899993896484,0,5,3,3,1,214.550308227539,323.940002441406,0.0621387623250484
43,1,0,3,3,0,29645,67.129997253418,0,3,1,2,1,250.403381347656,280.459991455078,0.15149886906147
46,1,1,3,1,0,21657,95.6699981689453,0,2,2,3,1,396.026489257812,361.529998779297,0.026058966293931
58,1,1,2,1,0,26094,70,0,1,1,NA,0,49.3930358886719,0,0.171321347355843
51,0,0,3,2,0,28565,20.2900009155273,1,4,1,1,1,66.2349014282227,187.169998168945,0.1915403008461
48,1,1,2,1,0,23755,87.6999969482422,0,1,2,3,0,389.075592041016,394.070007324219,0.0198864433914423
44,1,1,1,1,0,22694,85.9400024414062,0,1,1,1,0,407.309753417969,406.510009765625,0.0717533752322197
50,1,1,4,1,0,25436,43.0800018310547,1,3,1,1,1,153.988571166992,190.880004882812,0.186453565955162
42,0,0,4,2,0,27169,40.3400001525879,0,2,1,1,1,132.411285400391,202.009994506836,0.188090264797211
36,1,0,3,2,0,27312,76.2341918945312,0,1,1,1,1,776.32373046875,701.570007324219,0.141448020935059
44,1,0,1,3,0,29061,20.4899997711182,1,1,2,2,0,107.3056640625,197.110000610352,0.0163089837878942
59,1,0,4,2,0,28302,43.9799995422363,1,5,1,1,1,105.521697998047,207.429992675781,0.322188377380371
49,1,0,4,2,0,26210,21.7700004577637,1,3,2,3,1,84.3794250488281,131.119995117188,0.0564385242760181
56,1,1,2,1,0,23487,106.639999389648,0,2,3,3,0,404.375396728516,384.149993896484,0.0331694222986698
45,0,1,4,1,0,21950,32.1300010681152,0,5,1,NA,1,24.0478248596191,0,0.161221995949745
57,1,1,1,1,0,25342,NA,NA,NA,NA,NA,0,0,0,NA
48,1,1,1,1,0,23669,60.1399993896484,0,3,2,NA,0,56.9814224243164,0,0.0136091280728579
49,1,0,3,2,0,27663,84.0199966430664,0,1,1,NA,1,90.8569946289062,0,0.17822502553463
43,1,1,3,1,0,22004,53.8451995849609,0,1,2,2,1,816.968933105469,768.349975585938,0.0234523471444845
52,1,0,3,2,0,28405,NA,NA,NA,NA,NA,1,0,0,NA
45,1,1,1,1,0,21774,37.0400009155273,0,1,2,2,0,188.68278503418,278.5,0.0118063986301422
50,1,1,2,1,0,20555,49.0800018310547,1,1,1,1,0,204.052062988281,293.299987792969,0.11592873185873
48,1,1,1,1,0,21409,30.0772113800049,1,1,1,1,0,582.91650390625,536.419982910156,0.0818314552307129
NA,0,1,2,1,0,24938,22.9699993133545,1,2,2,2,0,93.2748413085938,225.75,0.0303501505404711
45,1,1,1,1,0,24223,61.2709770202637,0,1,1,3,0,802.773742675781,709.299987792969,0.0738287270069122
45,1,1,1,1,0,24716,81.8499984741211,0,1,2,1,0,395.453674316406,371.869995117188,0.0118063986301422
NA,0,0,4,2,0,26348,111.699996948242,0,5,1,1,1,407.642364501953,447.510009765625,0.144536748528481
57,1,1,4,1,0,22116,76.1800003051758,0,4,1,1,1,223.04753112793,330.910003662109,0.247913494706154
50,1,0,3,2,0,28479,121.894378662109,0,3,3,3,1,586.030029296875,544.099975585938,0.043233584612608
46,1,0,4,2,0,28034,27.8500003814697,1,5,1,1,1,104.031272888184,203.630004882812,0.203305020928383
36,1,1,3,1,0,20397,53.8600006103516,0,3,1,1,1,225.86946105957,196.559997558594,0.111549004912376
49,1,0,3,2,0,26672,58.2312698364258,0,1,3,3,1,596.424987792969,605.809997558594,0.0411347970366478
53,1,0,2,2,0,28701,98.6631622314453,0,2,1,2,0,618.010620117188,611.489990234375,0.165748745203018
36,0,0,3,2,0,26573,72.629997253418,0,3,1,1,1,274.692260742188,302.970001220703,0.141804173588753
45,1,1,2,1,0,20439,51.8199996948242,0,2,2,3,0,256.395599365234,309,0.0173819325864315
47,0,1,1,1,0,21017,51.2200012207031,0,2,1,1,0,239.266342163086,299.549987792969,0.0790827199816704
57,0,1,1,1,0,23299,44.1599998474121,1,1,2,2,0,176.078689575195,335.940002441406,0.0254798699170351
43,1,1,2,1,0,26066,41.1500015258789,0,3,1,2,0,196.378509521484,210.649993896484,0.0927653014659882
42,0,1,1,1,0,25706,55.0299987792969,0,1,3,3,0,262.699279785156,336.010009765625,0.010673594661057
66,1,0,3,2,0,27060,30.2600002288818,1,2,1,NA,1,12.5216255187988,0,0.382499426603317
49,0,0,4,2,0,28214,21.6499996185303,1,5,1,1,1,60.5124359130859,132.070007324219,0.22115758061409
56,1,1,3,1,0,21969,83.6304321289062,0,4,1,1,1,546.306396484375,517.440002441406,0.192604705691338
51,1,0,4,2,0,26728,72.2968597412109,0,5,1,1,1,357.237976074219,363.700012207031,0.235286056995392
43,1,1,1,1,0,22472,43.9500007629395,0,4,2,2,0,231.393249511719,290.600006103516,0.0109612951055169
46,0,1,4,1,0,24570,63.8400001525879,0,5,3,3,1,227.834701538086,358.769989013672,0.0368640124797821
52,1,1,1,1,0,24471,51.6399993896484,1,1,3,3,0,244.437774658203,306.519989013672,0.017355402931571
61,1,0,3,3,0,29521,NA,NA,NA,NA,NA,1,0,0,NA
39,1,1,4,1,0,22008,105.940002441406,0,3,1,2,1,403.516693115234,380.470001220703,0.145473584532738
47,0,0,3,3,0,29113,43.4799995422363,0,3,1,2,1,164.426467895508,236.710006713867,0.167246282100677
52,0,1,4,1,0,25959,93.3113861083984,0,4,3,3,1,819.457641601562,722.530029296875,0.0491340383887291
45,1,0,3,2,0,27852,94.8600006103516,0,1,3,3,1,350.895416259766,348,0.0348134785890579
45,1,1,2,1,0,24287,100.559997558594,0,1,1,1,0,434.840728759766,415.510009765625,0.0975597128272057
NA,1,1,1,1,0,22863,102.860000610352,0,4,2,2,0,403.53564453125,431.579986572266,0.0303501505404711
51,1,1,2,1,0,20365,87.6100006103516,0,1,3,3,0,366.737335205078,368.5,0.0235107559710741
57,1,1,2,1,0,25129,NA,NA,NA,NA,NA,0,0,0,NA
49,1,1,3,1,0,21689,43.4900016784668,1,2,1,2,1,167.046936035156,180,0.143065959215164
44,1,0,1,2,0,26812,76.0400009155273,0,1,3,3,0,356.096343994141,362.829986572266,0.0164264310151339
51,1,1,4,1,0,20450,92.9199981689453,0,4,2,3,1,319.245330810547,350.890014648438,0.0463271252810955
61,1,1,3,1,0,24974,130.13525390625,0,1,2,2,1,417.607696533203,388.890014648438,0.067820630967617
47,1,0,3,3,0,29703,50.9700012207031,0,3,1,1,1,189.217697143555,250.559997558594,0.16684901714325
47,1,0,3,3,0,29170,414.790008544922,0,3,1,1,1,145.238616943359,345.850006103516,0.16684901714325
45,0,0,4,2,0,28552,42.6300010681152,0,3,3,3,1,147.508102416992,238.259994506836,0.0484100952744484
37,1,1,1,1,0,21459,42.4599990844727,0,1,3,3,0,222.064254760742,238.649993896484,0.00972679909318686
49,1,1,3,1,0,23822,67.4599990844727,0,2,1,2,1,261.281005859375,327.859985351562,0.143065959215164
43,0,1,2,1,0,25607,104.524963378906,0,1,1,1,0,1333.619140625,1134.18005371094,0.0930292531847954
45,1,0,4,2,0,26344,20.0599994659424,1,4,3,3,1,82.0711059570312,209.660003662109,0.0482507310807705
34,1,1,3,1,0,21267,41.0900001525879,0,3,1,1,1,185.393310546875,288.100006103516,0.111863829195499
42,1,1,3,1,0,25577,80.9003524780273,0,1,1,2,1,824.882019042969,907.239990234375,0.11834279447794
40,1,0,4,2,0,27608,25.9699993133545,0,5,2,3,1,106.73713684082,197.800003051758,0.0426801256835461
46,1,0,3,2,0,26339,43.3300018310547,0,3,1,2,1,157.076538085938,252.130004882812,0.16301366686821
NA,0,1,2,1,0,26079,102.148300170898,0,1,3,3,0,837.30517578125,809.440002441406,0.0303501505404711
51,1,0,3,2,0,27508,55.1871871948242,0,1,1,2,1,668.642639160156,692.070007324219,0.191107615828514
53,1,0,4,2,0,28878,25.8700008392334,1,4,3,3,1,86.4182434082031,144.479995727539,0.0691606625914574
47,1,1,3,1,0,25310,46.9099998474121,0,2,1,1,1,185.950729370117,203.279998779297,0.133864060044289
50,0,0,4,2,0,27497,NA,NA,NA,NA,NA,1,0,0,NA
63,1,0,3,2,0,26460,84.1999969482422,0,1,1,NA,1,38.9769973754883,0,0.328559815883636
27,0,1,1,1,0,24965,43.7999992370605,0,2,3,3,0,212.801406860352,233.389999389648,0.0113969743251801
40,1,0,2,3,0,29295,97.1399993896484,0,1,3,3,0,414.376647949219,486.230010986328,0.0212892461568117
52,0,1,4,1,0,25270,50.2200012207031,1,3,1,1,1,158.285629272461,202.059997558594,0.201073586940765
54,0,0,3,3,0,29529,40.0999984741211,1,3,2,2,1,132.837844848633,147.119995117188,0.0541766583919525
37,1,0,4,2,0,27528,86.6100006103516,0,5,1,1,1,307.338165283203,406.209991455078,0.178814634680748
46,1,0,4,2,0,27199,41.5400009155273,0,3,1,2,1,139.977920532227,178.160003662109,0.203305020928383
63,1,1,1,1,0,22567,75.5999984741211,0,1,1,NA,0,81.0339202880859,0,0.185945942997932
46,1,1,1,1,0,25480,61.8400001525879,0,1,1,NA,0,141.338241577148,0,0.0761880278587341
49,1,1,4,1,0,21750,416.670013427734,0,5,3,3,1,151.568969726562,232.649993896484,0.0418251156806946
54,1,1,2,1,0,25015,86.870002746582,0,1,1,3,0,343.998168945312,376.079986572266,0.138827696442604
55,1,0,3,2,0,28105,130.880477905273,0,1,2,2,1,489.889801025391,449.089996337891,0.0578956827521324
38,1,1,3,1,0,22879,85.1600036621094,0,3,2,3,1,359.538269042969,321.160003662109,0.021237351000309
46,1,1,2,1,0,24804,NA,NA,NA,NA,NA,0,0,0,NA
51,1,1,2,1,0,22522,88.2452774047852,0,2,1,1,0,506.608825683594,521.299987792969,0.120881728827953
41,1,1,2,1,0,21718,88.3099975585938,0,1,3,3,0,413.041656494141,464.510009765625,0.0153436884284019
49,0,1,1,1,0,25884,42.3600006103516,1,1,1,1,0,183.971801757812,297.209991455078,0.0854051560163498
47,1,1,1,1,0,24590,51.0400009155273,0,2,2,3,0,248.279495239258,346.880004882812,0.0129278525710106
43,1,1,3,1,0,24438,52,0,2,1,1,1,221.184494018555,224.179992675781,0.120670042932034
40,1,0,3,3,0,29675,43.2900009155273,0,3,1,2,1,166.629470825195,210.800003051758,0.144564986228943
36,0,1,2,1,0,24572,56.1199989318848,0,1,3,3,0,268.972229003906,292.609985351562,0.0144615415483713
43,1,1,4,1,0,21959,104.190002441406,0,4,3,3,1,396.001739501953,361.950012207031,0.0332612656056881
49,1,0,1,2,0,28344,40.9500007629395,1,1,1,1,0,170.093948364258,222.300003051758,0.109968215227127
49,1,1,4,1,0,24502,50.4900016784668,0,5,2,3,1,187.3076171875,220.279998779297,0.0418251156806946
48,1,0,2,3,0,29777,89.9599990844727,0,1,1,3,0,356.714416503906,346.579986572266,0.135891377925873
46,1,1,3,1,0,24031,49.7400016784668,0,3,2,2,1,208.354843139648,246.169998168945,0.026058966293931
57,0,0,4,2,0,26982,67.6600036621094,0,3,1,NA,1,32.974006652832,0,0.296329230070114
49,0,0,4,2,0,28210,53.689998626709,0,1,1,1,1,160.623123168945,182.089996337891,0.22115758061409
51,1,1,2,1,0,23311,71.9100036621094,0,1,2,2,0,304.894561767578,279.779998779297,0.0235107559710741
NA,1,0,3,3,0,29259,99.392333984375,0,1,1,2,1,623.835021972656,667.080017089844,0.144536748528481
NA,1,1,4,1,0,22518,44.8899993896484,0,1,2,3,1,189.949142456055,270.390014648438,0.0303501505404711
51,1,0,1,2,0,28806,93.4000015258789,0,1,1,1,0,389.884368896484,390.799987792969,0.11932485550642
58,1,0,4,2,0,28917,NA,NA,NA,NA,NA,1,0,0,NA
50,0,1,2,1,0,25386,30.4599990844727,0,1,1,NA,0,23.5334739685059,0,0.116238966584206
51,0,1,1,1,0,21033,106.150001525879,0,1,2,2,0,468.620147705078,421.799987792969,0.0163074526935816
55,1,1,2,1,0,24123,60.8950233459473,1,2,1,3,0,747.085571289062,795.400024414062,0.145955368876457
51,1,0,3,2,0,26931,406.429992675781,0,1,3,3,1,144.157043457031,199.479995727539,0.045577347278595
50,1,0,1,3,0,29455,23.5799999237061,1,1,3,3,0,119.920623779297,205.369995117188,0.0216006133705378
44,1,1,1,1,0,22459,32.0493469238281,0,1,2,2,0,682.135131835938,709.280029296875,0.0113522093743086
43,1,0,3,3,0,29218,152.010238647461,0,3,3,3,1,1141.08666992188,974.799987792969,0.0324793606996536
46,1,0,3,3,0,29060,107.160003662109,0,1,3,3,1,404.899627685547,418.179992675781,0.0358876511454582
44,1,1,1,1,0,21606,91.0500030517578,0,1,1,3,0,437.458831787109,385.899993896484,0.0717533752322197
49,1,0,4,2,0,28312,75.3399963378906,0,4,2,NA,1,48.9191513061523,0,0.0564385242760181
41,1,1,4,1,0,21003,47.2299995422363,0,2,1,1,1,180.315628051758,211.520004272461,0.148928374052048
NA,0,1,1,1,0,22467,78.0400009155273,0,1,1,NA,0,57.1588668823242,0,0.144536748528481
44,1,1,1,1,0,25023,103.769996643066,0,1,1,3,0,490.10400390625,461.019989013672,0.0717533752322197
67,1,0,4,2,0,26657,76.8199996948242,0,5,1,NA,1,24.2429504394531,0,0.462159872055054
47,0,0,4,2,0,28051,48.5699996948242,0,5,1,2,1,155.910491943359,230.720001220703,0.208983451128006
55,1,1,4,1,0,22200,NA,NA,NA,NA,NA,1,0,0,NA
53,1,0,1,3,0,29532,40.7099990844727,1,1,1,1,0,168.226669311523,226.259994506836,0.130029276013374
45,0,0,1,2,0,26887,41.75,0,1,1,3,0,180.365127563477,259.220001220703,0.0964970290660858
44,1,1,2,1,0,26153,136.59162902832,0,1,3,3,0,934.220764160156,794.099975585938,0.016747523099184
38,1,1,1,1,0,23810,44.2999992370605,0,1,2,3,0,233.373138427734,317.779998779297,0.00981395877897739
47,1,0,1,3,0,29486,80.6999969482422,0,1,1,1,0,358.878570556641,327.640014648438,0.101821884512901
60,1,1,3,1,0,24719,23.6599998474121,1,2,1,1,1,77.1619644165039,191.960006713867,0.236266508698463
50,0,1,3,1,0,24283,42.6199989318848,1,3,1,1,1,151.738006591797,175.199996948242,0.148769170045853
49,1,0,1,3,0,29232,45.1399993896484,1,1,2,3,0,208.736419677734,263.140014648438,0.0204229671508074
41,1,0,1,2,0,26727,110.709999084473,0,2,2,2,0,501.765716552734,546.960021972656,0.0150458486750722
46,1,1,2,1,0,22786,41.9700012207031,0,1,1,2,0,187.431274414062,246.559997558594,0.100463390350342
46,0,0,1,2,0,27997,53.939998626709,0,1,1,2,0,228.153945922852,323.859985351562,0.0993776023387909
50,1,0,2,3,0,29635,77.2200012207031,0,1,2,2,0,299.721069335938,403.700012207031,0.0307776108384132
60,1,0,4,2,0,27873,47.0400009155273,1,4,2,3,1,118.069702148438,274.850006103516,0.108022883534431
54,1,0,3,3,0,29787,41.0099983215332,1,3,2,3,1,146.442672729492,216.699996948242,0.054002370685339
49,0,1,1,1,0,21441,71.0299987792969,0,3,1,1,0,313.361999511719,330.299987792969,0.0854051560163498
60,1,1,1,1,0,25950,NA,NA,NA,NA,NA,0,0,0,NA
48,1,0,1,2,0,28225,88.7714004516602,0,5,1,1,0,514.507507324219,425.269989013672,0.105949230492115
49,1,1,2,1,0,25072,58.3642120361328,0,1,1,2,0,851.192138671875,829.119995117188,0.111437477171421
NA,0,1,1,1,0,24648,48.7799987792969,0,1,2,3,0,192.314575195312,229.339996337891,0.0303501505404711
47,1,1,3,1,0,21847,72.6656265258789,0,1,3,3,1,569.464477539062,507.910003662109,0.0271882247179747
53,1,1,4,1,0,21647,80.4100036621094,0,3,1,NA,1,51.660758972168,0,0.208668306469917
45,0,0,3,2,0,26827,77.2399978637695,0,1,1,NA,1,106.322647094727,0,0.159327358007431
57,0,1,3,1,0,20242,NA,NA,NA,NA,NA,1,0,0,NA
44,1,1,4,1,0,25233,41.3699989318848,0,3,1,1,1,156.504211425781,266.910003662109,0.157199114561081
40,0,1,1,1,0,23072,86.6900024414062,0,1,2,2,0,433.821868896484,421.739990234375,0.0101670669391751
58,1,0,4,2,0,28316,105.290000915527,0,3,3,3,1,268.738159179688,271.809997558594,0.0941826030611992
53,1,0,1,2,0,27220,43.2299995422363,1,1,1,2,0,184.591659545898,199.860000610352,0.130639046430588
46,1,1,4,1,0,20078,120.373161315918,0,4,1,3,1,552.822326660156,601,0.164936676621437
NA,NA,1,3,1,0,23766,38.8699989318848,0,3,3,NA,1,133.922592163086,0,0.0303501505404711
50,1,0,3,3,0,29607,44.5699996948242,1,3,1,1,1,157.099029541016,276.549987792969,0.183609008789062
49,1,1,3,1,0,20507,82.4400024414062,0,1,2,2,1,321.451385498047,366.579986572266,0.0299070440232754
41,0,1,2,1,0,20331,84.0400009155273,0,1,1,2,0,363.922302246094,327.929992675781,0.0894742757081985
51,1,1,2,1,0,20187,102.245628356934,0,1,1,1,0,595.315673828125,566.059997558594,0.120881728827953
48,1,1,4,1,0,23983,52.4099998474121,0,5,2,2,1,202.14924621582,275.540008544922,0.0399253256618977
49,0,1,1,1,0,22652,87.9400024414062,0,1,3,2,0,403.978698730469,423.950012207031,0.0144399981945753
50,1,1,4,1,0,20053,67.3300018310547,0,3,2,2,1,241.039672851562,366.220001220703,0.0439522080123425
49,1,0,3,3,0,29460,NA,NA,NA,NA,NA,1,0,0,NA
40,1,1,4,1,0,20539,56.3400001525879,0,2,1,2,1,213.126312255859,275.119995117188,0.147002473473549
NA,NA,0,3,2,0,26926,75.4400024414062,0,1,1,NA,1,56.9026260375977,0,0.144536748528481
45,0,1,1,1,0,22952,112.393661499023,0,1,1,1,0,1065.49365234375,915.340026855469,0.0740510076284409
44,1,0,4,2,0,28286,NA,NA,NA,NA,NA,1,0,0,NA
38,1,0,4,2,0,27211,58.2200012207031,0,5,1,1,1,207.126235961914,226.759994506836,0.179688066244125
38,1,1,1,1,0,22831,80.4599990844727,0,1,1,1,0,400.214172363281,427.679992675781,0.0645236372947693
63,1,0,3,2,0,27182,67.4599990844727,0,1,1,NA,1,54.0635070800781,0,0.328559815883636
56,1,0,3,2,0,26372,54.4599990844727,1,2,2,3,1,182.204086303711,223.850006103516,0.0618583783507347
50,1,1,4,1,0,25991,45.9700012207031,1,3,1,1,1,161.923782348633,215.979995727539,0.186453565955162
52,1,1,2,1,0,21299,57.8535537719727,0,1,2,3,0,628.443908691406,543.190002441406,0.0250304825603962
56,1,1,3,1,0,25288,54.2299995422363,1,3,1,1,1,187.144454956055,197.850006103516,0.192604705691338
47,1,1,4,1,0,25985,40.8300018310547,0,5,1,1,1,148.894134521484,225.889999389648,0.169526964426041
67,1,1,3,1,0,21678,89.3199996948242,1,3,3,2,1,215.090209960938,245.759994506836,0.113662518560886
48,1,1,4,1,0,21728,103.870002746582,0,5,1,1,1,364.731109619141,428.760009765625,0.174626991152763
53,1,1,1,1,0,25316,87.0539855957031,0,1,3,3,0,502.092010498047,511.920013427734,0.0186080075800419
62,0,1,1,1,0,24514,129.709030151367,0,2,1,1,0,465.523803710938,465.529998779297,0.174549385905266
62,1,0,1,2,0,26895,71.5100021362305,0,1,1,NA,0,45.6457633972168,0,0.213763281702995
44,1,1,3,1,0,21276,97.879997253418,0,3,1,1,1,387.83740234375,484.850006103516,0.123368881642818
49,1,0,3,2,0,28749,28.5900001525879,1,1,1,1,1,101.800224304199,102.919998168945,0.17822502553463
36,1,1,2,1,0,22344,106.580001831055,0,1,3,3,0,497.811431884766,508.609985351562,0.0144033869728446
42,1,0,4,2,0,27843,46.2700004577637,0,4,2,3,1,171.627319335938,189.139999389648,0.0443721227347851
41,1,1,3,1,0,20906,104.48999786377,0,3,3,3,1,439.455749511719,402.450012207031,0.0222775880247355
39,1,0,4,2,0,27076,42.0900001525879,0,4,1,2,1,154.167694091797,164.550003051758,0.181002601981163
52,1,1,1,1,0,22968,39.7900009155273,1,1,2,3,0,190.590438842773,302.209991455078,0.017355402931571
NA,1,0,2,3,0,29323,76.7992706298828,0,1,3,3,0,988.222290039062,984.859985351562,0.0303501505404711
49,1,1,1,1,0,21353,91.2971420288086,0,1,1,2,0,953.564025878906,850.109985351562,0.0851575210690498
53,0,0,1,2,0,27454,49.4922676086426,1,1,1,3,0,445.677642822266,536.070007324219,0.130976349115372
52,1,1,4,1,0,25741,32.5,1,3,2,2,1,124.725852966309,219.860000610352,0.0489727929234505
61,1,1,1,1,0,22363,97.4800033569336,0,1,2,3,0,358.487609863281,467.559997558594,0.0361862778663635
50,1,0,4,2,0,27101,40.5699996948242,1,4,1,1,1,129.424545288086,207.300003051758,0.227668836712837
44,1,0,4,2,0,28193,41.7799987792969,0,5,1,2,1,149.276290893555,238.970001220703,0.194470122456551
52,1,0,4,2,0,28862,42.1399993896484,1,5,1,1,1,128.455200195312,255.429992675781,0.243563696742058
51,1,0,4,2,0,26722,41.5200004577637,1,1,1,1,1,146.52766418457,264.5,0.235286056995392
46,1,1,4,1,0,20432,121.413047790527,0,3,1,2,1,409.000610351562,401.690002441406,0.164936676621437
59,1,1,3,1,0,20062,105.980003356934,0,3,1,2,1,322.962066650391,346.029998779297,0.224118784070015
53,1,0,3,2,0,27899,58.0200004577637,1,2,1,1,1,188.418594360352,283.5,0.206442087888718
42,1,1,1,1,0,23012,41.2200012207031,0,2,3,3,0,216.795639038086,282.920013427734,0.0106288930401206
42,1,1,2,1,0,22207,141.662979125977,0,1,3,3,0,898.669067382812,823.429992675781,0.0157341063022614
39,1,1,3,1,0,23927,80.7799987792969,0,2,3,2,1,349.343933105469,351.790008544922,0.0214935410767794
40,0,1,4,1,0,25424,31.6499996185303,0,3,1,1,1,125.995346069336,129.729995727539,0.147367998957634
44,1,1,1,1,0,21533,136.608474731445,0,1,3,3,0,924.675842285156,793.890014648438,0.0113522093743086
47,1,0,2,3,0,29036,19.6693344116211,1,1,3,3,0,950.637634277344,966.260009765625,0.0265269987285137
52,1,1,1,1,0,23360,468.600006103516,0,1,2,2,0,210.385803222656,244.570007324219,0.017355402931571
48,1,0,3,2,0,26404,44.189998626709,0,2,1,1,1,162.519485473633,250.970001220703,0.172631964087486
60,1,0,4,2,0,27332,52.1599998474121,1,3,1,3,1,121.582412719727,242.630004882812,0.336660206317902
48,1,0,3,2,0,27537,85.1600036621094,0,1,3,3,1,317.371673583984,318.5,0.0392606109380722
55,1,0,3,3,0,29141,103.870002746582,0,3,3,3,1,330.184020996094,369.570007324219,0.057563129812479
43,1,0,1,2,0,28519,50.3899993896484,0,1,3,3,0,235.590118408203,305.820007324219,0.0158882364630699
57,1,0,2,2,0,27575,NA,NA,NA,NA,NA,0,0,0,NA
47,1,1,2,1,0,22907,68.120002746582,0,1,1,2,0,288.263702392578,329.489990234375,0.10372956097126
42,1,1,1,1,0,20907,43.3899993896484,0,4,1,1,0,208.280960083008,242.350006103516,0.0683941096067429
47,1,1,2,1,0,26102,57.3499984741211,0,2,1,1,0,247.28532409668,377.589996337891,0.10372956097126
58,0,1,2,1,0,25172,NA,NA,NA,NA,NA,0,0,0,NA
55,1,0,3,2,0,26558,82.25,0,4,2,2,1,260.482635498047,342.929992675781,0.0578956827521324
38,0,1,1,1,0,22804,88.5299987792969,0,1,2,2,0,429.837738037109,431.350006103516,0.00985566340386868
55,1,1,4,1,0,21272,44.8499984741211,1,2,1,1,1,143.159576416016,167.979995727539,0.22681026160717
53,1,1,2,1,0,21094,128.450988769531,0,1,1,3,0,830.688171386719,760.219970703125,0.132297292351723
47,1,0,1,3,0,29502,210.704284667969,0,1,1,3,0,492.846527099609,485.959991455078,0.101821884512901
56,1,1,4,1,0,25928,40.3800010681152,1,4,1,1,1,122.453674316406,119.519996643066,0.236975729465485
44,1,0,1,2,0,27073,122.216148376465,0,2,1,1,0,989.968566894531,843,0.0936914309859276
51,1,1,4,1,0,25874,NA,NA,NA,NA,NA,1,0,0,NA
49,1,1,4,1,0,20245,45.0999984741211,0,1,1,NA,1,33.0434722900391,0,0.180260613560677
44,1,1,2,1,0,24465,68.8499984741211,0,1,2,2,0,325.600708007812,322.309997558594,0.016747523099184
44,0,1,2,1,0,23171,NA,NA,NA,NA,NA,0,0,0,NA
43,1,1,3,1,0,24006,125.600570678711,0,3,2,2,1,841.248413085938,733.429992675781,0.0234523471444845
NA,1,1,2,1,0,23961,161.428604125977,0,1,3,3,0,806.887451171875,793.679992675781,0.0303501505404711
63,1,0,3,3,0,29800,NA,NA,NA,NA,NA,1,0,0,NA
43,0,0,1,3,0,29500,105.660003662109,0,1,1,1,0,452.989471435547,473.709991455078,0.0912683382630348
48,0,1,4,1,0,20444,36.8699989318848,1,1,2,2,1,136.679611206055,215.270004272461,0.0400621071457863
41,1,1,3,1,0,20901,43.5,0,3,1,2,1,178.011459350586,352.179992675781,0.116373218595982
62,1,1,4,1,0,20390,91.1100006103516,0,4,1,1,1,223.199081420898,253.460006713867,0.315220385789871
50,1,1,1,1,0,20618,21.5300006866455,1,2,1,1,0,119.227607727051,247.020004272461,0.0888515189290047
55,1,1,1,1,0,20115,51.7599983215332,1,1,1,2,0,214.17366027832,264.269989013672,0.113867744803429
45,1,0,1,3,0,29590,46.5299987792969,0,1,3,2,0,223.693267822266,259.660003662109,0.0169292092323303
53,1,1,4,1,0,22195,35.0699996948242,1,2,2,2,1,123.886329650879,171.5,0.0519145950675011
46,1,1,1,1,0,20892,121.019096374512,0,1,2,2,0,905.198181152344,889.159973144531,0.0123294442892075
49,0,1,1,1,0,22637,85.3417358398438,0,1,1,2,0,885.696655273438,799.210021972656,0.0854051560163498
37,1,0,3,3,0,29215,62.9599990844727,0,1,2,2,1,247.580093383789,316.109985351562,0.0293416455388069
52,1,1,3,1,0,23388,NA,NA,NA,NA,NA,1,0,0,NA
42,1,1,1,1,0,23779,66.379997253418,0,1,2,2,0,326.884155273438,356.440002441406,0.0106288930401206
41,0,0,4,2,0,28696,NA,NA,NA,NA,NA,1,0,0,NA
51,1,0,3,2,0,28059,64.6500015258789,0,1,1,NA,1,43.2432022094727,0,0.191107615828514
50,1,1,1,1,0,25780,85.0999984741211,0,1,3,3,0,394.903503417969,383.920013427734,0.0152560928836465
53,1,0,3,3,0,29103,49.9000015258789,1,3,2,2,1,182.271621704102,282.220001220703,0.050792034715414
45,1,0,4,2,0,26599,43.189998626709,0,4,1,2,1,146.097030639648,155.570007324219,0.198625653982162
50,1,0,4,2,0,28610,100.610000610352,0,5,1,1,1,311.353515625,355.260009765625,0.227668836712837
52,1,1,1,1,0,21506,99.8199996948242,0,1,1,1,0,446.783721923828,438.75,0.0974532663822174
53,1,1,2,1,0,25745,60.9199981689453,0,2,2,2,0,251.494018554688,264.950012207031,0.0267345290631056
42,1,0,3,2,0,27582,105.73999786377,0,1,1,2,1,401.921661376953,501.190002441406,0.149444967508316
55,1,1,1,1,0,23886,NA,NA,NA,NA,NA,0,0,0,NA
40,1,1,4,1,0,21654,64.0637664794922,0,5,1,1,1,472.746612548828,472.019989013672,0.147002473473549
42,1,1,3,1,0,25375,50.6399993896484,0,3,2,3,1,227.523010253906,243.470001220703,0.0228134952485561
55,1,0,3,2,0,27377,101.484161376953,0,1,2,3,1,571.244689941406,592.640014648438,0.0578956827521324
58,1,1,4,1,0,25140,22.5599994659424,1,2,1,1,1,64.9485092163086,191.869995117188,0.259654849767685
42,1,1,1,1,0,25681,88.5899963378906,0,1,2,2,0,445.135284423828,446.239990234375,0.0106288930401206
60,1,0,1,2,0,27586,NA,NA,NA,NA,NA,0,0,0,NA
57,0,1,3,1,0,24340,62.4320220947266,1,2,1,1,1,357.247253417969,347.920013427734,0.202773317694664
43,1,1,4,1,0,25491,75.9800033569336,0,5,1,1,1,288.145477294922,348.260009765625,0.154013589024544
59,1,1,2,1,0,25682,60.310001373291,0,2,2,NA,0,44.0966529846191,0,0.042160589247942
50,1,0,3,3,0,29269,178.516906738281,0,1,3,3,1,837.295349121094,759.030029296875,0.0429701656103134
43,1,1,1,1,0,23049,89.6600036621094,0,2,3,3,0,437.685485839844,446.589996337891,0.0109612951055169
44,1,0,4,2,0,27684,65.3399963378906,0,4,2,3,1,233.223403930664,246.089996337891,0.0467656888067722
47,1,0,4,2,0,27841,61.0433807373047,0,3,1,2,1,478.920440673828,482.609985351562,0.208527475595474
44,1,1,4,1,0,21437,76.533088684082,0,4,3,3,1,757.691284179688,853.580017089844,0.0342614911496639
43,0,1,3,1,0,25333,64.75,0,3,1,2,1,251.631759643555,334.989990234375,0.120989188551903
56,1,1,4,1,0,20592,801.239990234375,0,5,2,1,1,243.920318603516,278.980010986328,0.0628129839897156
52,1,1,1,1,0,24085,46.6199989318848,1,2,3,3,0,220.090682983398,322.690002441406,0.017355402931571
49,0,0,1,2,0,26443,61.7000007629395,0,1,3,3,0,257.921417236328,271.029998779297,0.0206440333276987
50,1,1,3,1,0,20257,46.0999984741211,1,2,3,3,1,189.212020874023,238.289993286133,0.0315255858004093
48,1,0,3,3,0,29184,31.1800003051758,0,3,1,NA,1,22.2578411102295,0,0.17189759016037
50,1,0,1,2,0,28840,56.2900009155273,0,1,2,3,0,251.639572143555,277.670013427734,0.0217497479170561
42,1,1,1,1,0,25086,87.0999984741211,0,2,2,2,0,433.988616943359,464.279998779297,0.0106288930401206
38,1,1,3,1,0,20471,54.5788764953613,0,4,3,3,1,838.410400390625,762.5,0.021237351000309
48,1,0,3,2,0,26545,38.810001373291,0,5,1,NA,1,27.8318786621094,0,0.172631964087486
55,0,1,3,1,0,25235,82.0400009155273,0,2,3,3,1,280.946868896484,340.329986572266,0.0431181564927101
NA,NA,0,4,2,0,28949,NA,NA,NA,NA,NA,1,0,0,NA
54,1,0,4,2,0,27681,44.1699981689453,1,4,1,1,1,127.298347473145,185.160003662109,0.262205898761749
42,1,1,3,1,0,21366,27.8999996185303,0,2,3,3,1,139.220458984375,195.740005493164,0.0228134952485561
50,0,0,4,2,0,26562,103.303871154785,0,5,1,1,1,332.696228027344,331.970001220703,0.228148460388184
39,1,0,4,2,0,27022,23.5,0,5,1,1,1,88.6418685913086,180.320007324219,0.181002601981163
53,1,0,3,3,0,29242,45.0800018310547,1,1,3,3,1,156.94921875,244.839996337891,0.050792034715414
53,0,1,1,1,0,24232,57.5999984741211,1,1,3,3,0,248.706420898438,251.929992675781,0.0186804290860891
NA,1,1,4,1,0,20351,87.6399993896484,0,3,1,1,1,332.385528564453,412.649993896484,0.144536748528481
60,1,0,3,2,0,26823,76.0999984741211,0,1,2,NA,1,65.6414794921875,0,0.0823579132556915
48,0,1,4,1,0,23749,65.1600036621094,0,2,2,2,1,233.953979492188,273.059997558594,0.0400621071457863
49,1,0,4,2,0,26591,37.8499984741211,1,5,3,3,1,133.566665649414,158.699996948242,0.0564385242760181
49,1,1,1,1,0,20596,90.5500030517578,0,4,1,1,0,416.979248046875,387.450012207031,0.0851575210690498
52,1,1,2,1,0,24127,82.1800003051758,0,1,3,3,0,349.459259033203,439.559997558594,0.0250304825603962
NA,1,1,1,1,0,21729,173.061889648438,0,1,3,3,0,1364.2939453125,1158.56005859375,0.0303501505404711
44,1,1,3,1,0,21564,99.0464401245117,0,1,3,3,1,463.470031738281,423.390014648438,0.0242007970809937
50,0,1,2,1,0,22826,NA,NA,NA,NA,NA,0,0,0,NA
48,0,0,3,2,0,26524,95.5199966430664,0,1,1,1,1,333.5390625,354.390014648438,0.173037990927696
46,0,0,1,2,0,28354,83.3399963378906,0,1,3,3,0,368.210601806641,415.399993896484,0.0178370773792267
51,1,1,4,1,0,21963,54.4300003051758,0,2,1,2,1,193.654052734375,238.520004272461,0.193233087658882
43,0,0,3,2,0,27884,74.8899993896484,0,3,1,2,1,267.189575195312,238.25,0.152549311518669
43,1,0,3,3,0,29683,47.0999984741211,0,3,1,2,1,181.052764892578,252.630004882812,0.15149886906147
53,0,0,2,3,0,29399,55.7700004577637,1,1,2,2,0,203.550506591797,265.880004882812,0.0368954390287399
52,1,1,1,1,0,25835,42.0099983215332,1,2,1,1,0,192.945861816406,192.259994506836,0.0974532663822174
55,0,1,3,1,0,25990,73.629997253418,0,2,2,2,1,263.814666748047,297.119995117188,0.0431181564927101
57,1,1,4,1,0,25883,79.3777923583984,0,2,3,3,1,654.135681152344,610.159973144531,0.0672504752874374
44,1,1,4,1,0,22942,61.310001373291,0,2,1,NA,1,45.8149719238281,0,0.157199114561081
40,0,0,2,2,0,27955,66.5100021362305,0,2,2,3,0,282.838592529297,265.920013427734,0.0215182155370712
47,1,0,3,2,0,27435,41.4099998474121,0,1,3,3,1,163.251922607422,169.070007324219,0.0375928096473217
50,1,0,3,2,0,28687,88.4000015258789,0,1,1,2,1,306.151031494141,355.519989013672,0.184374466538429
54,0,0,1,3,0,29458,83.6039810180664,0,1,1,2,0,444.135772705078,479.589996337891,0.136830776929855
47,1,1,1,1,0,20250,42.5099983215332,0,2,1,1,0,196.297653198242,222.800003051758,0.0788489952683449
44,1,1,2,1,0,25673,64.4499969482422,0,1,1,NA,0,57.2414245605469,0,0.0949993953108788
47,1,1,1,1,0,20586,74.620002746582,0,1,3,NA,0,71.0882949829102,0,0.0129278525710106
42,1,1,1,1,0,21584,134.520950317383,0,1,2,2,0,852.009094238281,761.72998046875,0.0106288930401206
40,1,1,3,1,0,23733,49.2999992370605,0,5,1,1,1,206.726638793945,255.669998168945,0.114749625325203
57,1,0,4,3,0,29037,38.4599990844727,1,3,1,NA,1,20.3115367889404,0,0.29478731751442
47,1,1,2,1,0,25989,35.8400001525879,1,2,1,1,0,155.589370727539,217.779998779297,0.10372956097126
59,0,0,3,2,0,28298,18.5200004577637,1,1,1,2,1,48.9802360534668,157.070007324219,0.270178318023682
51,1,1,3,1,0,22575,48.3699989318848,1,2,1,1,1,182.011688232422,197.509994506836,0.15426367521286
49,1,0,4,2,0,28724,NA,NA,NA,NA,NA,1,0,0,NA
43,1,1,2,1,0,25668,162.91780090332,0,1,2,3,0,939.88427734375,870.080017089844,0.0162003077566624
43,1,0,1,3,0,29080,80.370002746582,0,1,2,2,0,378.698272705078,375.959991455078,0.0157740972936153
45,0,1,4,1,0,21636,128.716949462891,0,5,1,1,1,426.815734863281,428.980010986328,0.161221995949745
40,1,1,1,1,0,20668,160.986419677734,0,1,1,1,0,895.96435546875,765.960021972656,0.0660083815455437
54,1,0,4,2,0,28983,109.089996337891,0,4,2,2,1,311.996185302734,426.950012207031,0.0732403099536896
52,1,1,2,1,0,23626,109.290000915527,0,1,2,3,0,450.280059814453,467.170013427734,0.0250304825603962
55,0,1,4,1,0,25379,91.8099975585938,0,4,1,1,1,279.100891113281,263.230010986328,0.227288872003555
42,1,1,4,1,0,25221,81.1999969482422,0,4,1,2,1,307.442199707031,371.119995117188,0.151261359453201
49,1,1,3,1,0,24753,103.519996643066,0,3,2,2,1,415.80224609375,407.309997558594,0.0299070440232754
43,1,1,2,1,0,23132,75.1399993896484,0,3,2,1,0,346.293731689453,352.160003662109,0.0162003077566624
40,0,1,2,1,0,21130,96.0100021362305,0,1,1,2,0,425.63134765625,448.510009765625,0.0881340354681015
45,1,1,1,1,0,20561,38.4500007629395,0,1,3,3,0,199.479843139648,271.209991455078,0.0118063986301422
47,0,1,1,1,0,20329,79.2103652954102,0,1,3,3,0,1225.17102050781,1089.06005859375,0.0129808392375708
50,1,1,1,1,0,23092,84.1020278930664,0,1,1,1,0,607.779113769531,573.409973144531,0.0888515189290047
58,1,0,3,2,0,27012,NA,NA,NA,NA,NA,1,0,0,NA
43,1,0,4,2,0,26826,47.75,0,5,1,1,1,163.510604858398,180.970001220703,0.190820917487144
41,0,1,2,1,0,23663,72.1133499145508,0,1,1,2,0,1124.19287109375,950.559997558594,0.0894742757081985
46,1,1,1,1,0,23274,47.439998626709,0,1,3,3,0,245.114883422852,359,0.0123294442892075
50,1,1,3,1,0,22943,173.613265991211,0,3,1,1,1,442.937683105469,516.75,0.148401319980621
44,1,1,2,1,0,24201,107.87621307373,0,1,3,3,0,855.650512695312,810.590026855469,0.016747523099184
37,1,1,3,1,0,24883,80.9700012207031,0,3,1,1,1,334.371124267578,334.989990234375,0.111866742372513
34,0,0,4,2,0,28629,52.4599990844727,0,3,2,3,1,190.548736572266,272.339996337891,0.0414736419916153
48,1,1,3,1,0,24167,41.1800003051758,1,4,1,1,1,164.663650512695,234.259994506836,0.138228967785835
44,1,1,2,1,0,21165,45.3699989318848,0,3,1,1,0,206.017807006836,187.429992675781,0.0949993953108788
47,1,0,4,2,0,27621,110.741996765137,0,2,1,3,1,637.901489257812,680.700012207031,0.208527475595474
43,1,0,3,3,0,29229,27.0499992370605,0,3,2,2,1,123.09309387207,185.289993286133,0.0324793606996536
44,1,0,4,2,0,28879,24.8500003814697,1,3,1,1,1,94.1035232543945,121.470001220703,0.194470122456551
52,1,1,2,1,0,22800,88.25,0,1,1,2,0,354.903381347656,391.399993896484,0.126327008008957
61,1,1,2,1,0,23552,53.3499984741211,0,1,1,NA,0,35.0701484680176,0,0.203558370471001
50,0,1,3,1,0,24988,52.2799987792969,0,1,2,3,1,200.522918701172,185.649993896484,0.0316383093595505
56,1,0,1,3,0,29520,87.0500030517578,0,1,3,3,0,342.439453125,441.429992675781,0.0323893167078495
50,1,0,2,2,0,28256,81.8527374267578,0,3,2,2,0,434.02685546875,366.709991455078,0.0309781432151794
33,0,1,1,1,0,24445,53.4700012207031,0,1,2,3,0,264.586608886719,271.690002441406,0.00985499378293753
45,0,0,4,2,0,27237,80.2600021362305,0,5,3,3,1,273.317626953125,382.279998779297,0.0484100952744484
46,1,1,3,1,0,24370,70.4400024414062,0,2,3,3,1,291.419372558594,281.989990234375,0.026058966293931
46,1,0,1,2,0,26967,83.6600036621094,0,1,3,3,0,371.773406982422,505.839996337891,0.0177674517035484
55,1,1,3,1,0,25280,16.7000007629395,1,2,1,NA,1,14.5901851654053,0,0.183617144823074
55,1,0,2,2,0,26885,108.26000213623,0,2,1,1,0,374.848449707031,324.059997558594,0.181557834148407
54,1,1,3,1,0,25486,41.560001373291,1,1,2,1,1,166.059646606445,239.429992675781,0.0401590019464493
52,1,0,3,2,0,26716,76.9599990844727,0,3,3,3,1,264.494903564453,257.070007324219,0.0481888316571712
46,0,1,2,1,0,22076,51.4099998474121,0,2,3,3,0,227.341384887695,289.109985351562,0.018181536346674
49,1,1,4,1,0,21268,100.120002746582,0,4,1,2,1,352.854370117188,419.230010986328,0.180260613560677
50,1,1,4,1,0,22197,26.8799991607666,1,4,1,2,1,98.764045715332,189.639999389648,0.186453565955162
49,0,1,1,1,0,20010,31.2700004577637,0,1,1,NA,0,29.2306327819824,0,0.0854051560163498
44,0,1,2,1,0,20938,105.860000610352,0,1,3,3,0,458.762237548828,525.169982910156,0.0168137196451426
41,1,1,3,1,0,24800,47.4900016784668,0,2,1,2,1,201.702789306641,254.419998168945,0.116373218595982
39,1,0,2,3,0,29709,83.5500030517578,0,1,3,3,0,359.238952636719,355.290008544922,0.0209510568529367
NA,1,0,4,2,0,27025,44.0499992370605,0,5,1,1,1,174.681411743164,211.639999389648,0.144536748528481
48,1,1,3,1,0,24321,61.189998626709,0,2,3,3,1,280.457366943359,301.029998779297,0.0284663792699575
46,1,0,3,3,0,29608,64.7200012207031,0,3,2,3,1,251.744415283203,301.399993896484,0.0358876511454582
51,1,1,4,1,0,22852,61.1391830444336,0,4,2,2,1,384.606292724609,532.27001953125,0.0463271252810955
45,0,0,3,3,0,29347,42.5099983215332,0,3,2,3,1,155.155258178711,219.360000610352,0.0347143784165382
42,1,1,4,1,0,25511,24.4300003051758,0,3,1,1,1,105.749145507812,191.960006713867,0.151261359453201
41,1,1,1,1,0,20256,43.2900009155273,0,1,1,1,0,219.319442749023,294.760009765625,0.0670847371220589
45,1,1,3,1,0,23554,100.559997558594,0,2,2,3,1,406.629455566406,378.089996337891,0.025066651403904
54,0,0,4,2,0,27573,73.0800018310547,0,2,1,NA,1,39.2540550231934,0,0.262723386287689
46,1,0,4,2,0,26985,90.7587356567383,0,2,1,2,1,652.462524414062,607.599975585938,0.203305020928383
47,1,1,2,1,0,20377,118.738136291504,0,1,2,3,0,921.322814941406,886.609985351562,0.0189423989504576
42,1,1,4,1,0,21113,97.4245376586914,0,4,1,2,1,417.076049804688,503.910003662109,0.151261359453201
51,0,0,4,2,0,28348,66.8899993896484,0,4,2,1,1,210.61491394043,204.880004882812,0.0623333603143692
53,1,1,1,1,0,21566,103.440002441406,0,1,1,3,0,450.889343261719,397.75,0.10242211073637
57,1,1,2,1,0,25601,65.870002746582,0,1,1,NA,0,178.573806762695,0,0.162160560488701
55,0,1,3,1,0,23357,NA,NA,NA,NA,NA,1,0,0,NA
62,0,1,1,1,0,24447,90.5800018310547,1,1,2,3,0,320.378662109375,329.579986572266,0.0398993939161301
43,1,1,1,1,0,22634,79.3549194335938,0,1,1,1,0,587.064636230469,561.030029296875,0.0699463859200478
51,1,1,3,1,0,23273,52.8800010681152,0,1,2,3,1,217.543823242188,365.049987792969,0.033339399844408
45,1,0,4,2,0,27118,60.9553337097168,0,1,1,3,1,526.82666015625,519.169982910156,0.198625653982162
44,1,1,2,1,0,22698,63.9500007629395,0,2,1,2,0,277.904083251953,297.260009765625,0.0949993953108788
59,1,1,1,1,0,21795,118.216796875,0,1,3,3,0,509.866729736328,475.019989013672,0.0301619172096252
39,1,1,1,1,0,22674,77.7099990844727,0,3,1,1,0,379.010833740234,353.739990234375,0.0651568323373795
48,1,0,2,3,0,29580,NA,NA,NA,NA,NA,0,0,0,NA
45,1,0,2,3,0,29094,91,0,1,3,3,0,374.322143554688,357.579986572266,0.0244489628821611
45,0,1,2,1,0,22819,160.339202880859,0,1,3,3,0,863.2548828125,756.440002441406,0.0174502655863762
52,0,1,2,1,0,25574,51.3300018310547,0,1,1,NA,0,120.332496643066,0,0.126656502485275
53,0,0,4,2,0,26789,37.4099998474121,1,1,1,1,1,97.50927734375,177.320007324219,0.253035575151443
54,0,1,2,1,0,22555,60.0320739746094,1,1,1,1,0,793.698974609375,655.260009765625,0.139179348945618
45,0,0,4,2,0,28963,102.440002441406,0,1,1,1,1,324.581481933594,302.25,0.199068605899811
55,0,0,1,2,0,26933,27.6399993896484,1,1,2,3,0,110.715774536133,187.899993896484,0.0303519703447819
33,1,1,2,1,0,25251,40.8899993896484,0,1,3,3,0,217.923950195312,311.769989013672,0.0145866200327873
40,1,1,4,1,0,24378,50.1399993896484,0,2,1,1,1,190.588562011719,221.410003662109,0.147002473473549
52,1,1,4,1,0,23448,61.6500015258789,0,3,1,1,1,200.188171386719,199.830001831055,0.200628027319908
35,1,0,4,2,0,26518,43.7799987792969,0,5,1,1,1,152.997833251953,335.640014648438,0.178376957774162
56,1,1,1,1,0,24534,27.3700008392334,1,1,1,1,0,125.570236206055,165.619995117188,0.120421066880226
43,0,0,1,3,0,29223,105.900001525879,0,1,1,2,0,466.901428222656,442.690002441406,0.0912683382630348
56,1,0,4,2,0,27181,33.2099990844727,1,4,1,NA,1,18.4026927947998,0,0.28380686044693
44,0,1,3,1,0,23857,71.19921875,0,4,1,1,1,473.553894042969,462.380004882812,0.123693019151688
48,1,1,4,1,0,23488,54.5800018310547,0,4,1,1,1,202.440704345703,203.080001831055,0.174626991152763
42,1,1,3,1,0,22049,95.9899978637695,0,2,3,3,1,402.272338867188,443.630004882812,0.0228134952485561
47,1,1,3,1,0,23203,22.3999996185303,1,2,1,1,1,94.4350891113281,223.5,0.133864060044289
47,1,0,3,3,0,29581,44.8800010681152,0,3,1,1,1,167.732894897461,245.539993286133,0.16684901714325
54,1,1,1,1,0,24855,112.480003356934,0,1,3,3,0,479.227416992188,440.480010986328,0.0200173575431108
60,1,0,4,2,0,27481,48.2700004577637,1,5,1,3,1,113.816116333008,269.589996337891,0.336660206317902
52,1,1,3,1,0,23802,NA,NA,NA,NA,NA,1,0,0,NA
39,1,1,4,1,0,24560,90.3600006103516,0,4,1,1,1,335.600952148438,311.700012207031,0.145473584532738
40,1,0,1,2,0,27078,46.4599990844727,0,3,3,3,0,228.509414672852,367.160003662109,0.0147321866825223
41,1,1,2,1,0,20632,45.5400009155273,0,1,2,2,0,228.115051269531,217.199996948242,0.0153436884284019
56,1,1,4,1,0,20338,49.2700004577637,1,1,2,3,1,163.304290771484,161.990005493164,0.0628129839897156
38,0,0,4,2,0,27977,48.8800010681152,0,4,1,1,1,169.930328369141,312.910003662109,0.180104523897171
55,0,1,4,1,0,23537,39.5137100219727,1,3,1,2,1,380.423980712891,365.309997558594,0.227288872003555
48,1,1,4,1,0,24195,60.4500007629395,0,3,1,NA,1,42.4990730285645,0,0.174626991152763
57,1,0,3,3,0,29592,58.7900009155273,1,1,1,1,1,175.800399780273,235.029998779297,0.244554743170738
46,1,0,3,3,0,29267,80.7772369384766,0,3,1,1,1,758.111328125,681.900024414062,0.162305951118469
49,1,0,4,2,0,26298,87.4400024414062,0,4,1,1,1,267.909912109375,318.600006103516,0.220686390995979
52,1,0,4,2,0,28684,93.5599975585938,0,1,2,1,1,280.322998046875,413.25,0.0654705762863159
42,1,0,4,2,0,28569,50.3298149108887,0,1,3,3,1,567.511291503906,593.400024414062,0.0443721227347851
50,1,1,3,1,0,21472,66.3399963378906,0,1,3,3,1,261.269470214844,326.970001220703,0.0315255858004093
45,1,0,3,2,0,28643,19.3500003814697,1,1,2,2,1,93.3184509277344,174.660003662109,0.0348134785890579
44,1,0,4,2,0,26283,55.8199996948242,0,4,2,2,1,196.277694702148,218.690002441406,0.0467656888067722
59,0,1,1,1,0,20856,61.7000007629395,0,1,1,NA,0,45.6961250305176,0,0.14427325129509
40,1,1,1,1,0,25605,52.6599998474121,0,2,2,2,0,268.366088867188,268.079986572266,0.0101242139935493
50,1,1,1,1,0,22474,158.3603515625,0,1,1,1,0,1549.06140136719,1309.13000488281,0.0888515189290047
34,0,1,2,1,0,25756,65.5632781982422,0,1,2,2,0,918.424499511719,770.599975585938,0.0145224304869771
51,1,1,4,1,0,20835,15.1400003433228,1,2,1,2,1,62.6902809143066,128.300003051758,0.193233087658882
58,1,1,4,1,0,23987,50.7700004577637,1,4,1,2,1,149.811111450195,233.869995117188,0.259654849767685
53,1,1,3,1,0,21896,44.7299995422363,1,2,1,2,1,160.679534912109,286.299987792969,0.16769252717495
40,0,1,2,1,0,23497,80.9199981689453,0,1,1,1,0,358.131591796875,422.089996337891,0.0881340354681015
47,0,1,4,1,0,22823,40.0400009155273,0,4,1,2,1,133.370071411133,221.779998779297,0.169928267598152
61,1,1,2,1,0,25490,95.3499984741211,0,1,3,3,0,324.166412353516,357.359985351562,0.0500370860099792
54,1,0,3,2,0,28891,98.8099975585938,0,1,1,1,1,310.296844482422,404.480010986328,0.2151048630476
NA,0,0,4,2,0,27780,NA,NA,NA,NA,NA,1,0,0,NA
44,1,1,2,1,0,25266,82.8000030517578,0,1,2,3,0,376.604156494141,375.899993896484,0.016747523099184
56,1,0,4,2,0,28152,47.2000007629395,1,4,1,1,1,125.162651062012,186.360000610352,0.28380686044693
61,1,1,3,1,0,20132,40.9900016784668,1,4,1,2,1,117.947761535645,201.990005493164,0.249296605587006
47,1,0,4,2,0,28627,109.190002441406,0,5,2,2,1,364.738677978516,408.299987792969,0.0518624819815159
53,1,1,3,1,0,23657,40.6599998474121,1,2,1,2,1,150.259231567383,192.550003051758,0.16769252717495
50,1,1,3,1,0,22523,42.7400016784668,1,1,1,2,1,167.823516845703,349.049987792969,0.148401319980621
48,1,0,4,2,0,26193,52.8800010681152,0,3,2,2,1,184.867797851562,266.200012207031,0.0540208071470261
53,1,0,2,2,0,28367,42.2400016784668,1,1,2,2,0,169.964401245117,212.330001831055,0.0369996279478073
68,0,0,3,2,0,27175,103.569999694824,1,1,2,2,1,179.889129638672,245.75,0.15675762295723
41,1,0,3,3,0,29047,95.620002746582,0,3,2,3,1,380.049041748047,368.630004882812,0.0309359766542912
43,0,0,3,3,0,29005,NA,NA,NA,NA,NA,1,0,0,NA
38,1,1,1,1,0,24981,71.6800003051758,0,1,3,3,0,359.581481933594,359.869995117188,0.00981395877897739
51,1,0,4,2,0,28461,122.20930480957,0,4,1,2,1,379.738220214844,457.519989013672,0.235286056995392
52,1,1,3,1,0,21455,38.9799995422363,0,4,1,NA,1,29.4655246734619,0,0.160683274269104
51,1,0,1,2,0,28592,69.629997253418,0,1,3,3,0,291.784362792969,314.880004882812,0.0230823382735252
60,1,1,2,1,0,24731,49.6699981689453,0,1,1,NA,0,33.3220596313477,0,0.191976174712181
50,1,0,3,2,0,26426,NA,NA,NA,NA,NA,1,0,0,NA
50,0,0,3,2,0,28119,86.5198059082031,0,1,3,3,1,677.335998535156,623.969970703125,0.0433794930577278
42,0,0,1,2,0,28582,52.7400016784668,0,1,3,3,0,233.61701965332,293.730010986328,0.0154914716258645
43,1,0,1,3,0,29220,802.460021972656,0,1,1,1,0,349.551727294922,363.429992675781,0.0910081043839455
53,1,1,1,1,0,21180,45.939998626709,1,2,3,3,0,211.464508056641,241.990005493164,0.0186080075800419
49,1,0,4,2,0,26990,33.0699996948242,1,4,2,2,1,112.659912109375,154.869995117188,0.0564385242760181
41,1,1,3,1,0,25095,88.0299987792969,0,2,2,3,1,366.171722412109,346.670013427734,0.0222775880247355
45,0,0,3,2,0,28125,39.3300018310547,0,2,1,2,1,140.273193359375,163.309997558594,0.159327358007431
54,1,1,2,1,0,25947,42.8899993896484,1,3,2,2,0,178.550079345703,264.239990234375,0.0286433231085539
39,1,1,2,1,0,24362,59.9099998474121,0,2,3,3,0,286.902801513672,296.899993896484,0.0147735681384802
50,1,0,3,2,0,26431,94.5423431396484,0,1,3,3,1,425.290771484375,467.179992675781,0.043233584612608
33,1,1,1,1,0,23747,42.7400016784668,0,1,1,1,0,215.242523193359,272.119995117188,0.064520426094532
52,0,1,1,1,0,24437,69.1500015258789,0,1,1,2,0,294.428771972656,333.690002441406,0.097726970911026
50,1,1,1,1,0,23466,87.5170211791992,0,4,1,3,0,899.404357910156,796.590026855469,0.0888515189290047
49,1,0,4,2,0,28507,68.2699966430664,0,5,1,1,1,213.96012878418,283.869995117188,0.220686390995979
52,1,0,1,2,0,27887,58.5699996948242,0,2,1,1,0,243.644241333008,311.549987792969,0.124721169471741
48,1,1,1,1,0,20532,93.8707656860352,0,1,3,2,0,800.142211914062,719.989990234375,0.0136091280728579
54,1,1,1,1,0,22842,29.5499992370605,1,1,1,1,0,129.228652954102,166.089996337891,0.107881277799606
47,1,1,3,1,0,22041,NA,NA,NA,NA,NA,1,0,0,NA
56,1,1,4,1,0,22092,67.0199966430664,0,1,1,NA,1,173.193222045898,0,0.236975729465485
51,1,0,4,2,0,28176,102.730003356934,0,5,1,1,1,308.676788330078,383.399993896484,0.235286056995392
42,1,0,3,2,0,26947,47.2900009155273,0,2,2,3,1,192.235244750977,195.720001220703,0.031845785677433
40,1,1,4,1,0,21375,54.1744232177734,0,5,1,1,1,1104.92504882812,984.219970703125,0.147002473473549
41,1,1,3,1,0,20459,NA,NA,NA,NA,NA,1,0,0,NA
49,1,0,4,2,0,26605,47.75,0,3,2,2,1,159.539596557617,196.25,0.0564385242760181
41,1,0,4,2,0,26332,10.3900003433228,1,5,1,1,1,47.5550537109375,166.710006713867,0.184980794787407
53,1,1,2,1,0,22104,85.3899993896484,0,1,2,2,0,350.982269287109,500.570007324219,0.0267345290631056
52,1,1,3,1,0,23579,41.810001373291,1,4,2,2,1,165.101440429688,245.440002441406,0.0353679284453392
49,1,1,3,1,0,23831,188.462051391602,0,4,1,1,1,772.2880859375,716.890014648438,0.143065959215164
43,1,1,3,1,0,25174,34.2279205322266,0,1,1,1,1,751.500305175781,730.849975585938,0.120670042932034
42,1,1,1,1,0,22190,50.3300018310547,0,1,3,3,0,252.376708984375,281.489990234375,0.0106288930401206
49,1,0,1,3,0,29355,208.994674682617,0,1,1,1,0,870.218444824219,798.119995117188,0.109428226947784
58,1,1,1,1,0,25405,62.5999984741211,0,1,2,NA,0,51.265510559082,0,0.027635121718049
39,1,1,4,1,0,24680,110.40958404541,0,5,3,3,1,467.547515869141,506.230010986328,0.0306336097419262
48,1,1,3,1,0,24735,100.160003662109,0,3,2,3,1,395.151519775391,423.309997558594,0.0284663792699575
44,1,0,2,3,0,29691,85.6999969482422,0,1,2,2,0,362.708892822266,378.190002441406,0.0236011203378439
53,1,0,4,2,0,28783,58.6199989318848,1,4,1,1,1,173.118713378906,267.679992675781,0.252528101205826
55,1,1,4,1,0,20553,67.8995819091797,0,5,1,1,1,615.606689453125,558.130004882812,0.22681026160717
34,1,1,2,1,0,25829,48.6100006103516,0,1,2,1,0,238.686935424805,365.290008544922,0.0144640561193228
52,1,1,4,1,0,21252,71.5299987792969,0,3,1,1,1,245.384582519531,256.489990234375,0.200628027319908
53,1,1,1,1,0,23968,54.5800018310547,1,1,1,1,0,244.493896484375,286.100006103516,0.10242211073637
57,1,1,3,1,0,21421,70.5599975585938,1,2,1,1,1,229.048233032227,328.480010986328,0.202325507998466
58,1,1,4,1,0,23211,55.1599998474121,1,4,1,1,1,157.671524047852,208.860000610352,0.259654849767685
41,1,0,3,2,0,27948,51.7599983215332,0,1,2,2,1,214.197769165039,244.440002441406,0.0311373621225357
46,1,1,3,1,0,20041,38.0720176696777,0,1,3,3,1,481.668212890625,567.190002441406,0.026058966293931
52,1,1,3,1,0,22638,51.9300003051758,1,3,2,3,1,201.068603515625,283,0.0353679284453392
50,1,1,1,1,0,24165,70.4788436889648,0,1,1,1,0,885.046203613281,872.489990234375,0.0888515189290047
47,0,0,4,2,0,28379,33.6300010681152,1,2,2,2,1,109.531494140625,264.070007324219,0.0520312823355198
32,1,0,4,2,0,28389,40.8300018310547,0,5,1,1,1,147.938507080078,181.929992675781,0.180993229150772
42,1,0,3,3,0,29665,105.919998168945,0,3,3,3,1,414.488342285156,397.410003662109,0.0316406339406967
41,1,0,4,2,0,26272,68.8899993896484,0,4,2,2,1,252.936660766602,317.179992675781,0.0434426926076412
50,1,1,4,1,0,23173,103.48999786377,0,3,1,1,1,358.950012207031,316.709991455078,0.186453565955162
50,1,0,1,2,0,28669,NA,NA,NA,NA,NA,0,0,0,NA
45,1,0,1,2,0,28111,46.7099990844727,0,1,2,2,0,225.127624511719,266.089996337891,0.0170504543930292
52,1,1,3,1,0,25736,101.458190917969,0,2,3,3,1,1006.55688476562,896.349975585938,0.0353679284453392
38,0,1,3,1,0,22939,88.5,0,3,3,3,1,366.777984619141,385.230010986328,0.0213183611631393
48,0,1,1,1,0,24104,82.3099975585938,0,1,1,2,0,375.557373046875,413.269989013672,0.0820718258619308
57,1,0,1,2,0,28730,NA,NA,NA,NA,NA,0,0,0,NA
44,0,1,4,1,0,20067,NA,NA,NA,NA,NA,1,0,0,NA
52,1,0,2,2,0,28180,40.0299987792969,1,2,1,1,0,153.886947631836,253.179992675781,0.158792808651924
49,1,1,2,1,0,23426,185.886016845703,0,1,1,1,0,680.598205566406,629.260009765625,0.111437477171421
48,1,1,4,1,0,24145,NA,NA,NA,NA,NA,1,0,0,NA
54,1,1,4,1,0,21524,42.9099998474121,1,2,2,1,1,151.529449462891,177.800003051758,0.0551807284355164
51,1,1,1,1,0,21485,NA,NA,NA,NA,NA,0,0,0,NA
58,0,1,1,1,0,21266,121.23844909668,0,1,2,3,0,461.216827392578,457.630004882812,0.0277361739426851
43,0,0,4,2,0,27710,70.1699981689453,0,5,1,1,1,224.148696899414,259.489990234375,0.191253140568733
39,1,1,4,1,0,25209,76.519157409668,0,4,2,3,1,757.611083984375,757.159973144531,0.0306336097419262
49,1,0,1,2,0,26860,NA,NA,NA,NA,NA,0,0,0,NA
51,0,1,4,1,0,23119,50.1200790405273,1,2,1,2,1,414.361511230469,405.269989013672,0.193668693304062
57,1,1,1,1,0,25861,29.5100002288818,1,1,1,NA,0,24.0600471496582,0,0.127583175897598
57,1,0,2,2,0,28640,43.9500007629395,0,2,1,NA,0,29.484338760376,0,0.200139880180359
52,0,1,2,1,0,22711,106.919998168945,0,2,3,3,0,423.716064453125,370.179992675781,0.0251234993338585
50,0,1,3,1,0,21144,51.8899993896484,0,1,1,1,1,192.394714355469,226.610000610352,0.148769170045853
46,0,0,4,2,0,28966,42.0699996948242,0,5,1,1,1,138.105209350586,249.449996948242,0.20375420153141
51,1,1,3,1,0,23086,75.8899993896484,0,2,3,3,1,307.400848388672,275.929992675781,0.033339399844408
54,1,1,1,1,0,21285,61.3899993896484,1,3,1,1,0,258.821350097656,219.660003662109,0.107881277799606
49,1,0,3,2,0,28035,36.75,1,1,1,2,1,134.601867675781,207.759994506836,0.17822502553463
47,0,1,4,1,0,23535,100.019996643066,0,5,1,1,1,345.054443359375,346.880004882812,0.169928267598152
42,1,1,1,1,0,25176,50.189998626709,0,2,3,3,0,260.472412109375,263.239990234375,0.0106288930401206
54,0,0,4,2,0,28149,44.5,1,5,1,2,1,122.644332885742,281.75,0.262723386287689
47,1,1,2,1,0,24146,81.5199966430664,0,1,2,2,0,357.174591064453,401.380004882812,0.0189423989504576
46,1,1,1,1,0,22276,80.4599990844727,0,2,1,1,0,372.928741455078,428.029998779297,0.0761880278587341
